S;p;l
(1, 2, 3, 4, 19);5;19
(1, 2, 3, 5, 19);4;19
(1, 2, 3, 6, 19);4;19
(1, 2, 3, 7, 19);4;19
(1, 2, 3, 8, 19);9;19
(1, 2, 3, 9, 19);4;19
(1, 2, 3, 10, 19);4;19
(1, 2, 3, 11, 19);4;19
(1, 2, 3, 12, 19);13;19
(1, 2, 3, 13, 19);4;19
(1, 2, 3, 14, 19);4;19
(1, 2, 3, 15, 19);4;19
(1, 2, 3, 16, 19);17;19
(1, 2, 3, 17, 19);4;19
(1, 2, 3, 18, 19);4;19
(1, 2, 4, 5, 19);3;19
(1, 2, 4, 6, 19);21;19
(1, 2, 4, 7, 19);3;19
(1, 2, 4, 8, 19);3;19
(1, 2, 4, 9, 19);21;19
(1, 2, 4, 10, 19);3;19
(1, 2, 4, 11, 19);3;19
(1, 2, 4, 12, 19);37;19
(1, 2, 4, 13, 19);3;19
(1, 2, 4, 14, 19);3;19
(1, 2, 4, 15, 19);17;19
(1, 2, 4, 16, 19);3;19
(1, 2, 4, 17, 19);3;19
(1, 2, 4, 18, 19);20;19
(1, 2, 5, 6, 19);7;19
(1, 2, 5, 7, 19);3;19
(1, 2, 5, 8, 19);3;19
(1, 2, 5, 9, 19);10;19
(1, 2, 5, 10, 19);3;19
(1, 2, 5, 11, 19);3;19
(1, 2, 5, 12, 19);20;19
(1, 2, 5, 13, 19);3;19
(1, 2, 5, 14, 19);3;19
(1, 2, 5, 15, 19);20;19
(1, 2, 5, 16, 19);3;19
(1, 2, 5, 17, 19);3;19
(1, 2, 5, 18, 19);23;19
(1, 2, 6, 7, 19);4;19
(1, 2, 6, 8, 19);7;19
(1, 2, 6, 9, 19);7;19
(1, 2, 6, 10, 19);20;19
(1, 2, 6, 11, 19);20;19
(1, 2, 6, 12, 19);7;19
(1, 2, 6, 13, 19);7;19
(1, 2, 6, 14, 19);20;19
(1, 2, 6, 15, 19);7;19
(1, 2, 6, 16, 19);7;19
(1, 2, 6, 17, 19);18;19
(1, 2, 6, 18, 19);24;19
(1, 2, 7, 8, 19);3;19
(1, 2, 7, 9, 19);4;43
(1, 2, 7, 10, 19);3;19
(1, 2, 7, 11, 19);3;19
(1, 2, 7, 12, 19);31;19
(1, 2, 7, 13, 19);3;19
(1, 2, 7, 14, 19);3;19
(1, 2, 7, 15, 19);17;19
(1, 2, 7, 16, 19);3;19
(1, 2, 7, 17, 19);3;19
(1, 2, 7, 18, 19);20;19
(1, 2, 8, 9, 19);10;19
(1, 2, 8, 10, 19);3;19
(1, 2, 8, 11, 19);3;19
(1, 2, 8, 12, 19);20;19
(1, 2, 8, 13, 19);3;19
(1, 2, 8, 14, 19);3;19
(1, 2, 8, 15, 19);20;22
(1, 2, 8, 16, 19);3;19
(1, 2, 8, 17, 19);3;19
(1, 2, 8, 18, 19);26;19
(1, 2, 9, 10, 19);28;19
(1, 2, 9, 11, 19);10;19
(1, 2, 9, 12, 19);10;19
(1, 2, 9, 13, 19);14;19
(1, 2, 9, 14, 19);31;19
(1, 2, 9, 15, 19);10;19
(1, 2, 9, 16, 19);17;19
(1, 2, 9, 17, 19);18;19
(1, 2, 9, 18, 19);10;19
(1, 2, 10, 11, 19);3;19
(1, 2, 10, 12, 19);31;19
(1, 2, 10, 13, 19);3;19
(1, 2, 10, 14, 19);3;19
(1, 2, 10, 15, 19);17;19
(1, 2, 10, 16, 19);3;19
(1, 2, 10, 17, 19);3;19
(1, 2, 10, 18, 19);20;19
(1, 2, 11, 12, 19);10;22
(1, 2, 11, 13, 19);3;19
(1, 2, 11, 14, 19);3;19
(1, 2, 11, 15, 19);10;25
(1, 2, 11, 16, 19);3;19
(1, 2, 11, 17, 19);3;19
(1, 2, 11, 18, 19);29;19
(1, 2, 12, 13, 19);31;19
(1, 2, 12, 14, 19);57;50
(1, 2, 12, 15, 19);20;19
(1, 2, 12, 16, 19);17;19
(1, 2, 12, 17, 19);21;64
(1, 2, 12, 18, 19);20;19
(1, 2, 13, 14, 19);3;19
(1, 2, 13, 15, 19);17;19
(1, 2, 13, 16, 19);3;19
(1, 2, 13, 17, 19);3;19
(1, 2, 13, 18, 19);20;19
(1, 2, 14, 15, 19);33;22
(1, 2, 14, 16, 19);3;19
(1, 2, 14, 17, 19);3;19
(1, 2, 14, 18, 19);32;19
(1, 2, 15, 16, 19);17;19
(1, 2, 15, 17, 19);34;19
(1, 2, 15, 18, 19);20;19
(1, 2, 16, 17, 19);3;19
(1, 2, 16, 18, 19);20;19
(1, 2, 17, 18, 19);35;19
(1, 3, 4, 5, 19);8;19
(1, 3, 4, 6, 19);23;19
(1, 3, 4, 7, 19);8;19
(1, 3, 4, 8, 19);23;19
(1, 3, 4, 9, 19);20;19
(1, 3, 4, 10, 19);20;19
(1, 3, 4, 11, 19);22;19
(1, 3, 4, 12, 19);15;19
(1, 3, 4, 13, 19);23;19
(1, 3, 4, 14, 19);15;19
(1, 3, 4, 15, 19);23;19
(1, 3, 4, 16, 19);20;19
(1, 3, 4, 17, 19);20;19
(1, 3, 4, 18, 19);22;19
(1, 3, 5, 6, 19);11;19
(1, 3, 5, 7, 19);2;19
(1, 3, 5, 8, 19);24;19
(1, 3, 5, 9, 19);2;19
(1, 3, 5, 10, 19);24;19
(1, 3, 5, 11, 19);2;19
(1, 3, 5, 12, 19);24;19
(1, 3, 5, 13, 19);2;19
(1, 3, 5, 14, 19);28;19
(1, 3, 5, 15, 19);2;19
(1, 3, 5, 16, 19);32;19
(1, 3, 5, 17, 19);2;19
(1, 3, 5, 18, 19);36;19
(1, 3, 6, 7, 19);12;19
(1, 3, 6, 8, 19);9;19
(1, 3, 6, 9, 19);12;19
(1, 3, 6, 10, 19);9;19
(1, 3, 6, 11, 19);4;65
(1, 3, 6, 12, 19);9;19
(1, 3, 6, 13, 19);16;19
(1, 3, 6, 14, 19);20;19
(1, 3, 6, 15, 19);9;19
(1, 3, 6, 16, 19);22;19
(1, 3, 6, 17, 19);9;19
(1, 3, 6, 18, 19);24;24
(1, 3, 7, 8, 19);26;19
(1, 3, 7, 9, 19);2;19
(1, 3, 7, 10, 19);26;77
(1, 3, 7, 11, 19);2;19
(1, 3, 7, 12, 19);24;19
(1, 3, 7, 13, 19);2;19
(1, 3, 7, 14, 19);28;19
(1, 3, 7, 15, 19);2;19
(1, 3, 7, 16, 19);32;19
(1, 3, 7, 17, 19);2;19
(1, 3, 7, 18, 19);36;19
(1, 3, 8, 9, 19);16;19
(1, 3, 8, 10, 19);11;19
(1, 3, 8, 11, 19);16;19
(1, 3, 8, 12, 19);11;19
(1, 3, 8, 13, 19);16;19
(1, 3, 8, 14, 19);11;19
(1, 3, 8, 15, 19);18;19
(1, 3, 8, 16, 19);35;19
(1, 3, 8, 17, 19);20;19
(1, 3, 8, 18, 19);37;19
(1, 3, 9, 10, 19);20;19
(1, 3, 9, 11, 19);2;19
(1, 3, 9, 12, 19);24;19
(1, 3, 9, 13, 19);2;19
(1, 3, 9, 14, 19);28;19
(1, 3, 9, 15, 19);2;19
(1, 3, 9, 16, 19);32;19
(1, 3, 9, 17, 19);2;19
(1, 3, 9, 18, 19);36;19
(1, 3, 10, 11, 19);20;19
(1, 3, 10, 12, 19);22;19
(1, 3, 10, 13, 19);20;19
(1, 3, 10, 14, 19);11;21
(1, 3, 10, 15, 19);18;67
(1, 3, 10, 16, 19);35;19
(1, 3, 10, 17, 19);20;19
(1, 3, 10, 18, 19);37;19
(1, 3, 11, 12, 19);24;19
(1, 3, 11, 13, 19);2;19
(1, 3, 11, 14, 19);28;19
(1, 3, 11, 15, 19);2;19
(1, 3, 11, 16, 19);32;19
(1, 3, 11, 17, 19);2;19
(1, 3, 11, 18, 19);36;19
(1, 3, 12, 13, 19);24;19
(1, 3, 12, 14, 19);11;23
(1, 3, 12, 15, 19);24;19
(1, 3, 12, 16, 19);35;21
(1, 3, 12, 17, 19);20;54
(1, 3, 12, 18, 19);37;19
(1, 3, 13, 14, 19);28;19
(1, 3, 13, 15, 19);2;19
(1, 3, 13, 16, 19);32;19
(1, 3, 13, 17, 19);2;19
(1, 3, 13, 18, 19);36;19
(1, 3, 14, 15, 19);28;19
(1, 3, 14, 16, 19);30;30
(1, 3, 14, 17, 19);28;19
(1, 3, 14, 18, 19);32;63
(1, 3, 15, 16, 19);32;19
(1, 3, 15, 17, 19);2;19
(1, 3, 15, 18, 19);36;19
(1, 3, 16, 17, 19);32;19
(1, 3, 16, 18, 19);34;19
(1, 3, 17, 18, 19);36;19
(1, 4, 5, 6, 19);9;19
(1, 4, 5, 7, 19);8;19
(1, 4, 5, 8, 19);9;19
(1, 4, 5, 9, 19);8;19
(1, 4, 5, 10, 19);3;26
(1, 4, 5, 11, 19);8;19
(1, 4, 5, 12, 19);8;19
(1, 4, 5, 13, 19);8;19
(1, 4, 5, 14, 19);3;44
(1, 4, 5, 15, 19);8;19
(1, 4, 5, 16, 19);60;35
(1, 4, 5, 17, 19);8;19
(1, 4, 5, 18, 19);22;19
(1, 4, 6, 7, 19);13;19
(1, 4, 6, 8, 19);27;19
(1, 4, 6, 9, 19);5;19
(1, 4, 6, 10, 19);23;19
(1, 4, 6, 11, 19);5;19
(1, 4, 6, 12, 19);18;19
(1, 4, 6, 13, 19);32;19
(1, 4, 6, 14, 19);5;19
(1, 4, 6, 15, 19);51;20
(1, 4, 6, 16, 19);5;19
(1, 4, 6, 17, 19);23;19
(1, 4, 6, 18, 19);37;19
(1, 4, 7, 8, 19);36;19
(1, 4, 7, 9, 19);26;19
(1, 4, 7, 10, 19);20;21
(1, 4, 7, 11, 19);18;19
(1, 4, 7, 12, 19);26;23
(1, 4, 7, 13, 19);20;21
(1, 4, 7, 14, 19);26;19
(1, 4, 7, 15, 19);34;19
(1, 4, 7, 16, 19);20;25
(1, 4, 7, 17, 19);26;19
(1, 4, 7, 18, 19);58;19
(1, 4, 8, 9, 19);27;19
(1, 4, 8, 10, 19);23;19
(1, 4, 8, 11, 19);27;19
(1, 4, 8, 12, 19);16;23
(1, 4, 8, 13, 19);32;33
(1, 4, 8, 14, 19);27;19
(1, 4, 8, 15, 19);23;19
(1, 4, 8, 16, 19);27;19
(1, 4, 8, 17, 19);23;19
(1, 4, 8, 18, 19);37;48
(1, 4, 9, 10, 19);49;19
(1, 4, 9, 11, 19);5;19
(1, 4, 9, 12, 19);31;19
(1, 4, 9, 13, 19);32;19
(1, 4, 9, 14, 19);5;19
(1, 4, 9, 15, 19);46;19
(1, 4, 9, 16, 19);5;19
(1, 4, 9, 17, 19);18;19
(1, 4, 9, 18, 19);37;19
(1, 4, 10, 11, 19);49;60
(1, 4, 10, 12, 19);29;23
(1, 4, 10, 13, 19);20;48
(1, 4, 10, 14, 19);49;19
(1, 4, 10, 15, 19);59;19
(1, 4, 10, 16, 19);20;19
(1, 4, 10, 17, 19);34;50
(1, 4, 10, 18, 19);58;20
(1, 4, 11, 12, 19);23;19
(1, 4, 11, 13, 19);32;19
(1, 4, 11, 14, 19);5;19
(1, 4, 11, 15, 19);28;25
(1, 4, 11, 16, 19);5;19
(1, 4, 11, 17, 19);28;19
(1, 4, 11, 18, 19);37;19
(1, 4, 12, 13, 19);25;43
(1, 4, 12, 14, 19);31;19
(1, 4, 12, 15, 19);34;19
(1, 4, 12, 16, 19);28;19
(1, 4, 12, 17, 19);31;19
(1, 4, 12, 18, 19);30;23
(1, 4, 13, 14, 19);32;19
(1, 4, 13, 15, 19);28;19
(1, 4, 13, 16, 19);32;19
(1, 4, 13, 17, 19);28;27
(1, 4, 13, 18, 19);32;19
(1, 4, 14, 15, 19);46;19
(1, 4, 14, 16, 19);5;19
(1, 4, 14, 17, 19);18;19
(1, 4, 14, 18, 19);37;19
(1, 4, 15, 16, 19);30;19
(1, 4, 15, 17, 19);34;27
(1, 4, 15, 18, 19);32;25
(1, 4, 16, 17, 19);33;19
(1, 4, 16, 18, 19);37;19
(1, 4, 17, 18, 19);35;19
(1, 5, 6, 7, 19);12;19
(1, 5, 6, 8, 19);11;19
(1, 5, 6, 9, 19);12;19
(1, 5, 6, 10, 19);11;19
(1, 5, 6, 11, 19);12;19
(1, 5, 6, 12, 19);11;19
(1, 5, 6, 13, 19);7;22
(1, 5, 6, 14, 19);11;19
(1, 5, 6, 15, 19);20;19
(1, 5, 6, 16, 19);11;19
(1, 5, 6, 17, 19);11;19
(1, 5, 6, 18, 19);24;19
(1, 5, 7, 8, 19);26;19
(1, 5, 7, 9, 19);2;19
(1, 5, 7, 10, 19);3;58
(1, 5, 7, 11, 19);2;19
(1, 5, 7, 12, 19);24;19
(1, 5, 7, 13, 19);2;19
(1, 5, 7, 14, 19);28;19
(1, 5, 7, 15, 19);2;19
(1, 5, 7, 16, 19);32;19
(1, 5, 7, 17, 19);2;19
(1, 5, 7, 18, 19);36;19
(1, 5, 8, 9, 19);16;19
(1, 5, 8, 10, 19);24;19
(1, 5, 8, 11, 19);16;19
(1, 5, 8, 12, 19);24;19
(1, 5, 8, 13, 19);16;19
(1, 5, 8, 14, 19);24;19
(1, 5, 8, 15, 19);20;45
(1, 5, 8, 16, 19);24;19
(1, 5, 8, 17, 19);22;19
(1, 5, 8, 18, 19);37;19
(1, 5, 9, 10, 19);20;19
(1, 5, 9, 11, 19);2;19
(1, 5, 9, 12, 19);24;19
(1, 5, 9, 13, 19);2;19
(1, 5, 9, 14, 19);28;19
(1, 5, 9, 15, 19);2;19
(1, 5, 9, 16, 19);32;19
(1, 5, 9, 17, 19);2;19
(1, 5, 9, 18, 19);36;19
(1, 5, 10, 11, 19);20;19
(1, 5, 10, 12, 19);24;19
(1, 5, 10, 13, 19);20;19
(1, 5, 10, 14, 19);24;19
(1, 5, 10, 15, 19);20;19
(1, 5, 10, 16, 19);24;36
(1, 5, 10, 17, 19);22;19
(1, 5, 10, 18, 19);37;38
(1, 5, 11, 12, 19);24;19
(1, 5, 11, 13, 19);2;19
(1, 5, 11, 14, 19);28;19
(1, 5, 11, 15, 19);2;19
(1, 5, 11, 16, 19);32;19
(1, 5, 11, 17, 19);2;19
(1, 5, 11, 18, 19);36;19
(1, 5, 12, 13, 19);24;19
(1, 5, 12, 14, 19);24;89
(1, 5, 12, 15, 19);24;19
(1, 5, 12, 16, 19);17;50
(1, 5, 12, 17, 19);24;19
(1, 5, 12, 18, 19);30;29
(1, 5, 13, 14, 19);28;19
(1, 5, 13, 15, 19);2;19
(1, 5, 13, 16, 19);32;19
(1, 5, 13, 17, 19);2;19
(1, 5, 13, 18, 19);36;19
(1, 5, 14, 15, 19);28;19
(1, 5, 14, 16, 19);30;19
(1, 5, 14, 17, 19);28;19
(1, 5, 14, 18, 19);32;19
(1, 5, 15, 16, 19);32;19
(1, 5, 15, 17, 19);2;19
(1, 5, 15, 18, 19);36;19
(1, 5, 16, 17, 19);32;19
(1, 5, 16, 18, 19);34;19
(1, 5, 17, 18, 19);36;19
(1, 6, 7, 8, 19);13;19
(1, 6, 7, 9, 19);12;19
(1, 6, 7, 10, 19);13;19
(1, 6, 7, 11, 19);12;19
(1, 6, 7, 12, 19);13;19
(1, 6, 7, 13, 19);12;19
(1, 6, 7, 14, 19);13;38
(1, 6, 7, 15, 19);12;19
(1, 6, 7, 16, 19);35;67
(1, 6, 7, 17, 19);12;19
(1, 6, 7, 18, 19);12;19
(1, 6, 8, 9, 19);27;19
(1, 6, 8, 10, 19);25;19
(1, 6, 8, 11, 19);27;26
(1, 6, 8, 12, 19);18;19
(1, 6, 8, 13, 19);32;19
(1, 6, 8, 14, 19);20;19
(1, 6, 8, 15, 19);25;25
(1, 6, 8, 16, 19);27;34
(1, 6, 8, 17, 19);25;19
(1, 6, 8, 18, 19);168;26
(1, 6, 9, 10, 19);51;19
(1, 6, 9, 11, 19);5;21
(1, 6, 9, 12, 19);18;33
(1, 6, 9, 13, 19);32;19
(1, 6, 9, 14, 19);5;19
(1, 6, 9, 15, 19);28;55
(1, 6, 9, 16, 19);5;21
(1, 6, 9, 17, 19);23;19
(1, 6, 9, 18, 19);37;19
(1, 6, 10, 11, 19);29;19
(1, 6, 10, 12, 19);18;19
(1, 6, 10, 13, 19);32;19
(1, 6, 10, 14, 19);20;19
(1, 6, 10, 15, 19);25;19
(1, 6, 10, 16, 19);98;62
(1, 6, 10, 17, 19);25;19
(1, 6, 10, 18, 19);96;19
(1, 6, 11, 12, 19);40;38
(1, 6, 11, 13, 19);32;19
(1, 6, 11, 14, 19);5;21
(1, 6, 11, 15, 19);30;19
(1, 6, 11, 16, 19);5;21
(1, 6, 11, 17, 19);30;19
(1, 6, 11, 18, 19);29;35
(1, 6, 12, 13, 19);25;19
(1, 6, 12, 14, 19);20;19
(1, 6, 12, 15, 19);9;19
(1, 6, 12, 16, 19);22;61
(1, 6, 12, 17, 19);18;19
(1, 6, 12, 18, 19);30;120
(1, 6, 13, 14, 19);27;19
(1, 6, 13, 15, 19);32;19
(1, 6, 13, 16, 19);32;41
(1, 6, 13, 17, 19);32;19
(1, 6, 13, 18, 19);103;26
(1, 6, 14, 15, 19);29;20
(1, 6, 14, 16, 19);22;61
(1, 6, 14, 17, 19);20;20
(1, 6, 14, 18, 19);20;57
(1, 6, 15, 16, 19);34;19
(1, 6, 15, 17, 19);25;25
(1, 6, 15, 18, 19);36;33
(1, 6, 16, 17, 19);54;42
(1, 6, 16, 18, 19);24;75
(1, 6, 17, 18, 19);36;19
(1, 7, 8, 9, 19);16;19
(1, 7, 8, 10, 19);29;20
(1, 7, 8, 11, 19);16;19
(1, 7, 8, 12, 19);20;33
(1, 7, 8, 13, 19);16;19
(1, 7, 8, 14, 19);26;19
(1, 7, 8, 15, 19);16;19
(1, 7, 8, 16, 19);26;19
(1, 7, 8, 17, 19);38;19
(1, 7, 8, 18, 19);26;19
(1, 7, 9, 10, 19);20;19
(1, 7, 9, 11, 19);2;19
(1, 7, 9, 12, 19);24;19
(1, 7, 9, 13, 19);2;19
(1, 7, 9, 14, 19);28;19
(1, 7, 9, 15, 19);2;19
(1, 7, 9, 16, 19);32;19
(1, 7, 9, 17, 19);2;19
(1, 7, 9, 18, 19);36;19
(1, 7, 10, 11, 19);20;19
(1, 7, 10, 12, 19);26;33
(1, 7, 10, 13, 19);20;19
(1, 7, 10, 14, 19);26;19
(1, 7, 10, 15, 19);20;19
(1, 7, 10, 16, 19);26;19
(1, 7, 10, 17, 19);20;19
(1, 7, 10, 18, 19);26;94
(1, 7, 11, 12, 19);24;19
(1, 7, 11, 13, 19);2;19
(1, 7, 11, 14, 19);28;19
(1, 7, 11, 15, 19);2;19
(1, 7, 11, 16, 19);32;19
(1, 7, 11, 17, 19);2;19
(1, 7, 11, 18, 19);36;19
(1, 7, 12, 13, 19);24;19
(1, 7, 12, 14, 19);26;19
(1, 7, 12, 15, 19);24;19
(1, 7, 12, 16, 19);28;19
(1, 7, 12, 17, 19);24;19
(1, 7, 12, 18, 19);30;19
(1, 7, 13, 14, 19);28;19
(1, 7, 13, 15, 19);2;19
(1, 7, 13, 16, 19);32;19
(1, 7, 13, 17, 19);2;19
(1, 7, 13, 18, 19);36;19
(1, 7, 14, 15, 19);28;19
(1, 7, 14, 16, 19);30;19
(1, 7, 14, 17, 19);28;19
(1, 7, 14, 18, 19);32;19
(1, 7, 15, 16, 19);32;19
(1, 7, 15, 17, 19);2;19
(1, 7, 15, 18, 19);36;19
(1, 7, 16, 17, 19);32;19
(1, 7, 16, 18, 19);34;19
(1, 7, 17, 18, 19);36;19
(1, 8, 9, 10, 19);71;60
(1, 8, 9, 11, 19);16;19
(1, 8, 9, 12, 19);20;36
(1, 8, 9, 13, 19);16;19
(1, 8, 9, 14, 19);27;48
(1, 8, 9, 15, 19);16;19
(1, 8, 9, 16, 19);27;50
(1, 8, 9, 17, 19);16;19
(1, 8, 9, 18, 19);26;19
(1, 8, 10, 11, 19);52;27
(1, 8, 10, 12, 19);20;19
(1, 8, 10, 13, 19);32;19
(1, 8, 10, 14, 19);11;22
(1, 8, 10, 15, 19);34;19
(1, 8, 10, 16, 19);35;24
(1, 8, 10, 17, 19);9;19
(1, 8, 10, 18, 19);37;26
(1, 8, 11, 12, 19);89;81
(1, 8, 11, 13, 19);30;28
(1, 8, 11, 14, 19);47;131
(1, 8, 11, 15, 19);16;41
(1, 8, 11, 16, 19);27;29
(1, 8, 11, 17, 19);52;28
(1, 8, 11, 18, 19);116;42
(1, 8, 12, 13, 19);20;29
(1, 8, 12, 14, 19);11;22
(1, 8, 12, 15, 19);27;19
(1, 8, 12, 16, 19);35;24
(1, 8, 12, 17, 19);29;19
(1, 8, 12, 18, 19);37;26
(1, 8, 13, 14, 19);80;23
(1, 8, 13, 15, 19);32;19
(1, 8, 13, 16, 19);29;19
(1, 8, 13, 17, 19);32;19
(1, 8, 13, 18, 19);98;19
(1, 8, 14, 15, 19);29;19
(1, 8, 14, 16, 19);35;24
(1, 8, 14, 17, 19);31;19
(1, 8, 14, 18, 19);37;26
(1, 8, 15, 16, 19);31;19
(1, 8, 15, 17, 19);34;19
(1, 8, 15, 18, 19);69;28
(1, 8, 16, 17, 19);33;19
(1, 8, 16, 18, 19);37;26
(1, 8, 17, 18, 19);35;19
(1, 9, 10, 11, 19);20;19
(1, 9, 10, 12, 19);22;19
(1, 9, 10, 13, 19);20;19
(1, 9, 10, 14, 19);24;19
(1, 9, 10, 15, 19);20;19
(1, 9, 10, 16, 19);26;19
(1, 9, 10, 17, 19);20;19
(1, 9, 10, 18, 19);28;19
(1, 9, 11, 12, 19);24;19
(1, 9, 11, 13, 19);2;19
(1, 9, 11, 14, 19);28;19
(1, 9, 11, 15, 19);2;19
(1, 9, 11, 16, 19);32;19
(1, 9, 11, 17, 19);2;19
(1, 9, 11, 18, 19);36;19
(1, 9, 12, 13, 19);24;19
(1, 9, 12, 14, 19);26;19
(1, 9, 12, 15, 19);24;19
(1, 9, 12, 16, 19);28;19
(1, 9, 12, 17, 19);24;19
(1, 9, 12, 18, 19);30;19
(1, 9, 13, 14, 19);28;19
(1, 9, 13, 15, 19);2;19
(1, 9, 13, 16, 19);32;19
(1, 9, 13, 17, 19);2;19
(1, 9, 13, 18, 19);36;19
(1, 9, 14, 15, 19);28;19
(1, 9, 14, 16, 19);30;19
(1, 9, 14, 17, 19);28;19
(1, 9, 14, 18, 19);32;19
(1, 9, 15, 16, 19);32;19
(1, 9, 15, 17, 19);2;19
(1, 9, 15, 18, 19);36;19
(1, 9, 16, 17, 19);32;19
(1, 9, 16, 18, 19);34;19
(1, 9, 17, 18, 19);36;19
(1, 10, 11, 12, 19);22;19
(1, 10, 11, 13, 19);20;19
(1, 10, 11, 14, 19);24;19
(1, 10, 11, 15, 19);20;19
(1, 10, 11, 16, 19);26;19
(1, 10, 11, 17, 19);20;19
(1, 10, 11, 18, 19);28;19
(1, 10, 12, 13, 19);51;31
(1, 10, 12, 14, 19);33;19
(1, 10, 12, 15, 19);27;19
(1, 10, 12, 16, 19);35;19
(1, 10, 12, 17, 19);29;19
(1, 10, 12, 18, 19);37;19
(1, 10, 13, 14, 19);53;137
(1, 10, 13, 15, 19);34;31
(1, 10, 13, 16, 19);29;19
(1, 10, 13, 17, 19);52;19
(1, 10, 13, 18, 19);31;19
(1, 10, 14, 15, 19);29;19
(1, 10, 14, 16, 19);35;19
(1, 10, 14, 17, 19);31;19
(1, 10, 14, 18, 19);37;19
(1, 10, 15, 16, 19);31;19
(1, 10, 15, 17, 19);34;19
(1, 10, 15, 18, 19);33;19
(1, 10, 16, 17, 19);33;19
(1, 10, 16, 18, 19);37;19
(1, 10, 17, 18, 19);35;19
(1, 11, 12, 13, 19);24;19
(1, 11, 12, 14, 19);26;19
(1, 11, 12, 15, 19);24;19
(1, 11, 12, 16, 19);28;19
(1, 11, 12, 17, 19);24;19
(1, 11, 12, 18, 19);30;19
(1, 11, 13, 14, 19);28;19
(1, 11, 13, 15, 19);2;19
(1, 11, 13, 16, 19);32;19
(1, 11, 13, 17, 19);2;19
(1, 11, 13, 18, 19);36;19
(1, 11, 14, 15, 19);28;19
(1, 11, 14, 16, 19);30;19
(1, 11, 14, 17, 19);28;19
(1, 11, 14, 18, 19);32;19
(1, 11, 15, 16, 19);32;19
(1, 11, 15, 17, 19);2;19
(1, 11, 15, 18, 19);36;19
(1, 11, 16, 17, 19);32;19
(1, 11, 16, 18, 19);34;19
(1, 11, 17, 18, 19);36;19
(1, 12, 13, 14, 19);26;19
(1, 12, 13, 15, 19);24;19
(1, 12, 13, 16, 19);28;19
(1, 12, 13, 17, 19);24;19
(1, 12, 13, 18, 19);30;19
(1, 12, 14, 15, 19);33;25
(1, 12, 14, 16, 19);35;19
(1, 12, 14, 17, 19);31;19
(1, 12, 14, 18, 19);37;19
(1, 12, 15, 16, 19);61;89
(1, 12, 15, 17, 19);27;31
(1, 12, 15, 18, 19);33;19
(1, 12, 16, 17, 19);33;19
(1, 12, 16, 18, 19);37;19
(1, 12, 17, 18, 19);35;19
(1, 13, 14, 15, 19);28;19
(1, 13, 14, 16, 19);30;19
(1, 13, 14, 17, 19);28;19
(1, 13, 14, 18, 19);32;19
(1, 13, 15, 16, 19);32;19
(1, 13, 15, 17, 19);2;19
(1, 13, 15, 18, 19);36;19
(1, 13, 16, 17, 19);32;19
(1, 13, 16, 18, 19);34;19
(1, 13, 17, 18, 19);36;19
(1, 14, 15, 16, 19);30;19
(1, 14, 15, 17, 19);28;19
(1, 14, 15, 18, 19);32;19
(1, 14, 16, 17, 19);33;19
(1, 14, 16, 18, 19);37;19
(1, 14, 17, 18, 19);35;19
(1, 15, 16, 17, 19);32;19
(1, 15, 16, 18, 19);34;19
(1, 15, 17, 18, 19);36;19
(1, 16, 17, 18, 19);34;19
(2, 3, 4, 5, 19);7;19
(2, 3, 4, 6, 19);8;19
(2, 3, 4, 7, 19);11;19
(2, 3, 4, 8, 19);23;19
(2, 3, 4, 9, 19);23;19
(2, 3, 4, 10, 19);29;19
(2, 3, 4, 11, 19);21;19
(2, 3, 4, 12, 19);7;19
(2, 3, 4, 13, 19);17;19
(2, 3, 4, 14, 19);23;19
(2, 3, 4, 15, 19);23;19
(2, 3, 4, 16, 19);35;19
(2, 3, 4, 17, 19);21;19
(2, 3, 4, 18, 19);21;19
(2, 3, 5, 6, 19);8;19
(2, 3, 5, 7, 19);4;34
(2, 3, 5, 8, 19);17;30
(2, 3, 5, 9, 19);7;19
(2, 3, 5, 10, 19);7;19
(2, 3, 5, 11, 19);7;19
(2, 3, 5, 12, 19);7;19
(2, 3, 5, 13, 19);15;19
(2, 3, 5, 14, 19);16;19
(2, 3, 5, 15, 19);24;19
(2, 3, 5, 16, 19);7;19
(2, 3, 5, 17, 19);7;19
(2, 3, 5, 18, 19);7;19
(2, 3, 6, 7, 19);22;19
(2, 3, 6, 8, 19);25;19
(2, 3, 6, 9, 19);52;52
(2, 3, 6, 10, 19);13;19
(2, 3, 6, 11, 19);22;19
(2, 3, 6, 12, 19);31;19
(2, 3, 6, 13, 19);16;21
(2, 3, 6, 14, 19);17;19
(2, 3, 6, 15, 19);22;19
(2, 3, 6, 16, 19);22;19
(2, 3, 6, 17, 19);88;19
(2, 3, 6, 18, 19);21;19
(2, 3, 7, 8, 19);26;19
(2, 3, 7, 9, 19);16;19
(2, 3, 7, 10, 19);13;35
(2, 3, 7, 11, 19);22;34
(2, 3, 7, 12, 19);31;19
(2, 3, 7, 13, 19);26;19
(2, 3, 7, 14, 19);21;19
(2, 3, 7, 15, 19);22;19
(2, 3, 7, 16, 19);87;28
(2, 3, 7, 17, 19);36;19
(2, 3, 7, 18, 19);26;19
(2, 3, 8, 9, 19);11;19
(2, 3, 8, 10, 19);29;19
(2, 3, 8, 11, 19);27;20
(2, 3, 8, 12, 19);31;19
(2, 3, 8, 13, 19);21;19
(2, 3, 8, 14, 19);16;19
(2, 3, 8, 15, 19);17;19
(2, 3, 8, 16, 19);146;28
(2, 3, 8, 17, 19);36;19
(2, 3, 8, 18, 19);21;19
(2, 3, 9, 10, 19);29;19
(2, 3, 9, 11, 19);5;77
(2, 3, 9, 12, 19);21;19
(2, 3, 9, 13, 19);11;19
(2, 3, 9, 14, 19);11;19
(2, 3, 9, 15, 19);17;19
(2, 3, 9, 16, 19);35;38
(2, 3, 9, 17, 19);26;25
(2, 3, 9, 18, 19);27;19
(2, 3, 10, 11, 19);13;24
(2, 3, 10, 12, 19);7;34
(2, 3, 10, 13, 19);32;63
(2, 3, 10, 14, 19);29;19
(2, 3, 10, 15, 19);13;60
(2, 3, 10, 16, 19);35;73
(2, 3, 10, 17, 19);101;21
(2, 3, 10, 18, 19);21;40
(2, 3, 11, 12, 19);31;45
(2, 3, 11, 13, 19);52;62
(2, 3, 11, 14, 19);22;44
(2, 3, 11, 15, 19);22;19
(2, 3, 11, 16, 19);22;36
(2, 3, 11, 17, 19);34;114
(2, 3, 11, 18, 19);21;26
(2, 3, 12, 13, 19);31;19
(2, 3, 12, 14, 19);26;19
(2, 3, 12, 15, 19);27;19
(2, 3, 12, 16, 19);32;42
(2, 3, 12, 17, 19);36;19
(2, 3, 12, 18, 19);31;19
(2, 3, 13, 14, 19);16;19
(2, 3, 13, 15, 19);28;19
(2, 3, 13, 16, 19);32;19
(2, 3, 13, 17, 19);36;19
(2, 3, 13, 18, 19);21;19
(2, 3, 14, 15, 19);17;19
(2, 3, 14, 16, 19);5;162
(2, 3, 14, 17, 19);31;19
(2, 3, 14, 18, 19);16;19
(2, 3, 15, 16, 19);22;62
(2, 3, 15, 17, 19);31;25
(2, 3, 15, 18, 19);21;57
(2, 3, 16, 17, 19);68;32
(2, 3, 16, 18, 19);67;67
(2, 3, 17, 18, 19);36;19
(2, 4, 5, 6, 19);8;19
(2, 4, 5, 7, 19);3;20
(2, 4, 5, 8, 19);33;19
(2, 4, 5, 9, 19);7;19
(2, 4, 5, 10, 19);7;19
(2, 4, 5, 11, 19);7;19
(2, 4, 5, 12, 19);7;19
(2, 4, 5, 13, 19);15;19
(2, 4, 5, 14, 19);16;19
(2, 4, 5, 15, 19);20;33
(2, 4, 5, 16, 19);7;19
(2, 4, 5, 17, 19);7;19
(2, 4, 5, 18, 19);7;19
(2, 4, 6, 7, 19);21;20
(2, 4, 6, 8, 19);21;19
(2, 4, 6, 9, 19);21;19
(2, 4, 6, 10, 19);8;19
(2, 4, 6, 11, 19);8;19
(2, 4, 6, 12, 19);8;19
(2, 4, 6, 13, 19);8;19
(2, 4, 6, 14, 19);8;19
(2, 4, 6, 15, 19);17;19
(2, 4, 6, 16, 19);18;20
(2, 4, 6, 17, 19);21;20
(2, 4, 6, 18, 19);8;19
(2, 4, 7, 8, 19);11;19
(2, 4, 7, 9, 19);11;19
(2, 4, 7, 10, 19);3;19
(2, 4, 7, 11, 19);23;19
(2, 4, 7, 12, 19);23;19
(2, 4, 7, 13, 19);3;19
(2, 4, 7, 14, 19);21;19
(2, 4, 7, 15, 19);17;19
(2, 4, 7, 16, 19);3;19
(2, 4, 7, 17, 19);3;23
(2, 4, 7, 18, 19);20;23
(2, 4, 8, 9, 19);23;19
(2, 4, 8, 10, 19);3;26
(2, 4, 8, 11, 19);80;19
(2, 4, 8, 12, 19);16;19
(2, 4, 8, 13, 19);17;19
(2, 4, 8, 14, 19);23;19
(2, 4, 8, 15, 19);23;19
(2, 4, 8, 16, 19);3;26
(2, 4, 8, 17, 19);118;19
(2, 4, 8, 18, 19);22;19
(2, 4, 9, 10, 19);29;19
(2, 4, 9, 11, 19);7;25
(2, 4, 9, 12, 19);21;19
(2, 4, 9, 13, 19);17;19
(2, 4, 9, 14, 19);23;19
(2, 4, 9, 15, 19);23;19
(2, 4, 9, 16, 19);35;19
(2, 4, 9, 17, 19);27;19
(2, 4, 9, 18, 19);22;23
(2, 4, 10, 11, 19);21;19
(2, 4, 10, 12, 19);7;19
(2, 4, 10, 13, 19);3;19
(2, 4, 10, 14, 19);29;19
(2, 4, 10, 15, 19);29;19
(2, 4, 10, 16, 19);3;20
(2, 4, 10, 17, 19);3;77
(2, 4, 10, 18, 19);21;27
(2, 4, 11, 12, 19);7;19
(2, 4, 11, 13, 19);15;19
(2, 4, 11, 14, 19);22;19
(2, 4, 11, 15, 19);30;19
(2, 4, 11, 16, 19);7;25
(2, 4, 11, 17, 19);21;19
(2, 4, 11, 18, 19);21;19
(2, 4, 12, 13, 19);15;19
(2, 4, 12, 14, 19);16;19
(2, 4, 12, 15, 19);47;19
(2, 4, 12, 16, 19);31;23
(2, 4, 12, 17, 19);7;19
(2, 4, 12, 18, 19);7;19
(2, 4, 13, 14, 19);17;19
(2, 4, 13, 15, 19);17;19
(2, 4, 13, 16, 19);3;19
(2, 4, 13, 17, 19);3;44
(2, 4, 13, 18, 19);37;19
(2, 4, 14, 15, 19);23;19
(2, 4, 14, 16, 19);3;32
(2, 4, 14, 17, 19);21;54
(2, 4, 14, 18, 19);22;19
(2, 4, 15, 16, 19);35;19
(2, 4, 15, 17, 19);33;19
(2, 4, 15, 18, 19);67;67
(2, 4, 16, 17, 19);3;56
(2, 4, 16, 18, 19);7;66
(2, 4, 17, 18, 19);21;19
(2, 5, 6, 7, 19);12;19
(2, 5, 6, 8, 19);14;19
(2, 5, 6, 9, 19);25;19
(2, 5, 6, 10, 19);24;19
(2, 5, 6, 11, 19);8;19
(2, 5, 6, 12, 19);25;19
(2, 5, 6, 13, 19);25;22
(2, 5, 6, 14, 19);48;36
(2, 5, 6, 15, 19);21;19
(2, 5, 6, 16, 19);25;19
(2, 5, 6, 17, 19);36;19
(2, 5, 6, 18, 19);24;19
(2, 5, 7, 8, 19);24;42
(2, 5, 7, 9, 19);26;19
(2, 5, 7, 10, 19);12;19
(2, 5, 7, 11, 19);4;28
(2, 5, 7, 12, 19);65;19
(2, 5, 7, 13, 19);3;34
(2, 5, 7, 14, 19);58;19
(2, 5, 7, 15, 19);4;34
(2, 5, 7, 16, 19);3;24
(2, 5, 7, 17, 19);46;19
(2, 5, 7, 18, 19);12;29
(2, 5, 8, 9, 19);17;19
(2, 5, 8, 10, 19);3;48
(2, 5, 8, 11, 19);30;19
(2, 5, 8, 12, 19);27;19
(2, 5, 8, 13, 19);21;19
(2, 5, 8, 14, 19);33;36
(2, 5, 8, 15, 19);27;19
(2, 5, 8, 16, 19);24;19
(2, 5, 8, 17, 19);69;87
(2, 5, 8, 18, 19);37;19
(2, 5, 9, 10, 19);7;19
(2, 5, 9, 11, 19);7;27
(2, 5, 9, 12, 19);7;19
(2, 5, 9, 13, 19);32;19
(2, 5, 9, 14, 19);79;116
(2, 5, 9, 15, 19);24;19
(2, 5, 9, 16, 19);7;19
(2, 5, 9, 17, 19);7;31
(2, 5, 9, 18, 19);27;37
(2, 5, 10, 11, 19);21;19
(2, 5, 10, 12, 19);7;19
(2, 5, 10, 13, 19);15;45
(2, 5, 10, 14, 19);24;19
(2, 5, 10, 15, 19);4;99
(2, 5, 10, 16, 19);7;19
(2, 5, 10, 17, 19);36;19
(2, 5, 10, 18, 19);24;24
(2, 5, 11, 12, 19);30;19
(2, 5, 11, 13, 19);24;19
(2, 5, 11, 14, 19);8;40
(2, 5, 11, 15, 19);30;19
(2, 5, 11, 16, 19);7;27
(2, 5, 11, 17, 19);28;19
(2, 5, 11, 18, 19);30;19
(2, 5, 12, 13, 19);32;19
(2, 5, 12, 14, 19);72;39
(2, 5, 12, 15, 19);17;19
(2, 5, 12, 16, 19);7;19
(2, 5, 12, 17, 19);7;31
(2, 5, 12, 18, 19);37;37
(2, 5, 13, 14, 19);28;19
(2, 5, 13, 15, 19);28;19
(2, 5, 13, 16, 19);32;19
(2, 5, 13, 17, 19);36;19
(2, 5, 13, 18, 19);31;19
(2, 5, 14, 15, 19);61;30
(2, 5, 14, 16, 19);28;19
(2, 5, 14, 17, 19);60;80
(2, 5, 14, 18, 19);48;111
(2, 5, 15, 16, 19);31;19
(2, 5, 15, 17, 19);32;30
(2, 5, 15, 18, 19);37;19
(2, 5, 16, 17, 19);7;31
(2, 5, 16, 18, 19);7;48
(2, 5, 17, 18, 19);35;19
(2, 6, 7, 8, 19);27;19
(2, 6, 7, 9, 19);26;19
(2, 6, 7, 10, 19);17;19
(2, 6, 7, 11, 19);13;19
(2, 6, 7, 12, 19);31;19
(2, 6, 7, 13, 19);112;73
(2, 6, 7, 14, 19);21;19
(2, 6, 7, 15, 19);13;19
(2, 6, 7, 16, 19);35;19
(2, 6, 7, 17, 19);58;36
(2, 6, 7, 18, 19);25;19
(2, 6, 8, 9, 19);26;23
(2, 6, 8, 10, 19);16;23
(2, 6, 8, 11, 19);30;19
(2, 6, 8, 12, 19);14;20
(2, 6, 8, 13, 19);87;21
(2, 6, 8, 14, 19);16;31
(2, 6, 8, 15, 19);7;35
(2, 6, 8, 16, 19);14;20
(2, 6, 8, 17, 19);25;19
(2, 6, 8, 18, 19);25;19
(2, 6, 9, 10, 19);28;19
(2, 6, 9, 11, 19);38;19
(2, 6, 9, 12, 19);25;22
(2, 6, 9, 13, 19);15;77
(2, 6, 9, 14, 19);28;19
(2, 6, 9, 15, 19);21;19
(2, 6, 9, 16, 19);25;19
(2, 6, 9, 17, 19);63;34
(2, 6, 9, 18, 19);28;38
(2, 6, 10, 11, 19);21;19
(2, 6, 10, 12, 19);46;19
(2, 6, 10, 13, 19);29;19
(2, 6, 10, 14, 19);33;19
(2, 6, 10, 15, 19);25;19
(2, 6, 10, 16, 19);29;54
(2, 6, 10, 17, 19);70;19
(2, 6, 10, 18, 19);37;19
(2, 6, 11, 12, 19);31;47
(2, 6, 11, 13, 19);25;19
(2, 6, 11, 14, 19);25;19
(2, 6, 11, 15, 19);17;19
(2, 6, 11, 16, 19);35;20
(2, 6, 11, 17, 19);62;19
(2, 6, 11, 18, 19);29;19
(2, 6, 12, 13, 19);25;19
(2, 6, 12, 14, 19);25;19
(2, 6, 12, 15, 19);21;36
(2, 6, 12, 16, 19);50;28
(2, 6, 12, 17, 19);29;19
(2, 6, 12, 18, 19);54;19
(2, 6, 13, 14, 19);32;19
(2, 6, 13, 15, 19);54;19
(2, 6, 13, 16, 19);29;19
(2, 6, 13, 17, 19);66;19
(2, 6, 13, 18, 19);32;19
(2, 6, 14, 15, 19);29;19
(2, 6, 14, 16, 19);62;19
(2, 6, 14, 17, 19);70;19
(2, 6, 14, 18, 19);37;19
(2, 6, 15, 16, 19);21;40
(2, 6, 15, 17, 19);33;19
(2, 6, 15, 18, 19);33;19
(2, 6, 16, 17, 19);33;19
(2, 6, 16, 18, 19);33;19
(2, 6, 17, 18, 19);36;19
(2, 7, 8, 9, 19);16;23
(2, 7, 8, 10, 19);33;21
(2, 7, 8, 11, 19);26;20
(2, 7, 8, 12, 19);41;81
(2, 7, 8, 13, 19);26;23
(2, 7, 8, 14, 19);21;19
(2, 7, 8, 15, 19);26;24
(2, 7, 8, 16, 19);3;80
(2, 7, 8, 17, 19);85;19
(2, 7, 8, 18, 19);26;30
(2, 7, 9, 10, 19);33;19
(2, 7, 9, 11, 19);17;19
(2, 7, 9, 12, 19);42;56
(2, 7, 9, 13, 19);16;39
(2, 7, 9, 14, 19);16;32
(2, 7, 9, 15, 19);17;19
(2, 7, 9, 16, 19);40;46
(2, 7, 9, 17, 19);26;19
(2, 7, 9, 18, 19);16;31
(2, 7, 10, 11, 19);17;19
(2, 7, 10, 12, 19);22;26
(2, 7, 10, 13, 19);3;57
(2, 7, 10, 14, 19);21;19
(2, 7, 10, 15, 19);17;19
(2, 7, 10, 16, 19);26;19
(2, 7, 10, 17, 19);3;82
(2, 7, 10, 18, 19);25;19
(2, 7, 11, 12, 19);31;19
(2, 7, 11, 13, 19);30;60
(2, 7, 11, 14, 19);21;42
(2, 7, 11, 15, 19);26;19
(2, 7, 11, 16, 19);35;19
(2, 7, 11, 17, 19);34;28
(2, 7, 11, 18, 19);25;43
(2, 7, 12, 13, 19);31;35
(2, 7, 12, 14, 19);51;30
(2, 7, 12, 15, 19);31;19
(2, 7, 12, 16, 19);31;92
(2, 7, 12, 17, 19);95;19
(2, 7, 12, 18, 19);30;88
(2, 7, 13, 14, 19);21;38
(2, 7, 13, 15, 19);98;19
(2, 7, 13, 16, 19);3;38
(2, 7, 13, 17, 19);30;60
(2, 7, 13, 18, 19);26;69
(2, 7, 14, 15, 19);21;41
(2, 7, 14, 16, 19);30;21
(2, 7, 14, 17, 19);21;42
(2, 7, 14, 18, 19);25;115
(2, 7, 15, 16, 19);35;19
(2, 7, 15, 17, 19);34;19
(2, 7, 15, 18, 19);25;45
(2, 7, 16, 17, 19);34;28
(2, 7, 16, 18, 19);34;19
(2, 7, 17, 18, 19);59;65
(2, 8, 9, 10, 19);29;74
(2, 8, 9, 11, 19);17;19
(2, 8, 9, 12, 19);17;19
(2, 8, 9, 13, 19);11;32
(2, 8, 9, 14, 19);11;32
(2, 8, 9, 15, 19);17;19
(2, 8, 9, 16, 19);24;19
(2, 8, 9, 17, 19);63;60
(2, 8, 9, 18, 19);27;50
(2, 8, 10, 11, 19);17;19
(2, 8, 10, 12, 19);56;62
(2, 8, 10, 13, 19);21;37
(2, 8, 10, 14, 19);45;60
(2, 8, 10, 15, 19);17;19
(2, 8, 10, 16, 19);18;24
(2, 8, 10, 17, 19);25;24
(2, 8, 10, 18, 19);16;23
(2, 8, 11, 12, 19);27;20
(2, 8, 11, 13, 19);52;60
(2, 8, 11, 14, 19);38;114
(2, 8, 11, 15, 19);43;37
(2, 8, 11, 16, 19);27;19
(2, 8, 11, 17, 19);60;20
(2, 8, 11, 18, 19);26;45
(2, 8, 12, 13, 19);31;19
(2, 8, 12, 14, 19);26;31
(2, 8, 12, 15, 19);27;19
(2, 8, 12, 16, 19);24;27
(2, 8, 12, 17, 19);35;29
(2, 8, 12, 18, 19);31;51
(2, 8, 13, 14, 19);16;19
(2, 8, 13, 15, 19);75;19
(2, 8, 13, 16, 19);21;61
(2, 8, 13, 17, 19);36;19
(2, 8, 13, 18, 19);21;23
(2, 8, 14, 15, 19);17;38
(2, 8, 14, 16, 19);52;19
(2, 8, 14, 17, 19);31;26
(2, 8, 14, 18, 19);16;25
(2, 8, 15, 16, 19);24;51
(2, 8, 15, 17, 19);66;19
(2, 8, 15, 18, 19);37;29
(2, 8, 16, 17, 19);35;19
(2, 8, 16, 18, 19);35;19
(2, 8, 17, 18, 19);35;19
(2, 9, 10, 11, 19);21;19
(2, 9, 10, 12, 19);21;19
(2, 9, 10, 13, 19);28;19
(2, 9, 10, 14, 19);28;19
(2, 9, 10, 15, 19);25;19
(2, 9, 10, 16, 19);25;19
(2, 9, 10, 17, 19);64;28
(2, 9, 10, 18, 19);28;19
(2, 9, 11, 12, 19);21;20
(2, 9, 11, 13, 19);46;19
(2, 9, 11, 14, 19);33;58
(2, 9, 11, 15, 19);38;19
(2, 9, 11, 16, 19);43;57
(2, 9, 11, 17, 19);54;19
(2, 9, 11, 18, 19);4;49
(2, 9, 12, 13, 19);32;21
(2, 9, 12, 14, 19);21;36
(2, 9, 12, 15, 19);24;19
(2, 9, 12, 16, 19);7;22
(2, 9, 12, 17, 19);36;25
(2, 9, 12, 18, 19);21;88
(2, 9, 13, 14, 19);60;19
(2, 9, 13, 15, 19);28;19
(2, 9, 13, 16, 19);32;19
(2, 9, 13, 17, 19);36;19
(2, 9, 13, 18, 19);32;28
(2, 9, 14, 15, 19);28;19
(2, 9, 14, 16, 19);89;24
(2, 9, 14, 17, 19);68;19
(2, 9, 14, 18, 19);28;36
(2, 9, 15, 16, 19);31;31
(2, 9, 15, 17, 19);32;19
(2, 9, 15, 18, 19);27;65
(2, 9, 16, 17, 19);36;19
(2, 9, 16, 18, 19);127;19
(2, 9, 17, 18, 19);36;19
(2, 10, 11, 12, 19);21;19
(2, 10, 11, 13, 19);25;19
(2, 10, 11, 14, 19);25;19
(2, 10, 11, 15, 19);21;19
(2, 10, 11, 16, 19);26;20
(2, 10, 11, 17, 19);62;19
(2, 10, 11, 18, 19);29;19
(2, 10, 12, 13, 19);25;19
(2, 10, 12, 14, 19);25;19
(2, 10, 12, 15, 19);46;19
(2, 10, 12, 16, 19);7;113
(2, 10, 12, 17, 19);29;19
(2, 10, 12, 18, 19);54;19
(2, 10, 13, 14, 19);32;19
(2, 10, 13, 15, 19);54;19
(2, 10, 13, 16, 19);29;19
(2, 10, 13, 17, 19);66;19
(2, 10, 13, 18, 19);32;19
(2, 10, 14, 15, 19);29;19
(2, 10, 14, 16, 19);62;19
(2, 10, 14, 17, 19);70;19
(2, 10, 14, 18, 19);37;19
(2, 10, 15, 16, 19);25;44
(2, 10, 15, 17, 19);33;19
(2, 10, 15, 18, 19);33;19
(2, 10, 16, 17, 19);33;19
(2, 10, 16, 18, 19);33;19
(2, 10, 17, 18, 19);36;19
(2, 11, 12, 13, 19);25;19
(2, 11, 12, 14, 19);25;19
(2, 11, 12, 15, 19);31;19
(2, 11, 12, 16, 19);31;29
(2, 11, 12, 17, 19);93;19
(2, 11, 12, 18, 19);30;34
(2, 11, 13, 14, 19);25;19
(2, 11, 13, 15, 19);25;19
(2, 11, 13, 16, 19);55;69
(2, 11, 13, 17, 19);29;19
(2, 11, 13, 18, 19);53;70
(2, 11, 14, 15, 19);25;19
(2, 11, 14, 16, 19);30;19
(2, 11, 14, 17, 19);62;19
(2, 11, 14, 18, 19);29;19
(2, 11, 15, 16, 19);35;19
(2, 11, 15, 17, 19);34;19
(2, 11, 15, 18, 19);29;58
(2, 11, 16, 17, 19);34;32
(2, 11, 16, 18, 19);34;19
(2, 11, 17, 18, 19);63;19
(2, 12, 13, 14, 19);25;19
(2, 12, 13, 15, 19);25;19
(2, 12, 13, 16, 19);32;25
(2, 12, 13, 17, 19);36;48
(2, 12, 13, 18, 19);31;35
(2, 12, 14, 15, 19);25;19
(2, 12, 14, 16, 19);54;19
(2, 12, 14, 17, 19);29;19
(2, 12, 14, 18, 19);54;19
(2, 12, 15, 16, 19);31;19
(2, 12, 15, 17, 19);34;32
(2, 12, 15, 18, 19);30;57
(2, 12, 16, 17, 19);35;19
(2, 12, 16, 18, 19);35;19
(2, 12, 17, 18, 19);35;19
(2, 13, 14, 15, 19);29;19
(2, 13, 14, 16, 19);29;19
(2, 13, 14, 17, 19);36;36
(2, 13, 14, 18, 19);32;19
(2, 13, 15, 16, 19);29;19
(2, 13, 15, 17, 19);62;19
(2, 13, 15, 18, 19);89;45
(2, 13, 16, 17, 19);36;19
(2, 13, 16, 18, 19);64;19
(2, 13, 17, 18, 19);36;19
(2, 14, 15, 16, 19);29;19
(2, 14, 15, 17, 19);33;19
(2, 14, 15, 18, 19);33;19
(2, 14, 16, 17, 19);33;19
(2, 14, 16, 18, 19);33;19
(2, 14, 17, 18, 19);36;19
(2, 15, 16, 17, 19);33;19
(2, 15, 16, 18, 19);33;19
(2, 15, 17, 18, 19);33;19
(2, 16, 17, 18, 19);33;19
(3, 4, 5, 6, 19);25;19
(3, 4, 5, 7, 19);22;19
(3, 4, 5, 8, 19);11;19
(3, 4, 5, 9, 19);14;19
(3, 4, 5, 10, 19);15;19
(3, 4, 5, 11, 19);8;19
(3, 4, 5, 12, 19);8;19
(3, 4, 5, 13, 19);8;19
(3, 4, 5, 14, 19);33;19
(3, 4, 5, 15, 19);8;39
(3, 4, 5, 16, 19);52;48
(3, 4, 5, 17, 19);22;19
(3, 4, 5, 18, 19);23;19
(3, 4, 6, 7, 19);22;19
(3, 4, 6, 8, 19);11;19
(3, 4, 6, 9, 19);12;19
(3, 4, 6, 10, 19);23;19
(3, 4, 6, 11, 19);25;19
(3, 4, 6, 12, 19);25;19
(3, 4, 6, 13, 19);25;19
(3, 4, 6, 14, 19);25;26
(3, 4, 6, 15, 19);69;19
(3, 4, 6, 16, 19);22;19
(3, 4, 6, 17, 19);22;19
(3, 4, 6, 18, 19);22;19
(3, 4, 7, 8, 19);11;19
(3, 4, 7, 9, 19);12;19
(3, 4, 7, 10, 19);13;19
(3, 4, 7, 11, 19);38;33
(3, 4, 7, 12, 19);63;61
(3, 4, 7, 13, 19);22;27
(3, 4, 7, 14, 19);11;72
(3, 4, 7, 15, 19);22;19
(3, 4, 7, 16, 19);22;19
(3, 4, 7, 17, 19);22;19
(3, 4, 7, 18, 19);22;19
(3, 4, 8, 9, 19);23;42
(3, 4, 8, 10, 19);23;41
(3, 4, 8, 11, 19);43;39
(3, 4, 8, 12, 19);16;19
(3, 4, 8, 13, 19);17;31
(3, 4, 8, 14, 19);23;23
(3, 4, 8, 15, 19);23;19
(3, 4, 8, 16, 19);11;27
(3, 4, 8, 17, 19);34;19
(3, 4, 8, 18, 19);22;29
(3, 4, 9, 10, 19);28;19
(3, 4, 9, 11, 19);28;19
(3, 4, 9, 12, 19);7;50
(3, 4, 9, 13, 19);34;52
(3, 4, 9, 14, 19);23;19
(3, 4, 9, 15, 19);23;69
(3, 4, 9, 16, 19);35;31
(3, 4, 9, 17, 19);28;31
(3, 4, 9, 18, 19);28;19
(3, 4, 10, 11, 19);29;19
(3, 4, 10, 12, 19);22;19
(3, 4, 10, 13, 19);23;19
(3, 4, 10, 14, 19);29;86
(3, 4, 10, 15, 19);30;25
(3, 4, 10, 16, 19);35;19
(3, 4, 10, 17, 19);36;19
(3, 4, 10, 18, 19);29;19
(3, 4, 11, 12, 19);15;19
(3, 4, 11, 13, 19);8;19
(3, 4, 11, 14, 19);45;57
(3, 4, 11, 15, 19);30;19
(3, 4, 11, 16, 19);35;19
(3, 4, 11, 17, 19);36;19
(3, 4, 11, 18, 19);22;19
(3, 4, 12, 13, 19);16;19
(3, 4, 12, 14, 19);33;19
(3, 4, 12, 15, 19);16;89
(3, 4, 12, 16, 19);7;55
(3, 4, 12, 17, 19);29;19
(3, 4, 12, 18, 19);15;19
(3, 4, 13, 14, 19);33;19
(3, 4, 13, 15, 19);23;41
(3, 4, 13, 16, 19);29;19
(3, 4, 13, 17, 19);30;19
(3, 4, 13, 18, 19);31;19
(3, 4, 14, 15, 19);18;54
(3, 4, 14, 16, 19);29;50
(3, 4, 14, 17, 19);29;21
(3, 4, 14, 18, 19);15;126
(3, 4, 15, 16, 19);96;122
(3, 4, 15, 17, 19);60;32
(3, 4, 15, 18, 19);94;29
(3, 4, 16, 17, 19);35;19
(3, 4, 16, 18, 19);35;19
(3, 4, 17, 18, 19);36;19
(3, 5, 6, 7, 19);22;19
(3, 5, 6, 8, 19);11;19
(3, 5, 6, 9, 19);12;19
(3, 5, 6, 10, 19);24;19
(3, 5, 6, 11, 19);25;19
(3, 5, 6, 12, 19);25;19
(3, 5, 6, 13, 19);25;19
(3, 5, 6, 14, 19);33;19
(3, 5, 6, 15, 19);17;54
(3, 5, 6, 16, 19);22;19
(3, 5, 6, 17, 19);22;19
(3, 5, 6, 18, 19);22;19
(3, 5, 7, 8, 19);11;19
(3, 5, 7, 9, 19);12;19
(3, 5, 7, 10, 19);13;19
(3, 5, 7, 11, 19);2;24
(3, 5, 7, 12, 19);24;19
(3, 5, 7, 13, 19);2;34
(3, 5, 7, 14, 19);11;28
(3, 5, 7, 15, 19);22;19
(3, 5, 7, 16, 19);22;19
(3, 5, 7, 17, 19);22;19
(3, 5, 7, 18, 19);22;19
(3, 5, 8, 9, 19);12;19
(3, 5, 8, 10, 19);13;19
(3, 5, 8, 11, 19);14;19
(3, 5, 8, 12, 19);24;58
(3, 5, 8, 13, 19);38;19
(3, 5, 8, 14, 19);11;19
(3, 5, 8, 15, 19);11;19
(3, 5, 8, 16, 19);11;19
(3, 5, 8, 17, 19);11;19
(3, 5, 8, 18, 19);11;19
(3, 5, 9, 10, 19);14;19
(3, 5, 9, 11, 19);14;19
(3, 5, 9, 12, 19);7;19
(3, 5, 9, 13, 19);2;24
(3, 5, 9, 14, 19);34;44
(3, 5, 9, 15, 19);2;24
(3, 5, 9, 16, 19);32;43
(3, 5, 9, 17, 19);2;24
(3, 5, 9, 18, 19);36;72
(3, 5, 10, 11, 19);15;19
(3, 5, 10, 12, 19);15;19
(3, 5, 10, 13, 19);23;19
(3, 5, 10, 14, 19);24;19
(3, 5, 10, 15, 19);4;37
(3, 5, 10, 16, 19);7;20
(3, 5, 10, 17, 19);22;19
(3, 5, 10, 18, 19);15;19
(3, 5, 11, 12, 19);8;19
(3, 5, 11, 13, 19);8;19
(3, 5, 11, 14, 19);33;19
(3, 5, 11, 15, 19);2;32
(3, 5, 11, 16, 19);74;19
(3, 5, 11, 17, 19);22;19
(3, 5, 11, 18, 19);23;19
(3, 5, 12, 13, 19);8;19
(3, 5, 12, 14, 19);33;19
(3, 5, 12, 15, 19);24;71
(3, 5, 12, 16, 19);53;52
(3, 5, 12, 17, 19);22;21
(3, 5, 12, 18, 19);23;19
(3, 5, 13, 14, 19);33;19
(3, 5, 13, 15, 19);2;32
(3, 5, 13, 16, 19);30;53
(3, 5, 13, 17, 19);30;19
(3, 5, 13, 18, 19);31;19
(3, 5, 14, 15, 19);28;32
(3, 5, 14, 16, 19);30;19
(3, 5, 14, 17, 19);30;55
(3, 5, 14, 18, 19);32;19
(3, 5, 15, 16, 19);52;24
(3, 5, 15, 17, 19);2;54
(3, 5, 15, 18, 19);50;182
(3, 5, 16, 17, 19);22;25
(3, 5, 16, 18, 19);22;25
(3, 5, 17, 18, 19);22;19
(3, 6, 7, 8, 19);11;19
(3, 6, 7, 9, 19);12;19
(3, 6, 7, 10, 19);13;19
(3, 6, 7, 11, 19);22;26
(3, 6, 7, 12, 19);63;19
(3, 6, 7, 13, 19);62;19
(3, 6, 7, 14, 19);17;43
(3, 6, 7, 15, 19);22;19
(3, 6, 7, 16, 19);22;19
(3, 6, 7, 17, 19);22;19
(3, 6, 7, 18, 19);22;19
(3, 6, 8, 9, 19);12;19
(3, 6, 8, 10, 19);13;19
(3, 6, 8, 11, 19);14;19
(3, 6, 8, 12, 19);25;39
(3, 6, 8, 13, 19);37;19
(3, 6, 8, 14, 19);11;19
(3, 6, 8, 15, 19);11;19
(3, 6, 8, 16, 19);11;19
(3, 6, 8, 17, 19);11;19
(3, 6, 8, 18, 19);11;19
(3, 6, 9, 10, 19);13;19
(3, 6, 9, 11, 19);14;19
(3, 6, 9, 12, 19);15;19
(3, 6, 9, 13, 19);54;19
(3, 6, 9, 14, 19);64;19
(3, 6, 9, 15, 19);12;19
(3, 6, 9, 16, 19);12;19
(3, 6, 9, 17, 19);12;19
(3, 6, 9, 18, 19);12;19
(3, 6, 10, 11, 19);30;19
(3, 6, 10, 12, 19);16;19
(3, 6, 10, 13, 19);16;19
(3, 6, 10, 14, 19);17;19
(3, 6, 10, 15, 19);13;19
(3, 6, 10, 16, 19);13;25
(3, 6, 10, 17, 19);9;32
(3, 6, 10, 18, 19);21;25
(3, 6, 11, 12, 19);25;19
(3, 6, 11, 13, 19);25;19
(3, 6, 11, 14, 19);17;19
(3, 6, 11, 15, 19);22;19
(3, 6, 11, 16, 19);22;19
(3, 6, 11, 17, 19);58;19
(3, 6, 11, 18, 19);60;22
(3, 6, 12, 13, 19);25;19
(3, 6, 12, 14, 19);51;19
(3, 6, 12, 15, 19);31;30
(3, 6, 12, 16, 19);108;19
(3, 6, 12, 17, 19);23;22
(3, 6, 12, 18, 19);24;19
(3, 6, 13, 14, 19);25;26
(3, 6, 13, 15, 19);16;32
(3, 6, 13, 16, 19);31;19
(3, 6, 13, 17, 19);16;57
(3, 6, 13, 18, 19);24;25
(3, 6, 14, 15, 19);17;33
(3, 6, 14, 16, 19);22;42
(3, 6, 14, 17, 19);20;58
(3, 6, 14, 18, 19);21;58
(3, 6, 15, 16, 19);22;56
(3, 6, 15, 17, 19);22;43
(3, 6, 15, 18, 19);22;43
(3, 6, 16, 17, 19);22;19
(3, 6, 16, 18, 19);22;19
(3, 6, 17, 18, 19);22;19
(3, 7, 8, 9, 19);16;19
(3, 7, 8, 10, 19);26;75
(3, 7, 8, 11, 19);14;78
(3, 7, 8, 12, 19);31;59
(3, 7, 8, 13, 19);26;19
(3, 7, 8, 14, 19);21;19
(3, 7, 8, 15, 19);22;19
(3, 7, 8, 16, 19);55;19
(3, 7, 8, 17, 19);36;19
(3, 7, 8, 18, 19);26;19
(3, 7, 9, 10, 19);4;52
(3, 7, 9, 11, 19);2;24
(3, 7, 9, 12, 19);21;25
(3, 7, 9, 13, 19);16;19
(3, 7, 9, 14, 19);16;19
(3, 7, 9, 15, 19);2;24
(3, 7, 9, 16, 19);32;83
(3, 7, 9, 17, 19);2;24
(3, 7, 9, 18, 19);37;102
(3, 7, 10, 11, 19);57;123
(3, 7, 10, 12, 19);22;54
(3, 7, 10, 13, 19);54;19
(3, 7, 10, 14, 19);17;37
(3, 7, 10, 15, 19);13;29
(3, 7, 10, 16, 19);26;19
(3, 7, 10, 17, 19);13;33
(3, 7, 10, 18, 19);21;78
(3, 7, 11, 12, 19);8;45
(3, 7, 11, 13, 19);2;24
(3, 7, 11, 14, 19);22;25
(3, 7, 11, 15, 19);22;19
(3, 7, 11, 16, 19);58;19
(3, 7, 11, 17, 19);2;38
(3, 7, 11, 18, 19);30;30
(3, 7, 12, 13, 19);31;25
(3, 7, 12, 14, 19);26;19
(3, 7, 12, 15, 19);54;74
(3, 7, 12, 16, 19);90;27
(3, 7, 12, 17, 19);24;151
(3, 7, 12, 18, 19);31;34
(3, 7, 13, 14, 19);21;43
(3, 7, 13, 15, 19);2;56
(3, 7, 13, 16, 19);32;19
(3, 7, 13, 17, 19);2;34
(3, 7, 13, 18, 19);26;25
(3, 7, 14, 15, 19);22;28
(3, 7, 14, 16, 19);55;49
(3, 7, 14, 17, 19);32;60
(3, 7, 14, 18, 19);21;38
(3, 7, 15, 16, 19);22;42
(3, 7, 15, 17, 19);2;56
(3, 7, 15, 18, 19);22;28
(3, 7, 16, 17, 19);32;40
(3, 7, 16, 18, 19);32;60
(3, 7, 17, 18, 19);36;19
(3, 8, 9, 10, 19);29;19
(3, 8, 9, 11, 19);22;19
(3, 8, 9, 12, 19);21;47
(3, 8, 9, 13, 19);22;19
(3, 8, 9, 14, 19);28;19
(3, 8, 9, 15, 19);34;19
(3, 8, 9, 16, 19);35;30
(3, 8, 9, 17, 19);146;59
(3, 8, 9, 18, 19);27;19
(3, 8, 10, 11, 19);22;19
(3, 8, 10, 12, 19);22;19
(3, 8, 10, 13, 19);43;37
(3, 8, 10, 14, 19);11;38
(3, 8, 10, 15, 19);29;24
(3, 8, 10, 16, 19);35;30
(3, 8, 10, 17, 19);27;19
(3, 8, 10, 18, 19);124;143
(3, 8, 11, 12, 19);36;64
(3, 8, 11, 13, 19);74;43
(3, 8, 11, 14, 19);22;19
(3, 8, 11, 15, 19);22;88
(3, 8, 11, 16, 19);78;19
(3, 8, 11, 17, 19);70;85
(3, 8, 11, 18, 19);43;62
(3, 8, 12, 13, 19);31;19
(3, 8, 12, 14, 19);11;44
(3, 8, 12, 15, 19);105;24
(3, 8, 12, 16, 19);28;28
(3, 8, 12, 17, 19);20;38
(3, 8, 12, 18, 19);31;19
(3, 8, 13, 14, 19);27;19
(3, 8, 13, 15, 19);28;42
(3, 8, 13, 16, 19);61;25
(3, 8, 13, 17, 19);16;62
(3, 8, 13, 18, 19);37;19
(3, 8, 14, 15, 19);34;34
(3, 8, 14, 16, 19);11;59
(3, 8, 14, 17, 19);11;75
(3, 8, 14, 18, 19);32;22
(3, 8, 15, 16, 19);11;43
(3, 8, 15, 17, 19);33;26
(3, 8, 15, 18, 19);33;19
(3, 8, 16, 17, 19);33;19
(3, 8, 16, 18, 19);33;25
(3, 8, 17, 18, 19);36;41
(3, 9, 10, 11, 19);28;19
(3, 9, 10, 12, 19);22;19
(3, 9, 10, 13, 19);22;19
(3, 9, 10, 14, 19);29;52
(3, 9, 10, 15, 19);29;48
(3, 9, 10, 16, 19);96;19
(3, 9, 10, 17, 19);28;106
(3, 9, 10, 18, 19);28;19
(3, 9, 11, 12, 19);22;19
(3, 9, 11, 13, 19);22;19
(3, 9, 11, 14, 19);74;35
(3, 9, 11, 15, 19);2;30
(3, 9, 11, 16, 19);7;100
(3, 9, 11, 17, 19);28;19
(3, 9, 11, 18, 19);28;19
(3, 9, 12, 13, 19);22;19
(3, 9, 12, 14, 19);50;23
(3, 9, 12, 15, 19);78;19
(3, 9, 12, 16, 19);28;19
(3, 9, 12, 17, 19);7;78
(3, 9, 12, 18, 19);7;50
(3, 9, 13, 14, 19);22;19
(3, 9, 13, 15, 19);28;19
(3, 9, 13, 16, 19);90;19
(3, 9, 13, 17, 19);2;30
(3, 9, 13, 18, 19);27;22
(3, 9, 14, 15, 19);34;19
(3, 9, 14, 16, 19);62;19
(3, 9, 14, 17, 19);94;19
(3, 9, 14, 18, 19);27;22
(3, 9, 15, 16, 19);34;19
(3, 9, 15, 17, 19);34;19
(3, 9, 15, 18, 19);34;19
(3, 9, 16, 17, 19);34;19
(3, 9, 16, 18, 19);34;19
(3, 9, 17, 18, 19);28;24
(3, 10, 11, 12, 19);22;19
(3, 10, 11, 13, 19);22;19
(3, 10, 11, 14, 19);73;47
(3, 10, 11, 15, 19);20;65
(3, 10, 11, 16, 19);35;19
(3, 10, 11, 17, 19);36;25
(3, 10, 11, 18, 19);29;25
(3, 10, 12, 13, 19);22;19
(3, 10, 12, 14, 19);22;19
(3, 10, 12, 15, 19);22;106
(3, 10, 12, 16, 19);7;83
(3, 10, 12, 17, 19);29;27
(3, 10, 12, 18, 19);22;25
(3, 10, 13, 14, 19);73;26
(3, 10, 13, 15, 19);46;106
(3, 10, 13, 16, 19);28;19
(3, 10, 13, 17, 19);20;123
(3, 10, 13, 18, 19);71;62
(3, 10, 14, 15, 19);29;19
(3, 10, 14, 16, 19);35;121
(3, 10, 14, 17, 19);61;86
(3, 10, 14, 18, 19);28;72
(3, 10, 15, 16, 19);35;34
(3, 10, 15, 17, 19);34;19
(3, 10, 15, 18, 19);97;75
(3, 10, 16, 17, 19);35;19
(3, 10, 16, 18, 19);35;19
(3, 10, 17, 18, 19);36;25
(3, 11, 12, 13, 19);8;38
(3, 11, 12, 14, 19);22;19
(3, 11, 12, 15, 19);31;116
(3, 11, 12, 16, 19);7;83
(3, 11, 12, 17, 19);29;27
(3, 11, 12, 18, 19);15;25
(3, 11, 13, 14, 19);22;26
(3, 11, 13, 15, 19);2;52
(3, 11, 13, 16, 19);28;19
(3, 11, 13, 17, 19);2;30
(3, 11, 13, 18, 19);52;47
(3, 11, 14, 15, 19);28;54
(3, 11, 14, 16, 19);28;19
(3, 11, 14, 17, 19);28;19
(3, 11, 14, 18, 19);22;57
(3, 11, 15, 16, 19);32;91
(3, 11, 15, 17, 19);2;30
(3, 11, 15, 18, 19);64;80
(3, 11, 16, 17, 19);35;19
(3, 11, 16, 18, 19);35;19
(3, 11, 17, 18, 19);36;19
(3, 12, 13, 14, 19);26;105
(3, 12, 13, 15, 19);78;19
(3, 12, 13, 16, 19);28;19
(3, 12, 13, 17, 19);30;19
(3, 12, 13, 18, 19);31;19
(3, 12, 14, 15, 19);78;19
(3, 12, 14, 16, 19);28;19
(3, 12, 14, 17, 19);28;19
(3, 12, 14, 18, 19);37;37
(3, 12, 15, 16, 19);28;19
(3, 12, 15, 17, 19);28;19
(3, 12, 15, 18, 19);28;19
(3, 12, 16, 17, 19);7;83
(3, 12, 16, 18, 19);7;83
(3, 12, 17, 18, 19);29;27
(3, 13, 14, 15, 19);28;19
(3, 13, 14, 16, 19);90;19
(3, 13, 14, 17, 19);28;47
(3, 13, 14, 18, 19);32;22
(3, 13, 15, 16, 19);90;19
(3, 13, 15, 17, 19);2;30
(3, 13, 15, 18, 19);33;27
(3, 13, 16, 17, 19);32;32
(3, 13, 16, 18, 19);61;27
(3, 13, 17, 18, 19);36;19
(3, 14, 15, 16, 19);35;47
(3, 14, 15, 17, 19);33;65
(3, 14, 15, 18, 19);33;19
(3, 14, 16, 17, 19);33;19
(3, 14, 16, 18, 19);33;33
(3, 14, 17, 18, 19);61;49
(3, 15, 16, 17, 19);34;19
(3, 15, 16, 18, 19);34;19
(3, 15, 17, 18, 19);34;19
(3, 16, 17, 18, 19);34;19
(4, 5, 6, 7, 19);23;19
(4, 5, 6, 8, 19);12;19
(4, 5, 6, 9, 19);13;19
(4, 5, 6, 10, 19);14;19
(4, 5, 6, 11, 19);25;21
(4, 5, 6, 12, 19);25;19
(4, 5, 6, 13, 19);25;74
(4, 5, 6, 14, 19);33;19
(4, 5, 6, 15, 19);34;27
(4, 5, 6, 16, 19);23;27
(4, 5, 6, 17, 19);23;19
(4, 5, 6, 18, 19);23;19
(4, 5, 7, 8, 19);12;19
(4, 5, 7, 9, 19);13;19
(4, 5, 7, 10, 19);14;19
(4, 5, 7, 11, 19);15;19
(4, 5, 7, 12, 19);65;21
(4, 5, 7, 13, 19);3;38
(4, 5, 7, 14, 19);33;19
(4, 5, 7, 15, 19);34;19
(4, 5, 7, 16, 19);23;19
(4, 5, 7, 17, 19);23;19
(4, 5, 7, 18, 19);23;19
(4, 5, 8, 9, 19);13;19
(4, 5, 8, 10, 19);14;19
(4, 5, 8, 11, 19);15;19
(4, 5, 8, 12, 19);9;87
(4, 5, 8, 13, 19);3;30
(4, 5, 8, 14, 19);11;23
(4, 5, 8, 15, 19);23;19
(4, 5, 8, 16, 19);12;19
(4, 5, 8, 17, 19);12;19
(4, 5, 8, 18, 19);12;19
(4, 5, 9, 10, 19);14;19
(4, 5, 9, 11, 19);15;19
(4, 5, 9, 12, 19);24;52
(4, 5, 9, 13, 19);42;58
(4, 5, 9, 14, 19);23;19
(4, 5, 9, 15, 19);24;19
(4, 5, 9, 16, 19);25;19
(4, 5, 9, 17, 19);13;19
(4, 5, 9, 18, 19);13;19
(4, 5, 10, 11, 19);15;19
(4, 5, 10, 12, 19);15;28
(4, 5, 10, 13, 19);23;21
(4, 5, 10, 14, 19);24;19
(4, 5, 10, 15, 19);9;151
(4, 5, 10, 16, 19);3;34
(4, 5, 10, 17, 19);22;30
(4, 5, 10, 18, 19);15;60
(4, 5, 11, 12, 19);8;28
(4, 5, 11, 13, 19);24;19
(4, 5, 11, 14, 19);33;29
(4, 5, 11, 15, 19);8;124
(4, 5, 11, 16, 19);127;157
(4, 5, 11, 17, 19);22;35
(4, 5, 11, 18, 19);23;19
(4, 5, 12, 13, 19);8;33
(4, 5, 12, 14, 19);33;19
(4, 5, 12, 15, 19);64;74
(4, 5, 12, 16, 19);117;115
(4, 5, 12, 17, 19);107;44
(4, 5, 12, 18, 19);23;63
(4, 5, 13, 14, 19);33;31
(4, 5, 13, 15, 19);32;19
(4, 5, 13, 16, 19);32;19
(4, 5, 13, 17, 19);32;19
(4, 5, 13, 18, 19);31;60
(4, 5, 14, 15, 19);32;28
(4, 5, 14, 16, 19);32;28
(4, 5, 14, 17, 19);32;28
(4, 5, 14, 18, 19);32;73
(4, 5, 15, 16, 19);20;63
(4, 5, 15, 17, 19);118;26
(4, 5, 15, 18, 19);34;27
(4, 5, 16, 17, 19);23;44
(4, 5, 16, 18, 19);23;27
(4, 5, 17, 18, 19);23;27
(4, 6, 7, 8, 19);12;19
(4, 6, 7, 9, 19);13;19
(4, 6, 7, 10, 19);14;19
(4, 6, 7, 11, 19);15;19
(4, 6, 7, 12, 19);64;19
(4, 6, 7, 13, 19);72;62
(4, 6, 7, 14, 19);33;19
(4, 6, 7, 15, 19);34;19
(4, 6, 7, 16, 19);23;19
(4, 6, 7, 17, 19);23;19
(4, 6, 7, 18, 19);23;19
(4, 6, 8, 9, 19);13;19
(4, 6, 8, 10, 19);14;19
(4, 6, 8, 11, 19);15;19
(4, 6, 8, 12, 19);16;38
(4, 6, 8, 13, 19);38;62
(4, 6, 8, 14, 19);11;23
(4, 6, 8, 15, 19);23;19
(4, 6, 8, 16, 19);12;19
(4, 6, 8, 17, 19);12;19
(4, 6, 8, 18, 19);12;19
(4, 6, 9, 10, 19);14;19
(4, 6, 9, 11, 19);15;19
(4, 6, 9, 12, 19);31;19
(4, 6, 9, 13, 19);32;31
(4, 6, 9, 14, 19);5;36
(4, 6, 9, 15, 19);24;24
(4, 6, 9, 16, 19);25;19
(4, 6, 9, 17, 19);13;19
(4, 6, 9, 18, 19);13;19
(4, 6, 10, 11, 19);15;19
(4, 6, 10, 12, 19);16;63
(4, 6, 10, 13, 19);8;29
(4, 6, 10, 14, 19);36;77
(4, 6, 10, 15, 19);23;43
(4, 6, 10, 16, 19);34;85
(4, 6, 10, 17, 19);23;41
(4, 6, 10, 18, 19);14;19
(4, 6, 11, 12, 19);25;24
(4, 6, 11, 13, 19);25;29
(4, 6, 11, 14, 19);25;20
(4, 6, 11, 15, 19);56;19
(4, 6, 11, 16, 19);88;105
(4, 6, 11, 17, 19);104;267
(4, 6, 11, 18, 19);37;51
(4, 6, 12, 13, 19);25;19
(4, 6, 12, 14, 19);50;34
(4, 6, 12, 15, 19);31;120
(4, 6, 12, 16, 19);86;75
(4, 6, 12, 17, 19);126;32
(4, 6, 12, 18, 19);24;19
(4, 6, 13, 14, 19);85;140
(4, 6, 13, 15, 19);309;164
(4, 6, 13, 16, 19);32;19
(4, 6, 13, 17, 19);56;50
(4, 6, 13, 18, 19);24;70
(4, 6, 14, 15, 19);33;19
(4, 6, 14, 16, 19);33;19
(4, 6, 14, 17, 19);33;19
(4, 6, 14, 18, 19);33;19
(4, 6, 15, 16, 19);34;27
(4, 6, 15, 17, 19);34;27
(4, 6, 15, 18, 19);34;27
(4, 6, 16, 17, 19);23;27
(4, 6, 16, 18, 19);23;27
(4, 6, 17, 18, 19);23;19
(4, 7, 8, 9, 19);13;19
(4, 7, 8, 10, 19);14;19
(4, 7, 8, 11, 19);15;19
(4, 7, 8, 12, 19);16;35
(4, 7, 8, 13, 19);11;20
(4, 7, 8, 14, 19);11;20
(4, 7, 8, 15, 19);23;19
(4, 7, 8, 16, 19);12;19
(4, 7, 8, 17, 19);12;19
(4, 7, 8, 18, 19);12;19
(4, 7, 9, 10, 19);14;19
(4, 7, 9, 11, 19);15;19
(4, 7, 9, 12, 19);31;19
(4, 7, 9, 13, 19);11;25
(4, 7, 9, 14, 19);26;26
(4, 7, 9, 15, 19);24;20
(4, 7, 9, 16, 19);25;19
(4, 7, 9, 17, 19);13;19
(4, 7, 9, 18, 19);13;19
(4, 7, 10, 11, 19);15;19
(4, 7, 10, 12, 19);31;19
(4, 7, 10, 13, 19);23;42
(4, 7, 10, 14, 19);23;64
(4, 7, 10, 15, 19);34;41
(4, 7, 10, 16, 19);23;39
(4, 7, 10, 17, 19);54;19
(4, 7, 10, 18, 19);14;19
(4, 7, 11, 12, 19);23;51
(4, 7, 11, 13, 19);70;29
(4, 7, 11, 14, 19);18;71
(4, 7, 11, 15, 19);23;19
(4, 7, 11, 16, 19);23;31
(4, 7, 11, 17, 19);38;22
(4, 7, 11, 18, 19);67;57
(4, 7, 12, 13, 19);26;45
(4, 7, 12, 14, 19);26;26
(4, 7, 12, 15, 19);120;155
(4, 7, 12, 16, 19);103;263
(4, 7, 12, 17, 19);24;19
(4, 7, 12, 18, 19);64;19
(4, 7, 13, 14, 19);11;38
(4, 7, 13, 15, 19);34;36
(4, 7, 13, 16, 19);23;32
(4, 7, 13, 17, 19);78;101
(4, 7, 13, 18, 19);37;73
(4, 7, 14, 15, 19);11;38
(4, 7, 14, 16, 19);33;19
(4, 7, 14, 17, 19);33;19
(4, 7, 14, 18, 19);33;19
(4, 7, 15, 16, 19);34;19
(4, 7, 15, 17, 19);34;19
(4, 7, 15, 18, 19);34;19
(4, 7, 16, 17, 19);23;19
(4, 7, 16, 18, 19);23;19
(4, 7, 17, 18, 19);23;19
(4, 8, 9, 10, 19);14;19
(4, 8, 9, 11, 19);15;19
(4, 8, 9, 12, 19);70;19
(4, 8, 9, 13, 19);17;21
(4, 8, 9, 14, 19);23;21
(4, 8, 9, 15, 19);24;19
(4, 8, 9, 16, 19);25;19
(4, 8, 9, 17, 19);13;19
(4, 8, 9, 18, 19);13;19
(4, 8, 10, 11, 19);15;19
(4, 8, 10, 12, 19);16;38
(4, 8, 10, 13, 19);23;32
(4, 8, 10, 14, 19);29;51
(4, 8, 10, 15, 19);23;43
(4, 8, 10, 16, 19);26;19
(4, 8, 10, 17, 19);27;19
(4, 8, 10, 18, 19);14;19
(4, 8, 11, 12, 19);68;19
(4, 8, 11, 13, 19);37;21
(4, 8, 11, 14, 19);22;21
(4, 8, 11, 15, 19);23;19
(4, 8, 11, 16, 19);27;27
(4, 8, 11, 17, 19);95;27
(4, 8, 11, 18, 19);29;19
(4, 8, 12, 13, 19);16;21
(4, 8, 12, 14, 19);16;93
(4, 8, 12, 15, 19);23;19
(4, 8, 12, 16, 19);23;19
(4, 8, 12, 17, 19);16;43
(4, 8, 12, 18, 19);23;46
(4, 8, 13, 14, 19);17;22
(4, 8, 13, 15, 19);23;39
(4, 8, 13, 16, 19);3;41
(4, 8, 13, 17, 19);21;101
(4, 8, 13, 18, 19);26;44
(4, 8, 14, 15, 19);23;27
(4, 8, 14, 16, 19);57;55
(4, 8, 14, 17, 19);11;23
(4, 8, 14, 18, 19);11;23
(4, 8, 15, 16, 19);23;19
(4, 8, 15, 17, 19);23;19
(4, 8, 15, 18, 19);23;19
(4, 8, 16, 17, 19);12;19
(4, 8, 16, 18, 19);12;19
(4, 8, 17, 18, 19);12;19
(4, 9, 10, 11, 19);28;19
(4, 9, 10, 12, 19);7;48
(4, 9, 10, 13, 19);23;19
(4, 9, 10, 14, 19);23;19
(4, 9, 10, 15, 19);156;155
(4, 9, 10, 16, 19);66;153
(4, 9, 10, 17, 19);28;88
(4, 9, 10, 18, 19);28;19
(4, 9, 11, 12, 19);23;35
(4, 9, 11, 13, 19);84;19
(4, 9, 11, 14, 19);23;19
(4, 9, 11, 15, 19);30;23
(4, 9, 11, 16, 19);5;37
(4, 9, 11, 17, 19);28;19
(4, 9, 11, 18, 19);28;19
(4, 9, 12, 13, 19);39;66
(4, 9, 12, 14, 19);23;19
(4, 9, 12, 15, 19);34;64
(4, 9, 12, 16, 19);28;23
(4, 9, 12, 17, 19);31;99
(4, 9, 12, 18, 19);7;48
(4, 9, 13, 14, 19);23;22
(4, 9, 13, 15, 19);28;93
(4, 9, 13, 16, 19);139;189
(4, 9, 13, 17, 19);26;72
(4, 9, 13, 18, 19);22;23
(4, 9, 14, 15, 19);23;24
(4, 9, 14, 16, 19);5;65
(4, 9, 14, 17, 19);36;26
(4, 9, 14, 18, 19);102;42
(4, 9, 15, 16, 19);59;19
(4, 9, 15, 17, 19);34;40
(4, 9, 15, 18, 19);58;51
(4, 9, 16, 17, 19);33;36
(4, 9, 16, 18, 19);25;56
(4, 9, 17, 18, 19);36;32
(4, 10, 11, 12, 19);22;19
(4, 10, 11, 13, 19);23;19
(4, 10, 11, 14, 19);100;19
(4, 10, 11, 15, 19);30;36
(4, 10, 11, 16, 19);35;52
(4, 10, 11, 17, 19);36;27
(4, 10, 11, 18, 19);29;19
(4, 10, 12, 13, 19);23;19
(4, 10, 12, 14, 19);100;19
(4, 10, 12, 15, 19);85;19
(4, 10, 12, 16, 19);54;43
(4, 10, 12, 17, 19);29;19
(4, 10, 12, 18, 19);22;19
(4, 10, 13, 14, 19);23;67
(4, 10, 13, 15, 19);54;19
(4, 10, 13, 16, 19);23;29
(4, 10, 13, 17, 19);30;50
(4, 10, 13, 18, 19);23;39
(4, 10, 14, 15, 19);54;19
(4, 10, 14, 16, 19);23;68
(4, 10, 14, 17, 19);73;88
(4, 10, 14, 18, 19);53;19
(4, 10, 15, 16, 19);34;59
(4, 10, 15, 17, 19);66;61
(4, 10, 15, 18, 19);59;134
(4, 10, 16, 17, 19);35;19
(4, 10, 16, 18, 19);35;19
(4, 10, 17, 18, 19);36;40
(4, 11, 12, 13, 19);8;36
(4, 11, 12, 14, 19);23;63
(4, 11, 12, 15, 19);116;19
(4, 11, 12, 16, 19);28;90
(4, 11, 12, 17, 19);29;22
(4, 11, 12, 18, 19);30;19
(4, 11, 13, 14, 19);33;37
(4, 11, 13, 15, 19);54;19
(4, 11, 13, 16, 19);30;29
(4, 11, 13, 17, 19);30;19
(4, 11, 13, 18, 19);31;19
(4, 11, 14, 15, 19);85;19
(4, 11, 14, 16, 19);30;19
(4, 11, 14, 17, 19);30;30
(4, 11, 14, 18, 19);30;28
(4, 11, 15, 16, 19);30;28
(4, 11, 15, 17, 19);30;28
(4, 11, 15, 18, 19);30;19
(4, 11, 16, 17, 19);33;70
(4, 11, 16, 18, 19);37;34
(4, 11, 17, 18, 19);36;19
(4, 12, 13, 14, 19);33;19
(4, 12, 13, 15, 19);31;19
(4, 12, 13, 16, 19);31;19
(4, 12, 13, 17, 19);31;19
(4, 12, 13, 18, 19);31;19
(4, 12, 14, 15, 19);31;19
(4, 12, 14, 16, 19);31;19
(4, 12, 14, 17, 19);31;19
(4, 12, 14, 18, 19);31;19
(4, 12, 15, 16, 19);31;19
(4, 12, 15, 17, 19);31;19
(4, 12, 15, 18, 19);31;19
(4, 12, 16, 17, 19);31;19
(4, 12, 16, 18, 19);31;19
(4, 12, 17, 18, 19);29;59
(4, 13, 14, 15, 19);31;19
(4, 13, 14, 16, 19);31;19
(4, 13, 14, 17, 19);31;19
(4, 13, 14, 18, 19);31;19
(4, 13, 15, 16, 19);31;19
(4, 13, 15, 17, 19);31;19
(4, 13, 15, 18, 19);31;19
(4, 13, 16, 17, 19);31;19
(4, 13, 16, 18, 19);31;19
(4, 13, 17, 18, 19);31;19
(4, 14, 15, 16, 19);31;19
(4, 14, 15, 17, 19);31;19
(4, 14, 15, 18, 19);31;19
(4, 14, 16, 17, 19);31;19
(4, 14, 16, 18, 19);31;19
(4, 14, 17, 18, 19);31;19
(4, 15, 16, 17, 19);31;19
(4, 15, 16, 18, 19);31;19
(4, 15, 17, 18, 19);31;19
(4, 16, 17, 18, 19);23;43
(5, 6, 7, 8, 19);13;19
(5, 6, 7, 9, 19);14;19
(5, 6, 7, 10, 19);29;19
(5, 6, 7, 11, 19);4;77
(5, 6, 7, 12, 19);65;31
(5, 6, 7, 13, 19);12;71
(5, 6, 7, 14, 19);12;22
(5, 6, 7, 15, 19);34;19
(5, 6, 7, 16, 19);35;19
(5, 6, 7, 17, 19);12;19
(5, 6, 7, 18, 19);12;19
(5, 6, 8, 9, 19);14;19
(5, 6, 8, 10, 19);29;19
(5, 6, 8, 11, 19);30;19
(5, 6, 8, 12, 19);14;69
(5, 6, 8, 13, 19);7;99
(5, 6, 8, 14, 19);11;45
(5, 6, 8, 15, 19);23;21
(5, 6, 8, 16, 19);24;19
(5, 6, 8, 17, 19);25;19
(5, 6, 8, 18, 19);13;19
(5, 6, 9, 10, 19);29;19
(5, 6, 9, 11, 19);30;19
(5, 6, 9, 12, 19);25;32
(5, 6, 9, 13, 19);25;58
(5, 6, 9, 14, 19);24;19
(5, 6, 9, 15, 19);24;19
(5, 6, 9, 16, 19);25;19
(5, 6, 9, 17, 19);26;19
(5, 6, 9, 18, 19);27;19
(5, 6, 10, 11, 19);16;30
(5, 6, 10, 12, 19);8;30
(5, 6, 10, 13, 19);9;55
(5, 6, 10, 14, 19);24;19
(5, 6, 10, 15, 19);24;19
(5, 6, 10, 16, 19);11;52
(5, 6, 10, 17, 19);38;38
(5, 6, 10, 18, 19);24;28
(5, 6, 11, 12, 19);25;42
(5, 6, 11, 13, 19);25;75
(5, 6, 11, 14, 19);24;19
(5, 6, 11, 15, 19);24;19
(5, 6, 11, 16, 19);24;19
(5, 6, 11, 17, 19);12;79
(5, 6, 11, 18, 19);24;40
(5, 6, 12, 13, 19);25;19
(5, 6, 12, 14, 19);33;67
(5, 6, 12, 15, 19);21;37
(5, 6, 12, 16, 19);11;85
(5, 6, 12, 17, 19);103;85
(5, 6, 12, 18, 19);24;19
(5, 6, 13, 14, 19);146;72
(5, 6, 13, 15, 19);7;115
(5, 6, 13, 16, 19);25;81
(5, 6, 13, 17, 19);58;53
(5, 6, 13, 18, 19);83;24
(5, 6, 14, 15, 19);33;26
(5, 6, 14, 16, 19);33;19
(5, 6, 14, 17, 19);33;19
(5, 6, 14, 18, 19);24;21
(5, 6, 15, 16, 19);34;19
(5, 6, 15, 17, 19);34;19
(5, 6, 15, 18, 19);34;19
(5, 6, 16, 17, 19);35;19
(5, 6, 16, 18, 19);35;19
(5, 6, 17, 18, 19);12;29
(5, 7, 8, 9, 19);14;19
(5, 7, 8, 10, 19);29;19
(5, 7, 8, 11, 19);30;19
(5, 7, 8, 12, 19);41;31
(5, 7, 8, 13, 19);3;56
(5, 7, 8, 14, 19);50;35
(5, 7, 8, 15, 19);23;21
(5, 7, 8, 16, 19);24;19
(5, 7, 8, 17, 19);25;19
(5, 7, 8, 18, 19);13;19
(5, 7, 9, 10, 19);29;19
(5, 7, 9, 11, 19);30;19
(5, 7, 9, 12, 19);86;27
(5, 7, 9, 13, 19);2;28
(5, 7, 9, 14, 19);24;19
(5, 7, 9, 15, 19);24;19
(5, 7, 9, 16, 19);25;19
(5, 7, 9, 17, 19);26;19
(5, 7, 9, 18, 19);27;19
(5, 7, 10, 11, 19);30;19
(5, 7, 10, 12, 19);83;30
(5, 7, 10, 13, 19);3;58
(5, 7, 10, 14, 19);24;19
(5, 7, 10, 15, 19);24;19
(5, 7, 10, 16, 19);26;24
(5, 7, 10, 17, 19);74;23
(5, 7, 10, 18, 19);28;19
(5, 7, 11, 12, 19);98;181
(5, 7, 11, 13, 19);2;52
(5, 7, 11, 14, 19);24;19
(5, 7, 11, 15, 19);24;19
(5, 7, 11, 16, 19);24;19
(5, 7, 11, 17, 19);2;50
(5, 7, 11, 18, 19);38;84
(5, 7, 12, 13, 19);24;105
(5, 7, 12, 14, 19);24;19
(5, 7, 12, 15, 19);24;19
(5, 7, 12, 16, 19);24;19
(5, 7, 12, 17, 19);24;19
(5, 7, 12, 18, 19);89;104
(5, 7, 13, 14, 19);3;48
(5, 7, 13, 15, 19);2;28
(5, 7, 13, 16, 19);32;24
(5, 7, 13, 17, 19);2;52
(5, 7, 13, 18, 19);36;76
(5, 7, 14, 15, 19);33;27
(5, 7, 14, 16, 19);33;27
(5, 7, 14, 17, 19);94;22
(5, 7, 14, 18, 19);12;78
(5, 7, 15, 16, 19);34;19
(5, 7, 15, 17, 19);34;19
(5, 7, 15, 18, 19);34;19
(5, 7, 16, 17, 19);35;19
(5, 7, 16, 18, 19);35;19
(5, 7, 17, 18, 19);12;19
(5, 8, 9, 10, 19);29;19
(5, 8, 9, 11, 19);30;19
(5, 8, 9, 12, 19);17;50
(5, 8, 9, 13, 19);21;75
(5, 8, 9, 14, 19);24;19
(5, 8, 9, 15, 19);24;19
(5, 8, 9, 16, 19);25;19
(5, 8, 9, 17, 19);26;19
(5, 8, 9, 18, 19);27;19
(5, 8, 10, 11, 19);30;19
(5, 8, 10, 12, 19);24;38
(5, 8, 10, 13, 19);3;44
(5, 8, 10, 14, 19);24;19
(5, 8, 10, 15, 19);24;19
(5, 8, 10, 16, 19);24;48
(5, 8, 10, 17, 19);27;19
(5, 8, 10, 18, 19);28;19
(5, 8, 11, 12, 19);61;113
(5, 8, 11, 13, 19);48;19
(5, 8, 11, 14, 19);24;19
(5, 8, 11, 15, 19);24;19
(5, 8, 11, 16, 19);24;19
(5, 8, 11, 17, 19);38;78
(5, 8, 11, 18, 19);68;24
(5, 8, 12, 13, 19);24;69
(5, 8, 12, 14, 19);24;19
(5, 8, 12, 15, 19);24;19
(5, 8, 12, 16, 19);24;19
(5, 8, 12, 17, 19);24;19
(5, 8, 12, 18, 19);37;94
(5, 8, 13, 14, 19);24;19
(5, 8, 13, 15, 19);24;19
(5, 8, 13, 16, 19);24;19
(5, 8, 13, 17, 19);24;19
(5, 8, 13, 18, 19);24;19
(5, 8, 14, 15, 19);11;39
(5, 8, 14, 16, 19);24;45
(5, 8, 14, 17, 19);11;50
(5, 8, 14, 18, 19);37;45
(5, 8, 15, 16, 19);23;21
(5, 8, 15, 17, 19);23;21
(5, 8, 15, 18, 19);23;21
(5, 8, 16, 17, 19);24;19
(5, 8, 16, 18, 19);24;19
(5, 8, 17, 18, 19);25;19
(5, 9, 10, 11, 19);14;26
(5, 9, 10, 12, 19);7;27
(5, 9, 10, 13, 19);22;22
(5, 9, 10, 14, 19);24;19
(5, 9, 10, 15, 19);24;19
(5, 9, 10, 16, 19);26;19
(5, 9, 10, 17, 19);27;19
(5, 9, 10, 18, 19);28;19
(5, 9, 11, 12, 19);7;27
(5, 9, 11, 13, 19);2;50
(5, 9, 11, 14, 19);24;19
(5, 9, 11, 15, 19);24;19
(5, 9, 11, 16, 19);24;19
(5, 9, 11, 17, 19);2;28
(5, 9, 11, 18, 19);14;34
(5, 9, 12, 13, 19);24;28
(5, 9, 12, 14, 19);24;19
(5, 9, 12, 15, 19);24;19
(5, 9, 12, 16, 19);24;19
(5, 9, 12, 17, 19);24;19
(5, 9, 12, 18, 19);27;78
(5, 9, 13, 14, 19);24;19
(5, 9, 13, 15, 19);24;19
(5, 9, 13, 16, 19);24;19
(5, 9, 13, 17, 19);24;19
(5, 9, 13, 18, 19);24;19
(5, 9, 14, 15, 19);24;19
(5, 9, 14, 16, 19);24;19
(5, 9, 14, 17, 19);24;19
(5, 9, 14, 18, 19);24;19
(5, 9, 15, 16, 19);24;19
(5, 9, 15, 17, 19);24;19
(5, 9, 15, 18, 19);24;19
(5, 9, 16, 17, 19);25;19
(5, 9, 16, 18, 19);25;19
(5, 9, 17, 18, 19);26;19
(5, 10, 11, 12, 19);15;22
(5, 10, 11, 13, 19);23;45
(5, 10, 11, 14, 19);24;19
(5, 10, 11, 15, 19);24;19
(5, 10, 11, 16, 19);24;19
(5, 10, 11, 17, 19);22;80
(5, 10, 11, 18, 19);15;29
(5, 10, 12, 13, 19);23;45
(5, 10, 12, 14, 19);24;19
(5, 10, 12, 15, 19);24;19
(5, 10, 12, 16, 19);24;19
(5, 10, 12, 17, 19);24;19
(5, 10, 12, 18, 19);52;22
(5, 10, 13, 14, 19);24;19
(5, 10, 13, 15, 19);24;19
(5, 10, 13, 16, 19);24;19
(5, 10, 13, 17, 19);24;19
(5, 10, 13, 18, 19);24;19
(5, 10, 14, 15, 19);24;19
(5, 10, 14, 16, 19);24;19
(5, 10, 14, 17, 19);24;19
(5, 10, 14, 18, 19);24;19
(5, 10, 15, 16, 19);24;19
(5, 10, 15, 17, 19);24;19
(5, 10, 15, 18, 19);24;19
(5, 10, 16, 17, 19);24;22
(5, 10, 16, 18, 19);26;24
(5, 10, 17, 18, 19);51;19
(5, 11, 12, 13, 19);24;19
(5, 11, 12, 14, 19);33;48
(5, 11, 12, 15, 19);24;63
(5, 11, 12, 16, 19);24;24
(5, 11, 12, 17, 19);24;67
(5, 11, 12, 18, 19);23;24
(5, 11, 13, 14, 19);33;48
(5, 11, 13, 15, 19);2;52
(5, 11, 13, 16, 19);24;24
(5, 11, 13, 17, 19);2;50
(5, 11, 13, 18, 19);31;48
(5, 11, 14, 15, 19);28;82
(5, 11, 14, 16, 19);140;24
(5, 11, 14, 17, 19);62;99
(5, 11, 14, 18, 19);32;49
(5, 11, 15, 16, 19);27;24
(5, 11, 15, 17, 19);2;28
(5, 11, 15, 18, 19);30;60
(5, 11, 16, 17, 19);56;127
(5, 11, 16, 18, 19);57;77
(5, 11, 17, 18, 19);22;29
(5, 12, 13, 14, 19);33;25
(5, 12, 13, 15, 19);24;73
(5, 12, 13, 16, 19);32;70
(5, 12, 13, 17, 19);56;30
(5, 12, 13, 18, 19);31;80
(5, 12, 14, 15, 19);61;121
(5, 12, 14, 16, 19);86;30
(5, 12, 14, 17, 19);88;60
(5, 12, 14, 18, 19);32;48
(5, 12, 15, 16, 19);31;31
(5, 12, 15, 17, 19);86;51
(5, 12, 15, 18, 19);37;61
(5, 12, 16, 17, 19);55;20
(5, 12, 16, 18, 19);55;20
(5, 12, 17, 18, 19);79;19
(5, 13, 14, 15, 19);28;127
(5, 13, 14, 16, 19);32;19
(5, 13, 14, 17, 19);32;19
(5, 13, 14, 18, 19);123;96
(5, 13, 15, 16, 19);32;78
(5, 13, 15, 17, 19);32;19
(5, 13, 15, 18, 19);32;62
(5, 13, 16, 17, 19);32;19
(5, 13, 16, 18, 19);32;19
(5, 13, 17, 18, 19);88;54
(5, 14, 15, 16, 19);33;31
(5, 14, 15, 17, 19);33;32
(5, 14, 15, 18, 19);33;19
(5, 14, 16, 17, 19);33;19
(5, 14, 16, 18, 19);33;33
(5, 14, 17, 18, 19);33;33
(5, 15, 16, 17, 19);34;19
(5, 15, 16, 18, 19);34;19
(5, 15, 17, 18, 19);34;19
(5, 16, 17, 18, 19);35;29
(6, 7, 8, 9, 19);28;19
(6, 7, 8, 10, 19);29;19
(6, 7, 8, 11, 19);30;40
(6, 7, 8, 12, 19);55;27
(6, 7, 8, 13, 19);25;19
(6, 7, 8, 14, 19);25;19
(6, 7, 8, 15, 19);48;45
(6, 7, 8, 16, 19);24;38
(6, 7, 8, 17, 19);25;19
(6, 7, 8, 18, 19);26;19
(6, 7, 9, 10, 19);29;19
(6, 7, 9, 11, 19);30;19
(6, 7, 9, 12, 19);13;60
(6, 7, 9, 13, 19);25;19
(6, 7, 9, 14, 19);25;19
(6, 7, 9, 15, 19);25;19
(6, 7, 9, 16, 19);25;19
(6, 7, 9, 17, 19);26;19
(6, 7, 9, 18, 19);27;19
(6, 7, 10, 11, 19);17;64
(6, 7, 10, 12, 19);22;75
(6, 7, 10, 13, 19);25;19
(6, 7, 10, 14, 19);25;19
(6, 7, 10, 15, 19);25;19
(6, 7, 10, 16, 19);25;19
(6, 7, 10, 17, 19);27;25
(6, 7, 10, 18, 19);25;72
(6, 7, 11, 12, 19);31;36
(6, 7, 11, 13, 19);25;19
(6, 7, 11, 14, 19);25;19
(6, 7, 11, 15, 19);25;19
(6, 7, 11, 16, 19);25;19
(6, 7, 11, 17, 19);25;19
(6, 7, 11, 18, 19);51;25
(6, 7, 12, 13, 19);25;19
(6, 7, 12, 14, 19);25;19
(6, 7, 12, 15, 19);25;19
(6, 7, 12, 16, 19);25;19
(6, 7, 12, 17, 19);25;19
(6, 7, 12, 18, 19);25;19
(6, 7, 13, 14, 19);25;19
(6, 7, 13, 15, 19);25;19
(6, 7, 13, 16, 19);25;19
(6, 7, 13, 17, 19);25;19
(6, 7, 13, 18, 19);25;19
(6, 7, 14, 15, 19);21;65
(6, 7, 14, 16, 19);23;70
(6, 7, 14, 17, 19);12;55
(6, 7, 14, 18, 19);25;97
(6, 7, 15, 16, 19);34;35
(6, 7, 15, 17, 19);34;31
(6, 7, 15, 18, 19);25;66
(6, 7, 16, 17, 19);35;36
(6, 7, 16, 18, 19);35;31
(6, 7, 17, 18, 19);12;37
(6, 8, 9, 10, 19);29;19
(6, 8, 9, 11, 19);30;19
(6, 8, 9, 12, 19);14;34
(6, 8, 9, 13, 19);25;19
(6, 8, 9, 14, 19);25;19
(6, 8, 9, 15, 19);25;19
(6, 8, 9, 16, 19);25;19
(6, 8, 9, 17, 19);26;26
(6, 8, 9, 18, 19);27;19
(6, 8, 10, 11, 19);30;19
(6, 8, 10, 12, 19);18;29
(6, 8, 10, 13, 19);25;19
(6, 8, 10, 14, 19);25;19
(6, 8, 10, 15, 19);25;19
(6, 8, 10, 16, 19);25;19
(6, 8, 10, 17, 19);25;74
(6, 8, 10, 18, 19);28;19
(6, 8, 11, 12, 19);17;57
(6, 8, 11, 13, 19);25;19
(6, 8, 11, 14, 19);25;19
(6, 8, 11, 15, 19);25;19
(6, 8, 11, 16, 19);25;19
(6, 8, 11, 17, 19);25;19
(6, 8, 11, 18, 19);26;51
(6, 8, 12, 13, 19);25;19
(6, 8, 12, 14, 19);25;19
(6, 8, 12, 15, 19);25;19
(6, 8, 12, 16, 19);25;19
(6, 8, 12, 17, 19);25;19
(6, 8, 12, 18, 19);25;19
(6, 8, 13, 14, 19);25;19
(6, 8, 13, 15, 19);25;19
(6, 8, 13, 16, 19);25;19
(6, 8, 13, 17, 19);25;19
(6, 8, 13, 18, 19);25;19
(6, 8, 14, 15, 19);25;19
(6, 8, 14, 16, 19);25;19
(6, 8, 14, 17, 19);25;19
(6, 8, 14, 18, 19);25;19
(6, 8, 15, 16, 19);23;37
(6, 8, 15, 17, 19);25;93
(6, 8, 15, 18, 19);37;62
(6, 8, 16, 17, 19);24;61
(6, 8, 16, 18, 19);24;62
(6, 8, 17, 18, 19);25;43
(6, 9, 10, 11, 19);45;36
(6, 9, 10, 12, 19);29;35
(6, 9, 10, 13, 19);25;19
(6, 9, 10, 14, 19);25;19
(6, 9, 10, 15, 19);25;19
(6, 9, 10, 16, 19);25;19
(6, 9, 10, 17, 19);27;19
(6, 9, 10, 18, 19);28;19
(6, 9, 11, 12, 19);23;51
(6, 9, 11, 13, 19);25;19
(6, 9, 11, 14, 19);25;19
(6, 9, 11, 15, 19);25;19
(6, 9, 11, 16, 19);25;19
(6, 9, 11, 17, 19);25;19
(6, 9, 11, 18, 19);37;57
(6, 9, 12, 13, 19);25;19
(6, 9, 12, 14, 19);25;19
(6, 9, 12, 15, 19);25;19
(6, 9, 12, 16, 19);25;19
(6, 9, 12, 17, 19);25;19
(6, 9, 12, 18, 19);25;19
(6, 9, 13, 14, 19);25;19
(6, 9, 13, 15, 19);25;19
(6, 9, 13, 16, 19);25;19
(6, 9, 13, 17, 19);25;19
(6, 9, 13, 18, 19);25;19
(6, 9, 14, 15, 19);25;19
(6, 9, 14, 16, 19);25;19
(6, 9, 14, 17, 19);25;19
(6, 9, 14, 18, 19);25;19
(6, 9, 15, 16, 19);25;19
(6, 9, 15, 17, 19);25;19
(6, 9, 15, 18, 19);25;19
(6, 9, 16, 17, 19);25;19
(6, 9, 16, 18, 19);25;19
(6, 9, 17, 18, 19);26;24
(6, 10, 11, 12, 19);16;36
(6, 10, 11, 13, 19);25;19
(6, 10, 11, 14, 19);25;19
(6, 10, 11, 15, 19);25;19
(6, 10, 11, 16, 19);25;19
(6, 10, 11, 17, 19);25;19
(6, 10, 11, 18, 19);29;28
(6, 10, 12, 13, 19);25;19
(6, 10, 12, 14, 19);25;19
(6, 10, 12, 15, 19);25;19
(6, 10, 12, 16, 19);25;19
(6, 10, 12, 17, 19);25;19
(6, 10, 12, 18, 19);25;19
(6, 10, 13, 14, 19);25;19
(6, 10, 13, 15, 19);25;19
(6, 10, 13, 16, 19);25;19
(6, 10, 13, 17, 19);25;19
(6, 10, 13, 18, 19);25;19
(6, 10, 14, 15, 19);25;19
(6, 10, 14, 16, 19);25;19
(6, 10, 14, 17, 19);25;19
(6, 10, 14, 18, 19);25;19
(6, 10, 15, 16, 19);25;19
(6, 10, 15, 17, 19);25;19
(6, 10, 15, 18, 19);25;19
(6, 10, 16, 17, 19);25;19
(6, 10, 16, 18, 19);25;19
(6, 10, 17, 18, 19);52;24
(6, 11, 12, 13, 19);25;19
(6, 11, 12, 14, 19);25;19
(6, 11, 12, 15, 19);25;19
(6, 11, 12, 16, 19);25;19
(6, 11, 12, 17, 19);25;19
(6, 11, 12, 18, 19);25;19
(6, 11, 13, 14, 19);25;19
(6, 11, 13, 15, 19);25;19
(6, 11, 13, 16, 19);25;19
(6, 11, 13, 17, 19);25;19
(6, 11, 13, 18, 19);25;19
(6, 11, 14, 15, 19);25;19
(6, 11, 14, 16, 19);25;19
(6, 11, 14, 17, 19);25;19
(6, 11, 14, 18, 19);25;19
(6, 11, 15, 16, 19);25;19
(6, 11, 15, 17, 19);25;19
(6, 11, 15, 18, 19);25;19
(6, 11, 16, 17, 19);25;19
(6, 11, 16, 18, 19);25;19
(6, 11, 17, 18, 19);25;19
(6, 12, 13, 14, 19);25;19
(6, 12, 13, 15, 19);25;19
(6, 12, 13, 16, 19);25;19
(6, 12, 13, 17, 19);25;19
(6, 12, 13, 18, 19);25;19
(6, 12, 14, 15, 19);25;19
(6, 12, 14, 16, 19);25;19
(6, 12, 14, 17, 19);25;19
(6, 12, 14, 18, 19);25;19
(6, 12, 15, 16, 19);25;19
(6, 12, 15, 17, 19);25;19
(6, 12, 15, 18, 19);25;19
(6, 12, 16, 17, 19);25;19
(6, 12, 16, 18, 19);25;19
(6, 12, 17, 18, 19);25;19
(6, 13, 14, 15, 19);57;28
(6, 13, 14, 16, 19);57;57
(6, 13, 14, 17, 19);30;87
(6, 13, 14, 18, 19);32;32
(6, 13, 15, 16, 19);84;28
(6, 13, 15, 17, 19);62;30
(6, 13, 15, 18, 19);60;151
(6, 13, 16, 17, 19);58;19
(6, 13, 16, 18, 19);61;82
(6, 13, 17, 18, 19);58;19
(6, 14, 15, 16, 19);84;132
(6, 14, 15, 17, 19);33;19
(6, 14, 15, 18, 19);33;33
(6, 14, 16, 17, 19);33;19
(6, 14, 16, 18, 19);33;19
(6, 14, 17, 18, 19);36;59
(6, 15, 16, 17, 19);34;19
(6, 15, 16, 18, 19);34;19
(6, 15, 17, 18, 19);34;19
(6, 16, 17, 18, 19);35;19
(7, 8, 9, 10, 19);29;19
(7, 8, 9, 11, 19);30;37
(7, 8, 9, 12, 19);26;19
(7, 8, 9, 13, 19);26;19
(7, 8, 9, 14, 19);26;19
(7, 8, 9, 15, 19);26;19
(7, 8, 9, 16, 19);26;19
(7, 8, 9, 17, 19);26;19
(7, 8, 9, 18, 19);27;19
(7, 8, 10, 11, 19);3;66
(7, 8, 10, 12, 19);26;19
(7, 8, 10, 13, 19);26;19
(7, 8, 10, 14, 19);26;19
(7, 8, 10, 15, 19);26;19
(7, 8, 10, 16, 19);26;19
(7, 8, 10, 17, 19);26;19
(7, 8, 10, 18, 19);26;19
(7, 8, 11, 12, 19);26;19
(7, 8, 11, 13, 19);26;19
(7, 8, 11, 14, 19);26;19
(7, 8, 11, 15, 19);26;19
(7, 8, 11, 16, 19);26;19
(7, 8, 11, 17, 19);26;19
(7, 8, 11, 18, 19);26;19
(7, 8, 12, 13, 19);26;19
(7, 8, 12, 14, 19);26;19
(7, 8, 12, 15, 19);26;19
(7, 8, 12, 16, 19);26;19
(7, 8, 12, 17, 19);26;19
(7, 8, 12, 18, 19);26;19
(7, 8, 13, 14, 19);26;19
(7, 8, 13, 15, 19);26;19
(7, 8, 13, 16, 19);26;19
(7, 8, 13, 17, 19);26;19
(7, 8, 13, 18, 19);26;19
(7, 8, 14, 15, 19);26;19
(7, 8, 14, 16, 19);26;19
(7, 8, 14, 17, 19);26;19
(7, 8, 14, 18, 19);26;19
(7, 8, 15, 16, 19);26;19
(7, 8, 15, 17, 19);26;19
(7, 8, 15, 18, 19);26;19
(7, 8, 16, 17, 19);24;39
(7, 8, 16, 18, 19);26;19
(7, 8, 17, 18, 19);25;40
(7, 9, 10, 11, 19);4;86
(7, 9, 10, 12, 19);26;19
(7, 9, 10, 13, 19);26;19
(7, 9, 10, 14, 19);26;19
(7, 9, 10, 15, 19);26;19
(7, 9, 10, 16, 19);26;19
(7, 9, 10, 17, 19);26;19
(7, 9, 10, 18, 19);28;19
(7, 9, 11, 12, 19);26;19
(7, 9, 11, 13, 19);26;19
(7, 9, 11, 14, 19);26;19
(7, 9, 11, 15, 19);26;19
(7, 9, 11, 16, 19);26;19
(7, 9, 11, 17, 19);26;19
(7, 9, 11, 18, 19);26;19
(7, 9, 12, 13, 19);26;19
(7, 9, 12, 14, 19);26;19
(7, 9, 12, 15, 19);26;19
(7, 9, 12, 16, 19);26;19
(7, 9, 12, 17, 19);26;19
(7, 9, 12, 18, 19);26;19
(7, 9, 13, 14, 19);26;19
(7, 9, 13, 15, 19);26;19
(7, 9, 13, 16, 19);26;19
(7, 9, 13, 17, 19);26;19
(7, 9, 13, 18, 19);26;19
(7, 9, 14, 15, 19);26;19
(7, 9, 14, 16, 19);26;19
(7, 9, 14, 17, 19);26;19
(7, 9, 14, 18, 19);26;19
(7, 9, 15, 16, 19);26;19
(7, 9, 15, 17, 19);26;19
(7, 9, 15, 18, 19);26;19
(7, 9, 16, 17, 19);26;19
(7, 9, 16, 18, 19);26;19
(7, 9, 17, 18, 19);26;19
(7, 10, 11, 12, 19);26;19
(7, 10, 11, 13, 19);26;19
(7, 10, 11, 14, 19);26;19
(7, 10, 11, 15, 19);26;19
(7, 10, 11, 16, 19);26;19
(7, 10, 11, 17, 19);26;19
(7, 10, 11, 18, 19);26;19
(7, 10, 12, 13, 19);26;19
(7, 10, 12, 14, 19);26;19
(7, 10, 12, 15, 19);26;19
(7, 10, 12, 16, 19);26;19
(7, 10, 12, 17, 19);26;19
(7, 10, 12, 18, 19);26;19
(7, 10, 13, 14, 19);26;19
(7, 10, 13, 15, 19);26;19
(7, 10, 13, 16, 19);26;19
(7, 10, 13, 17, 19);26;19
(7, 10, 13, 18, 19);26;19
(7, 10, 14, 15, 19);26;19
(7, 10, 14, 16, 19);26;19
(7, 10, 14, 17, 19);26;19
(7, 10, 14, 18, 19);26;19
(7, 10, 15, 16, 19);26;19
(7, 10, 15, 17, 19);26;19
(7, 10, 15, 18, 19);26;19
(7, 10, 16, 17, 19);26;19
(7, 10, 16, 18, 19);26;19
(7, 10, 17, 18, 19);26;19
(7, 11, 12, 13, 19);26;19
(7, 11, 12, 14, 19);26;19
(7, 11, 12, 15, 19);26;19
(7, 11, 12, 16, 19);26;19
(7, 11, 12, 17, 19);26;19
(7, 11, 12, 18, 19);26;19
(7, 11, 13, 14, 19);26;19
(7, 11, 13, 15, 19);26;19
(7, 11, 13, 16, 19);26;19
(7, 11, 13, 17, 19);26;19
(7, 11, 13, 18, 19);26;19
(7, 11, 14, 15, 19);26;19
(7, 11, 14, 16, 19);26;19
(7, 11, 14, 17, 19);26;19
(7, 11, 14, 18, 19);26;19
(7, 11, 15, 16, 19);26;19
(7, 11, 15, 17, 19);26;19
(7, 11, 15, 18, 19);26;19
(7, 11, 16, 17, 19);26;19
(7, 11, 16, 18, 19);26;19
(7, 11, 17, 18, 19);26;19
(7, 12, 13, 14, 19);26;19
(7, 12, 13, 15, 19);26;19
(7, 12, 13, 16, 19);26;19
(7, 12, 13, 17, 19);26;19
(7, 12, 13, 18, 19);26;19
(7, 12, 14, 15, 19);26;19
(7, 12, 14, 16, 19);26;19
(7, 12, 14, 17, 19);26;19
(7, 12, 14, 18, 19);26;19
(7, 12, 15, 16, 19);26;19
(7, 12, 15, 17, 19);26;19
(7, 12, 15, 18, 19);26;19
(7, 12, 16, 17, 19);26;19
(7, 12, 16, 18, 19);26;19
(7, 12, 17, 18, 19);26;19
(7, 13, 14, 15, 19);26;19
(7, 13, 14, 16, 19);26;19
(7, 13, 14, 17, 19);26;19
(7, 13, 14, 18, 19);26;19
(7, 13, 15, 16, 19);26;19
(7, 13, 15, 17, 19);26;19
(7, 13, 15, 18, 19);26;19
(7, 13, 16, 17, 19);26;19
(7, 13, 16, 18, 19);26;19
(7, 13, 17, 18, 19);26;19
(7, 14, 15, 16, 19);26;19
(7, 14, 15, 17, 19);26;19
(7, 14, 15, 18, 19);26;19
(7, 14, 16, 17, 19);26;19
(7, 14, 16, 18, 19);26;19
(7, 14, 17, 18, 19);26;19
(7, 15, 16, 17, 19);58;105
(7, 15, 16, 18, 19);34;31
(7, 15, 17, 18, 19);36;88
(7, 16, 17, 18, 19);35;33
(8, 9, 10, 11, 19);27;19
(8, 9, 10, 12, 19);27;19
(8, 9, 10, 13, 19);27;19
(8, 9, 10, 14, 19);27;19
(8, 9, 10, 15, 19);27;19
(8, 9, 10, 16, 19);27;19
(8, 9, 10, 17, 19);27;19
(8, 9, 10, 18, 19);27;19
(8, 9, 11, 12, 19);27;19
(8, 9, 11, 13, 19);27;19
(8, 9, 11, 14, 19);27;19
(8, 9, 11, 15, 19);27;19
(8, 9, 11, 16, 19);27;19
(8, 9, 11, 17, 19);27;19
(8, 9, 11, 18, 19);27;19
(8, 9, 12, 13, 19);27;19
(8, 9, 12, 14, 19);27;19
(8, 9, 12, 15, 19);27;19
(8, 9, 12, 16, 19);27;19
(8, 9, 12, 17, 19);27;19
(8, 9, 12, 18, 19);27;19
(8, 9, 13, 14, 19);27;19
(8, 9, 13, 15, 19);27;19
(8, 9, 13, 16, 19);27;19
(8, 9, 13, 17, 19);27;19
(8, 9, 13, 18, 19);27;19
(8, 9, 14, 15, 19);27;19
(8, 9, 14, 16, 19);27;19
(8, 9, 14, 17, 19);27;19
(8, 9, 14, 18, 19);27;19
(8, 9, 15, 16, 19);27;19
(8, 9, 15, 17, 19);27;19
(8, 9, 15, 18, 19);27;19
(8, 9, 16, 17, 19);27;19
(8, 9, 16, 18, 19);27;19
(8, 9, 17, 18, 19);27;19
(8, 10, 11, 12, 19);27;19
(8, 10, 11, 13, 19);27;19
(8, 10, 11, 14, 19);27;19
(8, 10, 11, 15, 19);27;19
(8, 10, 11, 16, 19);27;19
(8, 10, 11, 17, 19);27;19
(8, 10, 11, 18, 19);27;19
(8, 10, 12, 13, 19);27;19
(8, 10, 12, 14, 19);27;19
(8, 10, 12, 15, 19);27;19
(8, 10, 12, 16, 19);27;19
(8, 10, 12, 17, 19);27;19
(8, 10, 12, 18, 19);27;19
(8, 10, 13, 14, 19);27;19
(8, 10, 13, 15, 19);27;19
(8, 10, 13, 16, 19);27;19
(8, 10, 13, 17, 19);27;19
(8, 10, 13, 18, 19);27;19
(8, 10, 14, 15, 19);27;19
(8, 10, 14, 16, 19);27;19
(8, 10, 14, 17, 19);27;19
(8, 10, 14, 18, 19);27;19
(8, 10, 15, 16, 19);27;19
(8, 10, 15, 17, 19);27;19
(8, 10, 15, 18, 19);27;19
(8, 10, 16, 17, 19);27;19
(8, 10, 16, 18, 19);27;19
(8, 10, 17, 18, 19);27;19
(8, 11, 12, 13, 19);27;19
(8, 11, 12, 14, 19);27;19
(8, 11, 12, 15, 19);27;19
(8, 11, 12, 16, 19);27;19
(8, 11, 12, 17, 19);27;19
(8, 11, 12, 18, 19);27;19
(8, 11, 13, 14, 19);27;19
(8, 11, 13, 15, 19);27;19
(8, 11, 13, 16, 19);27;19
(8, 11, 13, 17, 19);27;19
(8, 11, 13, 18, 19);27;19
(8, 11, 14, 15, 19);27;19
(8, 11, 14, 16, 19);27;19
(8, 11, 14, 17, 19);27;19
(8, 11, 14, 18, 19);27;19
(8, 11, 15, 16, 19);27;19
(8, 11, 15, 17, 19);27;19
(8, 11, 15, 18, 19);27;19
(8, 11, 16, 17, 19);27;19
(8, 11, 16, 18, 19);27;19
(8, 11, 17, 18, 19);27;19
(8, 12, 13, 14, 19);27;19
(8, 12, 13, 15, 19);27;19
(8, 12, 13, 16, 19);27;19
(8, 12, 13, 17, 19);27;19
(8, 12, 13, 18, 19);27;19
(8, 12, 14, 15, 19);27;19
(8, 12, 14, 16, 19);27;19
(8, 12, 14, 17, 19);27;19
(8, 12, 14, 18, 19);27;19
(8, 12, 15, 16, 19);27;19
(8, 12, 15, 17, 19);27;19
(8, 12, 15, 18, 19);27;19
(8, 12, 16, 17, 19);27;19
(8, 12, 16, 18, 19);27;19
(8, 12, 17, 18, 19);27;19
(8, 13, 14, 15, 19);27;19
(8, 13, 14, 16, 19);27;19
(8, 13, 14, 17, 19);27;19
(8, 13, 14, 18, 19);27;19
(8, 13, 15, 16, 19);27;19
(8, 13, 15, 17, 19);27;19
(8, 13, 15, 18, 19);27;19
(8, 13, 16, 17, 19);27;19
(8, 13, 16, 18, 19);27;19
(8, 13, 17, 18, 19);27;19
(8, 14, 15, 16, 19);27;19
(8, 14, 15, 17, 19);27;19
(8, 14, 15, 18, 19);27;19
(8, 14, 16, 17, 19);27;19
(8, 14, 16, 18, 19);27;19
(8, 14, 17, 18, 19);27;19
(8, 15, 16, 17, 19);27;19
(8, 15, 16, 18, 19);27;19
(8, 15, 17, 18, 19);27;19
(8, 16, 17, 18, 19);27;19
(9, 10, 11, 12, 19);28;19
(9, 10, 11, 13, 19);28;19
(9, 10, 11, 14, 19);28;19
(9, 10, 11, 15, 19);28;19
(9, 10, 11, 16, 19);28;19
(9, 10, 11, 17, 19);28;19
(9, 10, 11, 18, 19);28;19
(9, 10, 12, 13, 19);28;19
(9, 10, 12, 14, 19);28;19
(9, 10, 12, 15, 19);28;19
(9, 10, 12, 16, 19);28;19
(9, 10, 12, 17, 19);28;19
(9, 10, 12, 18, 19);28;19
(9, 10, 13, 14, 19);28;19
(9, 10, 13, 15, 19);28;19
(9, 10, 13, 16, 19);28;19
(9, 10, 13, 17, 19);28;19
(9, 10, 13, 18, 19);28;19
(9, 10, 14, 15, 19);28;19
(9, 10, 14, 16, 19);28;19
(9, 10, 14, 17, 19);28;19
(9, 10, 14, 18, 19);28;19
(9, 10, 15, 16, 19);28;19
(9, 10, 15, 17, 19);28;19
(9, 10, 15, 18, 19);28;19
(9, 10, 16, 17, 19);28;19
(9, 10, 16, 18, 19);28;19
(9, 10, 17, 18, 19);28;19
(9, 11, 12, 13, 19);28;19
(9, 11, 12, 14, 19);28;19
(9, 11, 12, 15, 19);28;19
(9, 11, 12, 16, 19);28;19
(9, 11, 12, 17, 19);28;19
(9, 11, 12, 18, 19);28;19
(9, 11, 13, 14, 19);28;19
(9, 11, 13, 15, 19);28;19
(9, 11, 13, 16, 19);28;19
(9, 11, 13, 17, 19);28;19
(9, 11, 13, 18, 19);28;19
(9, 11, 14, 15, 19);28;19
(9, 11, 14, 16, 19);28;19
(9, 11, 14, 17, 19);28;19
(9, 11, 14, 18, 19);28;19
(9, 11, 15, 16, 19);28;19
(9, 11, 15, 17, 19);28;19
(9, 11, 15, 18, 19);28;19
(9, 11, 16, 17, 19);28;19
(9, 11, 16, 18, 19);28;19
(9, 11, 17, 18, 19);28;19
(9, 12, 13, 14, 19);28;19
(9, 12, 13, 15, 19);28;19
(9, 12, 13, 16, 19);28;19
(9, 12, 13, 17, 19);28;19
(9, 12, 13, 18, 19);28;19
(9, 12, 14, 15, 19);28;19
(9, 12, 14, 16, 19);28;19
(9, 12, 14, 17, 19);28;19
(9, 12, 14, 18, 19);28;19
(9, 12, 15, 16, 19);28;19
(9, 12, 15, 17, 19);28;19
(9, 12, 15, 18, 19);28;19
(9, 12, 16, 17, 19);28;19
(9, 12, 16, 18, 19);28;19
(9, 12, 17, 18, 19);28;19
(9, 13, 14, 15, 19);28;19
(9, 13, 14, 16, 19);28;19
(9, 13, 14, 17, 19);28;19
(9, 13, 14, 18, 19);28;19
(9, 13, 15, 16, 19);28;19
(9, 13, 15, 17, 19);28;19
(9, 13, 15, 18, 19);28;19
(9, 13, 16, 17, 19);28;19
(9, 13, 16, 18, 19);28;19
(9, 13, 17, 18, 19);28;19
(9, 14, 15, 16, 19);28;19
(9, 14, 15, 17, 19);28;19
(9, 14, 15, 18, 19);28;19
(9, 14, 16, 17, 19);28;19
(9, 14, 16, 18, 19);28;19
(9, 14, 17, 18, 19);28;19
(9, 15, 16, 17, 19);28;19
(9, 15, 16, 18, 19);28;19
(9, 15, 17, 18, 19);28;19
(9, 16, 17, 18, 19);28;19
(10, 11, 12, 13, 19);29;19
(10, 11, 12, 14, 19);29;19
(10, 11, 12, 15, 19);29;19
(10, 11, 12, 16, 19);29;19
(10, 11, 12, 17, 19);29;19
(10, 11, 12, 18, 19);29;19
(10, 11, 13, 14, 19);29;19
(10, 11, 13, 15, 19);29;19
(10, 11, 13, 16, 19);29;19
(10, 11, 13, 17, 19);29;19
(10, 11, 13, 18, 19);29;19
(10, 11, 14, 15, 19);29;19
(10, 11, 14, 16, 19);29;19
(10, 11, 14, 17, 19);29;19
(10, 11, 14, 18, 19);29;19
(10, 11, 15, 16, 19);29;19
(10, 11, 15, 17, 19);29;19
(10, 11, 15, 18, 19);29;19
(10, 11, 16, 17, 19);29;19
(10, 11, 16, 18, 19);29;19
(10, 11, 17, 18, 19);29;19
(10, 12, 13, 14, 19);29;19
(10, 12, 13, 15, 19);29;19
(10, 12, 13, 16, 19);29;19
(10, 12, 13, 17, 19);29;19
(10, 12, 13, 18, 19);29;19
(10, 12, 14, 15, 19);29;19
(10, 12, 14, 16, 19);29;19
(10, 12, 14, 17, 19);29;19
(10, 12, 14, 18, 19);29;19
(10, 12, 15, 16, 19);29;19
(10, 12, 15, 17, 19);29;19
(10, 12, 15, 18, 19);29;19
(10, 12, 16, 17, 19);29;19
(10, 12, 16, 18, 19);29;19
(10, 12, 17, 18, 19);29;19
(10, 13, 14, 15, 19);29;19
(10, 13, 14, 16, 19);29;19
(10, 13, 14, 17, 19);29;19
(10, 13, 14, 18, 19);29;19
(10, 13, 15, 16, 19);29;19
(10, 13, 15, 17, 19);29;19
(10, 13, 15, 18, 19);29;19
(10, 13, 16, 17, 19);29;19
(10, 13, 16, 18, 19);29;19
(10, 13, 17, 18, 19);29;19
(10, 14, 15, 16, 19);29;19
(10, 14, 15, 17, 19);29;19
(10, 14, 15, 18, 19);29;19
(10, 14, 16, 17, 19);29;19
(10, 14, 16, 18, 19);29;19
(10, 14, 17, 18, 19);29;19
(10, 15, 16, 17, 19);29;19
(10, 15, 16, 18, 19);29;19
(10, 15, 17, 18, 19);29;19
(10, 16, 17, 18, 19);29;19
(11, 12, 13, 14, 19);30;19
(11, 12, 13, 15, 19);30;19
(11, 12, 13, 16, 19);30;19
(11, 12, 13, 17, 19);30;19
(11, 12, 13, 18, 19);30;19
(11, 12, 14, 15, 19);30;19
(11, 12, 14, 16, 19);30;19
(11, 12, 14, 17, 19);30;19
(11, 12, 14, 18, 19);30;19
(11, 12, 15, 16, 19);30;19
(11, 12, 15, 17, 19);30;19
(11, 12, 15, 18, 19);30;19
(11, 12, 16, 17, 19);30;19
(11, 12, 16, 18, 19);30;19
(11, 12, 17, 18, 19);30;19
(11, 13, 14, 15, 19);30;19
(11, 13, 14, 16, 19);30;19
(11, 13, 14, 17, 19);30;19
(11, 13, 14, 18, 19);30;19
(11, 13, 15, 16, 19);30;19
(11, 13, 15, 17, 19);30;19
(11, 13, 15, 18, 19);30;19
(11, 13, 16, 17, 19);30;19
(11, 13, 16, 18, 19);30;19
(11, 13, 17, 18, 19);30;19
(11, 14, 15, 16, 19);30;19
(11, 14, 15, 17, 19);30;19
(11, 14, 15, 18, 19);30;19
(11, 14, 16, 17, 19);30;19
(11, 14, 16, 18, 19);30;19
(11, 14, 17, 18, 19);30;19
(11, 15, 16, 17, 19);30;19
(11, 15, 16, 18, 19);30;19
(11, 15, 17, 18, 19);30;19
(11, 16, 17, 18, 19);30;19
(12, 13, 14, 15, 19);31;19
(12, 13, 14, 16, 19);31;19
(12, 13, 14, 17, 19);31;19
(12, 13, 14, 18, 19);31;19
(12, 13, 15, 16, 19);31;19
(12, 13, 15, 17, 19);31;19
(12, 13, 15, 18, 19);31;19
(12, 13, 16, 17, 19);31;19
(12, 13, 16, 18, 19);31;19
(12, 13, 17, 18, 19);31;19
(12, 14, 15, 16, 19);31;19
(12, 14, 15, 17, 19);31;19
(12, 14, 15, 18, 19);31;19
(12, 14, 16, 17, 19);31;19
(12, 14, 16, 18, 19);31;19
(12, 14, 17, 18, 19);31;19
(12, 15, 16, 17, 19);31;19
(12, 15, 16, 18, 19);31;19
(12, 15, 17, 18, 19);31;19
(12, 16, 17, 18, 19);31;19
(13, 14, 15, 16, 19);32;19
(13, 14, 15, 17, 19);32;19
(13, 14, 15, 18, 19);32;19
(13, 14, 16, 17, 19);32;19
(13, 14, 16, 18, 19);32;19
(13, 14, 17, 18, 19);32;19
(13, 15, 16, 17, 19);32;19
(13, 15, 16, 18, 19);32;19
(13, 15, 17, 18, 19);32;19
(13, 16, 17, 18, 19);32;19
(14, 15, 16, 17, 19);33;19
(14, 15, 16, 18, 19);33;19
(14, 15, 17, 18, 19);33;19
(14, 16, 17, 18, 19);33;19
(15, 16, 17, 18, 19);34;19
