S;p;l
(1, 2, 3, 4, 10);11;10
(1, 2, 3, 5, 10);4;10
(1, 2, 3, 6, 10);4;10
(1, 2, 3, 7, 10);4;10
(1, 2, 3, 8, 10);9;10
(1, 2, 3, 9, 10);4;10
(1, 2, 4, 5, 10);3;10
(1, 2, 4, 6, 10);8;10
(1, 2, 4, 7, 10);3;10
(1, 2, 4, 8, 10);3;10
(1, 2, 4, 9, 10);11;10
(1, 2, 5, 6, 10);11;10
(1, 2, 5, 7, 10);3;10
(1, 2, 5, 8, 10);3;10
(1, 2, 5, 9, 10);14;10
(1, 2, 6, 7, 10);8;10
(1, 2, 6, 8, 10);16;10
(1, 2, 6, 9, 10);11;10
(1, 2, 7, 8, 10);3;10
(1, 2, 7, 9, 10);11;10
(1, 2, 8, 9, 10);17;10
(1, 3, 4, 5, 10);14;10
(1, 3, 4, 6, 10);7;10
(1, 3, 4, 7, 10);19;11
(1, 3, 4, 8, 10);7;10
(1, 3, 4, 9, 10);13;10
(1, 3, 5, 6, 10);11;10
(1, 3, 5, 7, 10);17;10
(1, 3, 5, 8, 10);13;10
(1, 3, 5, 9, 10);19;10
(1, 3, 6, 7, 10);13;10
(1, 3, 6, 8, 10);9;10
(1, 3, 6, 9, 10);15;10
(1, 3, 7, 8, 10);15;10
(1, 3, 7, 9, 10);19;10
(1, 3, 8, 9, 10);17;10
(1, 4, 5, 6, 10);9;10
(1, 4, 5, 7, 10);3;17
(1, 4, 5, 8, 10);9;10
(1, 4, 5, 9, 10);14;10
(1, 4, 6, 7, 10);16;10
(1, 4, 6, 8, 10);14;10
(1, 4, 6, 9, 10);18;15
(1, 4, 7, 8, 10);25;10
(1, 4, 7, 9, 10);19;10
(1, 4, 8, 9, 10);18;10
(1, 5, 6, 7, 10);13;10
(1, 5, 6, 8, 10);11;10
(1, 5, 6, 9, 10);15;10
(1, 5, 7, 8, 10);15;10
(1, 5, 7, 9, 10);19;10
(1, 5, 8, 9, 10);17;10
(1, 6, 7, 8, 10);13;10
(1, 6, 7, 9, 10);15;10
(1, 6, 8, 9, 10);18;10
(1, 7, 8, 9, 10);17;10
(2, 3, 4, 5, 10);7;10
(2, 3, 4, 6, 10);8;10
(2, 3, 4, 7, 10);17;10
(2, 3, 4, 8, 10);6;10
(2, 3, 4, 9, 10);6;10
(2, 3, 5, 6, 10);8;10
(2, 3, 5, 7, 10);4;15
(2, 3, 5, 8, 10);13;10
(2, 3, 5, 9, 10);7;10
(2, 3, 6, 7, 10);13;10
(2, 3, 6, 8, 10);16;10
(2, 3, 6, 9, 10);12;10
(2, 3, 7, 8, 10);17;10
(2, 3, 7, 9, 10);17;10
(2, 3, 8, 9, 10);6;14
(2, 4, 5, 6, 10);8;10
(2, 4, 5, 7, 10);3;11
(2, 4, 5, 8, 10);13;10
(2, 4, 5, 9, 10);7;10
(2, 4, 6, 7, 10);8;11
(2, 4, 6, 8, 10);12;10
(2, 4, 6, 9, 10);8;12
(2, 4, 7, 8, 10);3;14
(2, 4, 7, 9, 10);17;10
(2, 4, 8, 9, 10);6;10
(2, 5, 6, 7, 10);12;10
(2, 5, 6, 8, 10);16;10
(2, 5, 6, 9, 10);15;10
(2, 5, 7, 8, 10);28;10
(2, 5, 7, 9, 10);27;10
(2, 5, 8, 9, 10);18;10
(2, 6, 7, 8, 10);16;10
(2, 6, 7, 9, 10);16;10
(2, 6, 8, 9, 10);16;10
(2, 7, 8, 9, 10);16;10
(3, 4, 5, 6, 10);16;10
(3, 4, 5, 7, 10);13;10
(3, 4, 5, 8, 10);13;10
(3, 4, 5, 9, 10);14;10
(3, 4, 6, 7, 10);13;10
(3, 4, 6, 8, 10);13;10
(3, 4, 6, 9, 10);13;10
(3, 4, 7, 8, 10);13;10
(3, 4, 7, 9, 10);13;10
(3, 4, 8, 9, 10);6;19
(3, 5, 6, 7, 10);13;10
(3, 5, 6, 8, 10);13;10
(3, 5, 6, 9, 10);13;10
(3, 5, 7, 8, 10);13;10
(3, 5, 7, 9, 10);13;10
(3, 5, 8, 9, 10);13;10
(3, 6, 7, 8, 10);13;10
(3, 6, 7, 9, 10);13;10
(3, 6, 8, 9, 10);13;10
(3, 7, 8, 9, 10);17;10
(4, 5, 6, 7, 10);14;10
(4, 5, 6, 8, 10);14;10
(4, 5, 6, 9, 10);14;10
(4, 5, 7, 8, 10);14;10
(4, 5, 7, 9, 10);14;10
(4, 5, 8, 9, 10);14;10
(4, 6, 7, 8, 10);14;10
(4, 6, 7, 9, 10);14;10
(4, 6, 8, 9, 10);14;10
(4, 7, 8, 9, 10);14;10
(5, 6, 7, 8, 10);15;10
(5, 6, 7, 9, 10);15;10
(5, 6, 8, 9, 10);15;10
(5, 7, 8, 9, 10);15;10
(6, 7, 8, 9, 10);16;10
