S;p;l
(1, 2, 3, 4, 20);21;20
(1, 2, 3, 5, 20);22;20
(1, 2, 3, 6, 20);21;20
(1, 2, 3, 7, 20);21;20
(1, 2, 3, 8, 20);9;20
(1, 2, 3, 9, 20);22;20
(1, 2, 3, 10, 20);21;20
(1, 2, 3, 11, 20);21;20
(1, 2, 3, 12, 20);13;20
(1, 2, 3, 13, 20);22;20
(1, 2, 3, 14, 20);21;20
(1, 2, 3, 15, 20);21;20
(1, 2, 3, 16, 20);17;20
(1, 2, 3, 17, 20);22;20
(1, 2, 3, 18, 20);21;20
(1, 2, 3, 19, 20);21;20
(1, 2, 4, 5, 20);3;20
(1, 2, 4, 6, 20);8;20
(1, 2, 4, 7, 20);3;20
(1, 2, 4, 8, 20);3;20
(1, 2, 4, 9, 20);11;20
(1, 2, 4, 10, 20);3;20
(1, 2, 4, 11, 20);3;20
(1, 2, 4, 12, 20);22;20
(1, 2, 4, 13, 20);3;20
(1, 2, 4, 14, 20);3;20
(1, 2, 4, 15, 20);22;20
(1, 2, 4, 16, 20);3;20
(1, 2, 4, 17, 20);3;20
(1, 2, 4, 18, 20);22;20
(1, 2, 4, 19, 20);3;20
(1, 2, 5, 6, 20);7;20
(1, 2, 5, 7, 20);3;20
(1, 2, 5, 8, 20);3;20
(1, 2, 5, 9, 20);21;24
(1, 2, 5, 10, 20);3;20
(1, 2, 5, 11, 20);3;20
(1, 2, 5, 12, 20);16;37
(1, 2, 5, 13, 20);3;20
(1, 2, 5, 14, 20);3;20
(1, 2, 5, 15, 20);35;20
(1, 2, 5, 16, 20);3;20
(1, 2, 5, 17, 20);3;20
(1, 2, 5, 18, 20);19;20
(1, 2, 5, 19, 20);3;20
(1, 2, 6, 7, 20);8;20
(1, 2, 6, 8, 20);7;20
(1, 2, 6, 9, 20);7;20
(1, 2, 6, 10, 20);11;20
(1, 2, 6, 11, 20);22;41
(1, 2, 6, 12, 20);7;20
(1, 2, 6, 13, 20);7;20
(1, 2, 6, 14, 20);15;52
(1, 2, 6, 15, 20);7;20
(1, 2, 6, 16, 20);7;20
(1, 2, 6, 17, 20);18;20
(1, 2, 6, 18, 20);19;20
(1, 2, 6, 19, 20);7;20
(1, 2, 7, 8, 20);3;20
(1, 2, 7, 9, 20);11;20
(1, 2, 7, 10, 20);3;20
(1, 2, 7, 11, 20);3;20
(1, 2, 7, 12, 20);22;20
(1, 2, 7, 13, 20);3;20
(1, 2, 7, 14, 20);3;20
(1, 2, 7, 15, 20);22;20
(1, 2, 7, 16, 20);3;20
(1, 2, 7, 17, 20);3;20
(1, 2, 7, 18, 20);25;20
(1, 2, 7, 19, 20);3;20
(1, 2, 8, 9, 20);7;54
(1, 2, 8, 10, 20);3;20
(1, 2, 8, 11, 20);3;20
(1, 2, 8, 12, 20);32;20
(1, 2, 8, 13, 20);3;20
(1, 2, 8, 14, 20);3;20
(1, 2, 8, 15, 20);35;20
(1, 2, 8, 16, 20);3;20
(1, 2, 8, 17, 20);3;20
(1, 2, 8, 18, 20);19;20
(1, 2, 8, 19, 20);3;20
(1, 2, 9, 10, 20);11;20
(1, 2, 9, 11, 20);28;20
(1, 2, 9, 12, 20);21;20
(1, 2, 9, 13, 20);7;20
(1, 2, 9, 14, 20);49;21
(1, 2, 9, 15, 20);11;24
(1, 2, 9, 16, 20);21;20
(1, 2, 9, 17, 20);18;20
(1, 2, 9, 18, 20);55;46
(1, 2, 9, 19, 20);21;20
(1, 2, 10, 11, 20);3;20
(1, 2, 10, 12, 20);22;20
(1, 2, 10, 13, 20);3;20
(1, 2, 10, 14, 20);3;20
(1, 2, 10, 15, 20);22;23
(1, 2, 10, 16, 20);3;20
(1, 2, 10, 17, 20);3;20
(1, 2, 10, 18, 20);28;20
(1, 2, 10, 19, 20);3;20
(1, 2, 11, 12, 20);32;20
(1, 2, 11, 13, 20);3;20
(1, 2, 11, 14, 20);3;20
(1, 2, 11, 15, 20);35;20
(1, 2, 11, 16, 20);3;20
(1, 2, 11, 17, 20);3;20
(1, 2, 11, 18, 20);19;20
(1, 2, 11, 19, 20);3;20
(1, 2, 12, 13, 20);7;24
(1, 2, 12, 14, 20);32;20
(1, 2, 12, 15, 20);35;20
(1, 2, 12, 16, 20);21;23
(1, 2, 12, 17, 20);32;20
(1, 2, 12, 18, 20);22;30
(1, 2, 12, 19, 20);21;22
(1, 2, 13, 14, 20);3;20
(1, 2, 13, 15, 20);61;42
(1, 2, 13, 16, 20);3;20
(1, 2, 13, 17, 20);3;20
(1, 2, 13, 18, 20);31;20
(1, 2, 13, 19, 20);3;20
(1, 2, 14, 15, 20);35;20
(1, 2, 14, 16, 20);3;20
(1, 2, 14, 17, 20);3;20
(1, 2, 14, 18, 20);19;20
(1, 2, 14, 19, 20);3;20
(1, 2, 15, 16, 20);7;99
(1, 2, 15, 17, 20);35;20
(1, 2, 15, 18, 20);38;20
(1, 2, 15, 19, 20);69;22
(1, 2, 16, 17, 20);3;20
(1, 2, 16, 18, 20);34;20
(1, 2, 16, 19, 20);3;20
(1, 2, 17, 18, 20);19;20
(1, 2, 17, 19, 20);3;20
(1, 2, 18, 19, 20);36;20
(1, 3, 4, 5, 20);8;20
(1, 3, 4, 6, 20);7;20
(1, 3, 4, 7, 20);8;20
(1, 3, 4, 8, 20);7;20
(1, 3, 4, 9, 20);12;20
(1, 3, 4, 10, 20);7;20
(1, 3, 4, 11, 20);7;20
(1, 3, 4, 12, 20);23;20
(1, 3, 4, 13, 20);7;20
(1, 3, 4, 14, 20);32;20
(1, 3, 4, 15, 20);7;20
(1, 3, 4, 16, 20);19;20
(1, 3, 4, 17, 20);7;20
(1, 3, 4, 18, 20);7;20
(1, 3, 4, 19, 20);23;20
(1, 3, 5, 6, 20);23;20
(1, 3, 5, 7, 20);27;20
(1, 3, 5, 8, 20);28;20
(1, 3, 5, 9, 20);29;20
(1, 3, 5, 10, 20);15;20
(1, 3, 5, 11, 20);31;20
(1, 3, 5, 12, 20);17;20
(1, 3, 5, 13, 20);33;20
(1, 3, 5, 14, 20);19;20
(1, 3, 5, 15, 20);35;20
(1, 3, 5, 16, 20);21;20
(1, 3, 5, 17, 20);37;20
(1, 3, 5, 18, 20);23;20
(1, 3, 5, 19, 20);39;20
(1, 3, 6, 7, 20);25;20
(1, 3, 6, 8, 20);23;20
(1, 3, 6, 9, 20);26;20
(1, 3, 6, 10, 20);23;31
(1, 3, 6, 11, 20);14;20
(1, 3, 6, 12, 20);26;33
(1, 3, 6, 13, 20);23;20
(1, 3, 6, 14, 20);73;20
(1, 3, 6, 15, 20);23;20
(1, 3, 6, 16, 20);19;28
(1, 3, 6, 17, 20);23;20
(1, 3, 6, 18, 20);21;20
(1, 3, 6, 19, 20);39;40
(1, 3, 7, 8, 20);15;20
(1, 3, 7, 9, 20);29;20
(1, 3, 7, 10, 20);17;20
(1, 3, 7, 11, 20);31;20
(1, 3, 7, 12, 20);19;20
(1, 3, 7, 13, 20);33;20
(1, 3, 7, 14, 20);21;20
(1, 3, 7, 15, 20);35;20
(1, 3, 7, 16, 20);23;20
(1, 3, 7, 17, 20);37;20
(1, 3, 7, 18, 20);25;20
(1, 3, 7, 19, 20);39;20
(1, 3, 8, 9, 20);28;71
(1, 3, 8, 10, 20);28;20
(1, 3, 8, 11, 20);7;43
(1, 3, 8, 12, 20);28;20
(1, 3, 8, 13, 20);23;23
(1, 3, 8, 14, 20);28;20
(1, 3, 8, 15, 20);23;20
(1, 3, 8, 16, 20);28;20
(1, 3, 8, 17, 20);84;20
(1, 3, 8, 18, 20);21;31
(1, 3, 8, 19, 20);103;20
(1, 3, 9, 10, 20);19;20
(1, 3, 9, 11, 20);31;20
(1, 3, 9, 12, 20);21;20
(1, 3, 9, 13, 20);33;20
(1, 3, 9, 14, 20);23;20
(1, 3, 9, 15, 20);35;20
(1, 3, 9, 16, 20);25;20
(1, 3, 9, 17, 20);37;20
(1, 3, 9, 18, 20);27;20
(1, 3, 9, 19, 20);39;20
(1, 3, 10, 11, 20);21;20
(1, 3, 10, 12, 20);30;20
(1, 3, 10, 13, 20);23;20
(1, 3, 10, 14, 20);30;20
(1, 3, 10, 15, 20);23;95
(1, 3, 10, 16, 20);30;20
(1, 3, 10, 17, 20);149;20
(1, 3, 10, 18, 20);30;20
(1, 3, 10, 19, 20);39;116
(1, 3, 11, 12, 20);23;20
(1, 3, 11, 13, 20);33;20
(1, 3, 11, 14, 20);25;20
(1, 3, 11, 15, 20);35;20
(1, 3, 11, 16, 20);27;20
(1, 3, 11, 17, 20);37;20
(1, 3, 11, 18, 20);29;20
(1, 3, 11, 19, 20);39;20
(1, 3, 12, 13, 20);25;20
(1, 3, 12, 14, 20);32;20
(1, 3, 12, 15, 20);27;20
(1, 3, 12, 16, 20);32;20
(1, 3, 12, 17, 20);29;101
(1, 3, 12, 18, 20);32;20
(1, 3, 12, 19, 20);69;65
(1, 3, 13, 14, 20);27;20
(1, 3, 13, 15, 20);35;20
(1, 3, 13, 16, 20);29;20
(1, 3, 13, 17, 20);37;20
(1, 3, 13, 18, 20);31;20
(1, 3, 13, 19, 20);39;20
(1, 3, 14, 15, 20);29;20
(1, 3, 14, 16, 20);17;20
(1, 3, 14, 17, 20);31;20
(1, 3, 14, 18, 20);17;20
(1, 3, 14, 19, 20);33;78
(1, 3, 15, 16, 20);31;20
(1, 3, 15, 17, 20);37;20
(1, 3, 15, 18, 20);33;20
(1, 3, 15, 19, 20);39;20
(1, 3, 16, 17, 20);33;20
(1, 3, 16, 18, 20);19;20
(1, 3, 16, 19, 20);35;20
(1, 3, 17, 18, 20);35;20
(1, 3, 17, 19, 20);39;20
(1, 3, 18, 19, 20);37;20
(1, 4, 5, 6, 20);28;21
(1, 4, 5, 7, 20);8;20
(1, 4, 5, 8, 20);3;36
(1, 4, 5, 9, 20);8;20
(1, 4, 5, 10, 20);70;21
(1, 4, 5, 11, 20);8;20
(1, 4, 5, 12, 20);8;20
(1, 4, 5, 13, 20);8;20
(1, 4, 5, 14, 20);17;20
(1, 4, 5, 15, 20);8;20
(1, 4, 5, 16, 20);17;20
(1, 4, 5, 17, 20);8;20
(1, 4, 5, 18, 20);25;20
(1, 4, 5, 19, 20);8;20
(1, 4, 6, 7, 20);13;20
(1, 4, 6, 8, 20);12;20
(1, 4, 6, 9, 20);26;36
(1, 4, 6, 10, 20);14;20
(1, 4, 6, 11, 20);24;24
(1, 4, 6, 12, 20);26;20
(1, 4, 6, 13, 20);24;20
(1, 4, 6, 14, 20);26;50
(1, 4, 6, 15, 20);19;20
(1, 4, 6, 16, 20);12;29
(1, 4, 6, 17, 20);26;20
(1, 4, 6, 18, 20);24;20
(1, 4, 6, 19, 20);66;25
(1, 4, 7, 8, 20);28;64
(1, 4, 7, 9, 20);8;20
(1, 4, 7, 10, 20);30;20
(1, 4, 7, 11, 20);31;20
(1, 4, 7, 12, 20);8;20
(1, 4, 7, 13, 20);33;20
(1, 4, 7, 14, 20);21;20
(1, 4, 7, 15, 20);8;20
(1, 4, 7, 16, 20);36;55
(1, 4, 7, 17, 20);8;20
(1, 4, 7, 18, 20);19;20
(1, 4, 7, 19, 20);13;50
(1, 4, 8, 9, 20);29;20
(1, 4, 8, 10, 20);14;20
(1, 4, 8, 11, 20);12;20
(1, 4, 8, 12, 20);16;20
(1, 4, 8, 13, 20);12;20
(1, 4, 8, 14, 20);28;20
(1, 4, 8, 15, 20);19;20
(1, 4, 8, 16, 20);12;20
(1, 4, 8, 17, 20);21;20
(1, 4, 8, 18, 20);12;20
(1, 4, 8, 19, 20);28;54
(1, 4, 9, 10, 20);19;37
(1, 4, 9, 11, 20);29;20
(1, 4, 9, 12, 20);21;20
(1, 4, 9, 13, 20);29;20
(1, 4, 9, 14, 20);34;41
(1, 4, 9, 15, 20);8;42
(1, 4, 9, 16, 20);29;29
(1, 4, 9, 17, 20);21;22
(1, 4, 9, 18, 20);29;20
(1, 4, 9, 19, 20);61;20
(1, 4, 10, 11, 20);7;20
(1, 4, 10, 12, 20);30;32
(1, 4, 10, 13, 20);14;20
(1, 4, 10, 14, 20);24;20
(1, 4, 10, 15, 20);30;32
(1, 4, 10, 16, 20);43;34
(1, 4, 10, 17, 20);27;52
(1, 4, 10, 18, 20);30;30
(1, 4, 10, 19, 20);125;20
(1, 4, 11, 12, 20);31;20
(1, 4, 11, 13, 20);24;20
(1, 4, 11, 14, 20);31;55
(1, 4, 11, 15, 20);19;20
(1, 4, 11, 16, 20);12;29
(1, 4, 11, 17, 20);31;20
(1, 4, 11, 18, 20);24;24
(1, 4, 11, 19, 20);71;30
(1, 4, 12, 13, 20);40;20
(1, 4, 12, 14, 20);34;20
(1, 4, 12, 15, 20);16;20
(1, 4, 12, 16, 20);32;20
(1, 4, 12, 17, 20);21;20
(1, 4, 12, 18, 20);19;40
(1, 4, 12, 19, 20);39;20
(1, 4, 13, 14, 20);33;20
(1, 4, 13, 15, 20);19;20
(1, 4, 13, 16, 20);12;24
(1, 4, 13, 17, 20);21;73
(1, 4, 13, 18, 20);24;20
(1, 4, 13, 19, 20);33;20
(1, 4, 14, 15, 20);29;51
(1, 4, 14, 16, 20);34;20
(1, 4, 14, 17, 20);34;22
(1, 4, 14, 18, 20);34;20
(1, 4, 14, 19, 20);61;20
(1, 4, 15, 16, 20);31;20
(1, 4, 15, 17, 20);16;37
(1, 4, 15, 18, 20);19;20
(1, 4, 15, 19, 20);34;20
(1, 4, 16, 17, 20);36;20
(1, 4, 16, 18, 20);12;29
(1, 4, 16, 19, 20);38;35
(1, 4, 17, 18, 20);90;42
(1, 4, 17, 19, 20);39;20
(1, 4, 18, 19, 20);38;20
(1, 5, 6, 7, 20);25;20
(1, 5, 6, 8, 20);25;20
(1, 5, 6, 9, 20);26;20
(1, 5, 6, 10, 20);26;20
(1, 5, 6, 11, 20);26;20
(1, 5, 6, 12, 20);26;20
(1, 5, 6, 13, 20);7;20
(1, 5, 6, 14, 20);15;26
(1, 5, 6, 15, 20);21;20
(1, 5, 6, 16, 20);21;20
(1, 5, 6, 17, 20);23;20
(1, 5, 6, 18, 20);23;20
(1, 5, 6, 19, 20);25;20
(1, 5, 7, 8, 20);15;20
(1, 5, 7, 9, 20);29;20
(1, 5, 7, 10, 20);17;20
(1, 5, 7, 11, 20);31;20
(1, 5, 7, 12, 20);19;20
(1, 5, 7, 13, 20);33;20
(1, 5, 7, 14, 20);21;20
(1, 5, 7, 15, 20);35;20
(1, 5, 7, 16, 20);23;20
(1, 5, 7, 17, 20);37;20
(1, 5, 7, 18, 20);25;20
(1, 5, 7, 19, 20);39;20
(1, 5, 8, 9, 20);28;20
(1, 5, 8, 10, 20);28;20
(1, 5, 8, 11, 20);3;31
(1, 5, 8, 12, 20);28;20
(1, 5, 8, 13, 20);21;52
(1, 5, 8, 14, 20);28;20
(1, 5, 8, 15, 20);85;21
(1, 5, 8, 16, 20);28;20
(1, 5, 8, 17, 20);25;20
(1, 5, 8, 18, 20);28;20
(1, 5, 8, 19, 20);65;20
(1, 5, 9, 10, 20);19;20
(1, 5, 9, 11, 20);31;20
(1, 5, 9, 12, 20);21;20
(1, 5, 9, 13, 20);33;20
(1, 5, 9, 14, 20);23;20
(1, 5, 9, 15, 20);35;20
(1, 5, 9, 16, 20);25;20
(1, 5, 9, 17, 20);37;20
(1, 5, 9, 18, 20);27;20
(1, 5, 9, 19, 20);39;20
(1, 5, 10, 11, 20);21;20
(1, 5, 10, 12, 20);15;20
(1, 5, 10, 13, 20);23;20
(1, 5, 10, 14, 20);15;20
(1, 5, 10, 15, 20);25;20
(1, 5, 10, 16, 20);15;20
(1, 5, 10, 17, 20);11;105
(1, 5, 10, 18, 20);15;20
(1, 5, 10, 19, 20);39;40
(1, 5, 11, 12, 20);23;20
(1, 5, 11, 13, 20);33;20
(1, 5, 11, 14, 20);25;20
(1, 5, 11, 15, 20);35;20
(1, 5, 11, 16, 20);27;20
(1, 5, 11, 17, 20);37;20
(1, 5, 11, 18, 20);29;20
(1, 5, 11, 19, 20);39;20
(1, 5, 12, 13, 20);25;20
(1, 5, 12, 14, 20);17;20
(1, 5, 12, 15, 20);27;20
(1, 5, 12, 16, 20);17;20
(1, 5, 12, 17, 20);29;20
(1, 5, 12, 18, 20);17;20
(1, 5, 12, 19, 20);31;39
(1, 5, 13, 14, 20);27;20
(1, 5, 13, 15, 20);35;20
(1, 5, 13, 16, 20);29;20
(1, 5, 13, 17, 20);37;20
(1, 5, 13, 18, 20);31;20
(1, 5, 13, 19, 20);39;20
(1, 5, 14, 15, 20);29;20
(1, 5, 14, 16, 20);19;20
(1, 5, 14, 17, 20);31;20
(1, 5, 14, 18, 20);19;20
(1, 5, 14, 19, 20);33;20
(1, 5, 15, 16, 20);31;20
(1, 5, 15, 17, 20);37;20
(1, 5, 15, 18, 20);33;20
(1, 5, 15, 19, 20);39;20
(1, 5, 16, 17, 20);33;20
(1, 5, 16, 18, 20);21;20
(1, 5, 16, 19, 20);35;20
(1, 5, 17, 18, 20);35;20
(1, 5, 17, 19, 20);39;20
(1, 5, 18, 19, 20);37;20
(1, 6, 7, 8, 20);13;20
(1, 6, 7, 9, 20);26;20
(1, 6, 7, 10, 20);13;20
(1, 6, 7, 11, 20);26;20
(1, 6, 7, 12, 20);13;20
(1, 6, 7, 13, 20);26;20
(1, 6, 7, 14, 20);51;20
(1, 6, 7, 15, 20);21;41
(1, 6, 7, 16, 20);38;20
(1, 6, 7, 17, 20);13;60
(1, 6, 7, 18, 20);25;20
(1, 6, 7, 19, 20);25;20
(1, 6, 8, 9, 20);31;26
(1, 6, 8, 10, 20);30;20
(1, 6, 8, 11, 20);19;20
(1, 6, 8, 12, 20);7;35
(1, 6, 8, 13, 20);7;20
(1, 6, 8, 14, 20);26;21
(1, 6, 8, 15, 20);7;20
(1, 6, 8, 16, 20);12;33
(1, 6, 8, 17, 20);37;20
(1, 6, 8, 18, 20);26;20
(1, 6, 8, 19, 20);39;20
(1, 6, 9, 10, 20);11;23
(1, 6, 9, 11, 20);29;20
(1, 6, 9, 12, 20);26;69
(1, 6, 9, 13, 20);29;20
(1, 6, 9, 14, 20);15;34
(1, 6, 9, 15, 20);21;42
(1, 6, 9, 16, 20);29;27
(1, 6, 9, 17, 20);26;28
(1, 6, 9, 18, 20);29;20
(1, 6, 9, 19, 20);66;20
(1, 6, 10, 11, 20);21;20
(1, 6, 10, 12, 20);32;20
(1, 6, 10, 13, 20);30;20
(1, 6, 10, 14, 20);26;21
(1, 6, 10, 15, 20);30;20
(1, 6, 10, 16, 20);26;20
(1, 6, 10, 17, 20);30;20
(1, 6, 10, 18, 20);28;20
(1, 6, 10, 19, 20);39;20
(1, 6, 11, 12, 20);23;102
(1, 6, 11, 13, 20);31;20
(1, 6, 11, 14, 20);34;20
(1, 6, 11, 15, 20);26;20
(1, 6, 11, 16, 20);36;20
(1, 6, 11, 17, 20);28;23
(1, 6, 11, 18, 20);31;20
(1, 6, 11, 19, 20);21;149
(1, 6, 12, 13, 20);7;35
(1, 6, 12, 14, 20);26;20
(1, 6, 12, 15, 20);7;35
(1, 6, 12, 16, 20);26;23
(1, 6, 12, 17, 20);32;20
(1, 6, 12, 18, 20);26;25
(1, 6, 12, 19, 20);32;20
(1, 6, 13, 14, 20);71;20
(1, 6, 13, 15, 20);7;20
(1, 6, 13, 16, 20);36;20
(1, 6, 13, 17, 20);37;20
(1, 6, 13, 18, 20);19;20
(1, 6, 13, 19, 20);39;20
(1, 6, 14, 15, 20);28;20
(1, 6, 14, 16, 20);15;67
(1, 6, 14, 17, 20);30;21
(1, 6, 14, 18, 20);62;20
(1, 6, 14, 19, 20);32;21
(1, 6, 15, 16, 20);7;42
(1, 6, 15, 17, 20);37;20
(1, 6, 15, 18, 20);33;20
(1, 6, 15, 19, 20);39;20
(1, 6, 16, 17, 20);65;92
(1, 6, 16, 18, 20);36;20
(1, 6, 16, 19, 20);35;20
(1, 6, 17, 18, 20);35;20
(1, 6, 17, 19, 20);39;20
(1, 6, 18, 19, 20);37;20
(1, 7, 8, 9, 20);31;20
(1, 7, 8, 10, 20);15;20
(1, 7, 8, 11, 20);3;51
(1, 7, 8, 12, 20);15;20
(1, 7, 8, 13, 20);42;20
(1, 7, 8, 14, 20);15;20
(1, 7, 8, 15, 20);41;40
(1, 7, 8, 16, 20);15;20
(1, 7, 8, 17, 20);27;20
(1, 7, 8, 18, 20);15;20
(1, 7, 8, 19, 20);27;20
(1, 7, 9, 10, 20);19;20
(1, 7, 9, 11, 20);31;20
(1, 7, 9, 12, 20);21;20
(1, 7, 9, 13, 20);33;20
(1, 7, 9, 14, 20);23;20
(1, 7, 9, 15, 20);35;20
(1, 7, 9, 16, 20);25;20
(1, 7, 9, 17, 20);37;20
(1, 7, 9, 18, 20);27;20
(1, 7, 9, 19, 20);39;20
(1, 7, 10, 11, 20);21;20
(1, 7, 10, 12, 20);17;20
(1, 7, 10, 13, 20);23;20
(1, 7, 10, 14, 20);17;20
(1, 7, 10, 15, 20);25;20
(1, 7, 10, 16, 20);17;20
(1, 7, 10, 17, 20);27;20
(1, 7, 10, 18, 20);17;20
(1, 7, 10, 19, 20);13;51
(1, 7, 11, 12, 20);23;20
(1, 7, 11, 13, 20);33;20
(1, 7, 11, 14, 20);25;20
(1, 7, 11, 15, 20);35;20
(1, 7, 11, 16, 20);27;20
(1, 7, 11, 17, 20);37;20
(1, 7, 11, 18, 20);29;20
(1, 7, 11, 19, 20);39;20
(1, 7, 12, 13, 20);25;20
(1, 7, 12, 14, 20);19;20
(1, 7, 12, 15, 20);27;20
(1, 7, 12, 16, 20);19;20
(1, 7, 12, 17, 20);29;20
(1, 7, 12, 18, 20);19;20
(1, 7, 12, 19, 20);31;20
(1, 7, 13, 14, 20);27;20
(1, 7, 13, 15, 20);35;20
(1, 7, 13, 16, 20);29;20
(1, 7, 13, 17, 20);37;20
(1, 7, 13, 18, 20);31;20
(1, 7, 13, 19, 20);39;20
(1, 7, 14, 15, 20);29;20
(1, 7, 14, 16, 20);21;20
(1, 7, 14, 17, 20);31;20
(1, 7, 14, 18, 20);21;20
(1, 7, 14, 19, 20);33;20
(1, 7, 15, 16, 20);31;20
(1, 7, 15, 17, 20);37;20
(1, 7, 15, 18, 20);33;20
(1, 7, 15, 19, 20);39;20
(1, 7, 16, 17, 20);33;20
(1, 7, 16, 18, 20);23;20
(1, 7, 16, 19, 20);35;20
(1, 7, 17, 18, 20);35;20
(1, 7, 17, 19, 20);39;20
(1, 7, 18, 19, 20);37;20
(1, 8, 9, 10, 20);17;20
(1, 8, 9, 11, 20);29;69
(1, 8, 9, 12, 20);17;20
(1, 8, 9, 13, 20);45;61
(1, 8, 9, 14, 20);17;20
(1, 8, 9, 15, 20);28;77
(1, 8, 9, 16, 20);17;20
(1, 8, 9, 17, 20);28;20
(1, 8, 9, 18, 20);29;86
(1, 8, 9, 19, 20);28;20
(1, 8, 10, 11, 20);21;20
(1, 8, 10, 12, 20);28;20
(1, 8, 10, 13, 20);30;20
(1, 8, 10, 14, 20);28;20
(1, 8, 10, 15, 20);30;20
(1, 8, 10, 16, 20);28;20
(1, 8, 10, 17, 20);30;61
(1, 8, 10, 18, 20);28;20
(1, 8, 10, 19, 20);39;20
(1, 8, 11, 12, 20);50;47
(1, 8, 11, 13, 20);19;20
(1, 8, 11, 14, 20);3;34
(1, 8, 11, 15, 20);26;23
(1, 8, 11, 16, 20);12;57
(1, 8, 11, 17, 20);28;20
(1, 8, 11, 18, 20);19;20
(1, 8, 11, 19, 20);30;86
(1, 8, 12, 13, 20);81;20
(1, 8, 12, 14, 20);28;20
(1, 8, 12, 15, 20);32;39
(1, 8, 12, 16, 20);28;20
(1, 8, 12, 17, 20);34;29
(1, 8, 12, 18, 20);28;20
(1, 8, 12, 19, 20);36;29
(1, 8, 13, 14, 20);3;66
(1, 8, 13, 15, 20);7;22
(1, 8, 13, 16, 20);21;84
(1, 8, 13, 17, 20);37;25
(1, 8, 13, 18, 20);26;20
(1, 8, 13, 19, 20);39;27
(1, 8, 14, 15, 20);30;29
(1, 8, 14, 16, 20);28;20
(1, 8, 14, 17, 20);34;20
(1, 8, 14, 18, 20);28;20
(1, 8, 14, 19, 20);36;29
(1, 8, 15, 16, 20);58;45
(1, 8, 15, 17, 20);37;20
(1, 8, 15, 18, 20);33;20
(1, 8, 15, 19, 20);39;20
(1, 8, 16, 17, 20);34;29
(1, 8, 16, 18, 20);28;20
(1, 8, 16, 19, 20);36;20
(1, 8, 17, 18, 20);59;25
(1, 8, 17, 19, 20);39;20
(1, 8, 18, 19, 20);36;65
(1, 9, 10, 11, 20);21;20
(1, 9, 10, 12, 20);19;20
(1, 9, 10, 13, 20);23;20
(1, 9, 10, 14, 20);19;20
(1, 9, 10, 15, 20);25;20
(1, 9, 10, 16, 20);19;20
(1, 9, 10, 17, 20);27;20
(1, 9, 10, 18, 20);19;20
(1, 9, 10, 19, 20);29;20
(1, 9, 11, 12, 20);23;20
(1, 9, 11, 13, 20);33;20
(1, 9, 11, 14, 20);25;20
(1, 9, 11, 15, 20);35;20
(1, 9, 11, 16, 20);27;20
(1, 9, 11, 17, 20);37;20
(1, 9, 11, 18, 20);29;20
(1, 9, 11, 19, 20);39;20
(1, 9, 12, 13, 20);25;20
(1, 9, 12, 14, 20);21;20
(1, 9, 12, 15, 20);27;20
(1, 9, 12, 16, 20);21;20
(1, 9, 12, 17, 20);29;20
(1, 9, 12, 18, 20);21;20
(1, 9, 12, 19, 20);31;20
(1, 9, 13, 14, 20);27;20
(1, 9, 13, 15, 20);35;20
(1, 9, 13, 16, 20);29;20
(1, 9, 13, 17, 20);37;20
(1, 9, 13, 18, 20);31;20
(1, 9, 13, 19, 20);39;20
(1, 9, 14, 15, 20);29;20
(1, 9, 14, 16, 20);23;20
(1, 9, 14, 17, 20);31;20
(1, 9, 14, 18, 20);23;20
(1, 9, 14, 19, 20);33;20
(1, 9, 15, 16, 20);31;20
(1, 9, 15, 17, 20);37;20
(1, 9, 15, 18, 20);33;20
(1, 9, 15, 19, 20);39;20
(1, 9, 16, 17, 20);33;20
(1, 9, 16, 18, 20);25;20
(1, 9, 16, 19, 20);35;20
(1, 9, 17, 18, 20);35;20
(1, 9, 17, 19, 20);39;20
(1, 9, 18, 19, 20);37;20
(1, 10, 11, 12, 20);21;20
(1, 10, 11, 13, 20);23;20
(1, 10, 11, 14, 20);21;20
(1, 10, 11, 15, 20);25;20
(1, 10, 11, 16, 20);21;20
(1, 10, 11, 17, 20);27;20
(1, 10, 11, 18, 20);21;20
(1, 10, 11, 19, 20);29;20
(1, 10, 12, 13, 20);32;32
(1, 10, 12, 14, 20);30;20
(1, 10, 12, 15, 20);32;20
(1, 10, 12, 16, 20);30;20
(1, 10, 12, 17, 20);32;77
(1, 10, 12, 18, 20);30;20
(1, 10, 12, 19, 20);38;31
(1, 10, 13, 14, 20);76;20
(1, 10, 13, 15, 20);30;32
(1, 10, 13, 16, 20);40;77
(1, 10, 13, 17, 20);30;32
(1, 10, 13, 18, 20);28;99
(1, 10, 13, 19, 20);32;20
(1, 10, 14, 15, 20);24;151
(1, 10, 14, 16, 20);30;20
(1, 10, 14, 17, 20);34;20
(1, 10, 14, 18, 20);30;20
(1, 10, 14, 19, 20);38;31
(1, 10, 15, 16, 20);85;20
(1, 10, 15, 17, 20);32;20
(1, 10, 15, 18, 20);30;20
(1, 10, 15, 19, 20);34;20
(1, 10, 16, 17, 20);34;31
(1, 10, 16, 18, 20);30;20
(1, 10, 16, 19, 20);38;31
(1, 10, 17, 18, 20);95;20
(1, 10, 17, 19, 20);36;36
(1, 10, 18, 19, 20);38;20
(1, 11, 12, 13, 20);25;20
(1, 11, 12, 14, 20);23;20
(1, 11, 12, 15, 20);27;20
(1, 11, 12, 16, 20);23;20
(1, 11, 12, 17, 20);29;20
(1, 11, 12, 18, 20);23;20
(1, 11, 12, 19, 20);31;20
(1, 11, 13, 14, 20);27;20
(1, 11, 13, 15, 20);35;20
(1, 11, 13, 16, 20);29;20
(1, 11, 13, 17, 20);37;20
(1, 11, 13, 18, 20);31;20
(1, 11, 13, 19, 20);39;20
(1, 11, 14, 15, 20);29;20
(1, 11, 14, 16, 20);25;20
(1, 11, 14, 17, 20);31;20
(1, 11, 14, 18, 20);25;20
(1, 11, 14, 19, 20);33;20
(1, 11, 15, 16, 20);31;20
(1, 11, 15, 17, 20);37;20
(1, 11, 15, 18, 20);33;20
(1, 11, 15, 19, 20);39;20
(1, 11, 16, 17, 20);33;20
(1, 11, 16, 18, 20);27;20
(1, 11, 16, 19, 20);35;20
(1, 11, 17, 18, 20);35;20
(1, 11, 17, 19, 20);39;20
(1, 11, 18, 19, 20);37;20
(1, 12, 13, 14, 20);25;20
(1, 12, 13, 15, 20);27;20
(1, 12, 13, 16, 20);25;20
(1, 12, 13, 17, 20);29;20
(1, 12, 13, 18, 20);25;20
(1, 12, 13, 19, 20);31;20
(1, 12, 14, 15, 20);34;28
(1, 12, 14, 16, 20);32;20
(1, 12, 14, 17, 20);34;20
(1, 12, 14, 18, 20);32;20
(1, 12, 14, 19, 20);38;33
(1, 12, 15, 16, 20);57;55
(1, 12, 15, 17, 20);32;20
(1, 12, 15, 18, 20);90;25
(1, 12, 15, 19, 20);34;20
(1, 12, 16, 17, 20);34;33
(1, 12, 16, 18, 20);32;20
(1, 12, 16, 19, 20);38;33
(1, 12, 17, 18, 20);63;20
(1, 12, 17, 19, 20);70;55
(1, 12, 18, 19, 20);38;20
(1, 13, 14, 15, 20);29;20
(1, 13, 14, 16, 20);27;20
(1, 13, 14, 17, 20);31;20
(1, 13, 14, 18, 20);27;20
(1, 13, 14, 19, 20);33;20
(1, 13, 15, 16, 20);31;20
(1, 13, 15, 17, 20);37;20
(1, 13, 15, 18, 20);33;20
(1, 13, 15, 19, 20);39;20
(1, 13, 16, 17, 20);33;20
(1, 13, 16, 18, 20);29;20
(1, 13, 16, 19, 20);35;20
(1, 13, 17, 18, 20);35;20
(1, 13, 17, 19, 20);39;20
(1, 13, 18, 19, 20);37;20
(1, 14, 15, 16, 20);29;20
(1, 14, 15, 17, 20);31;20
(1, 14, 15, 18, 20);29;20
(1, 14, 15, 19, 20);33;20
(1, 14, 16, 17, 20);36;20
(1, 14, 16, 18, 20);34;20
(1, 14, 16, 19, 20);38;35
(1, 14, 17, 18, 20);65;20
(1, 14, 17, 19, 20);36;20
(1, 14, 18, 19, 20);38;20
(1, 15, 16, 17, 20);33;20
(1, 15, 16, 18, 20);31;20
(1, 15, 16, 19, 20);35;20
(1, 15, 17, 18, 20);35;20
(1, 15, 17, 19, 20);39;20
(1, 15, 18, 19, 20);37;20
(1, 16, 17, 18, 20);33;20
(1, 16, 17, 19, 20);35;20
(1, 16, 18, 19, 20);38;20
(1, 17, 18, 19, 20);37;20
(2, 3, 4, 5, 20);22;20
(2, 3, 4, 6, 20);8;20
(2, 3, 4, 7, 20);11;20
(2, 3, 4, 8, 20);6;20
(2, 3, 4, 9, 20);6;20
(2, 3, 4, 10, 20);6;20
(2, 3, 4, 11, 20);22;25
(2, 3, 4, 12, 20);22;20
(2, 3, 4, 13, 20);17;20
(2, 3, 4, 14, 20);6;20
(2, 3, 4, 15, 20);6;20
(2, 3, 4, 16, 20);6;20
(2, 3, 4, 17, 20);37;20
(2, 3, 4, 18, 20);22;20
(2, 3, 4, 19, 20);23;20
(2, 3, 5, 6, 20);8;20
(2, 3, 5, 7, 20);9;20
(2, 3, 5, 8, 20);17;33
(2, 3, 5, 9, 20);29;26
(2, 3, 5, 10, 20);22;20
(2, 3, 5, 11, 20);22;20
(2, 3, 5, 12, 20);22;20
(2, 3, 5, 13, 20);15;20
(2, 3, 5, 14, 20);16;20
(2, 3, 5, 15, 20);41;20
(2, 3, 5, 16, 20);25;20
(2, 3, 5, 17, 20);22;20
(2, 3, 5, 18, 20);22;20
(2, 3, 5, 19, 20);22;20
(2, 3, 6, 7, 20);9;20
(2, 3, 6, 8, 20);14;20
(2, 3, 6, 9, 20);23;33
(2, 3, 6, 10, 20);13;20
(2, 3, 6, 11, 20);9;20
(2, 3, 6, 12, 20);9;20
(2, 3, 6, 13, 20);23;28
(2, 3, 6, 14, 20);17;20
(2, 3, 6, 15, 20);9;20
(2, 3, 6, 16, 20);9;20
(2, 3, 6, 17, 20);23;20
(2, 3, 6, 18, 20);26;38
(2, 3, 6, 19, 20);22;20
(2, 3, 7, 8, 20);27;20
(2, 3, 7, 9, 20);27;20
(2, 3, 7, 10, 20);13;49
(2, 3, 7, 11, 20);23;20
(2, 3, 7, 12, 20);23;43
(2, 3, 7, 13, 20);27;24
(2, 3, 7, 14, 20);27;20
(2, 3, 7, 15, 20);18;41
(2, 3, 7, 16, 20);23;20
(2, 3, 7, 17, 20);37;59
(2, 3, 7, 18, 20);27;52
(2, 3, 7, 19, 20);27;20
(2, 3, 8, 9, 20);11;20
(2, 3, 8, 10, 20);6;20
(2, 3, 8, 11, 20);28;20
(2, 3, 8, 12, 20);28;50
(2, 3, 8, 13, 20);11;29
(2, 3, 8, 14, 20);22;20
(2, 3, 8, 15, 20);17;20
(2, 3, 8, 16, 20);28;20
(2, 3, 8, 17, 20);28;48
(2, 3, 8, 18, 20);38;24
(2, 3, 8, 19, 20);22;24
(2, 3, 9, 10, 20);6;26
(2, 3, 9, 11, 20);66;20
(2, 3, 9, 12, 20);32;20
(2, 3, 9, 13, 20);11;20
(2, 3, 9, 14, 20);11;20
(2, 3, 9, 15, 20);17;20
(2, 3, 9, 16, 20);18;20
(2, 3, 9, 17, 20);37;53
(2, 3, 9, 18, 20);38;20
(2, 3, 9, 19, 20);11;20
(2, 3, 10, 11, 20);13;64
(2, 3, 10, 12, 20);22;23
(2, 3, 10, 13, 20);23;20
(2, 3, 10, 14, 20);6;26
(2, 3, 10, 15, 20);6;26
(2, 3, 10, 16, 20);6;30
(2, 3, 10, 17, 20);46;127
(2, 3, 10, 18, 20);38;72
(2, 3, 10, 19, 20);29;20
(2, 3, 11, 12, 20);23;20
(2, 3, 11, 13, 20);31;20
(2, 3, 11, 14, 20);79;20
(2, 3, 11, 15, 20);18;20
(2, 3, 11, 16, 20);23;20
(2, 3, 11, 17, 20);37;20
(2, 3, 11, 18, 20);93;20
(2, 3, 11, 19, 20);22;20
(2, 3, 12, 13, 20);32;20
(2, 3, 12, 14, 20);32;20
(2, 3, 12, 15, 20);9;46
(2, 3, 12, 16, 20);23;23
(2, 3, 12, 17, 20);37;73
(2, 3, 12, 18, 20);32;24
(2, 3, 12, 19, 20);32;20
(2, 3, 13, 14, 20);11;24
(2, 3, 13, 15, 20);28;20
(2, 3, 13, 16, 20);33;20
(2, 3, 13, 17, 20);33;43
(2, 3, 13, 18, 20);38;24
(2, 3, 13, 19, 20);11;29
(2, 3, 14, 15, 20);17;20
(2, 3, 14, 16, 20);58;39
(2, 3, 14, 17, 20);34;20
(2, 3, 14, 18, 20);38;20
(2, 3, 14, 19, 20);22;20
(2, 3, 15, 16, 20);18;20
(2, 3, 15, 17, 20);32;49
(2, 3, 15, 18, 20);33;20
(2, 3, 15, 19, 20);17;20
(2, 3, 16, 17, 20);37;23
(2, 3, 16, 18, 20);36;20
(2, 3, 16, 19, 20);22;103
(2, 3, 17, 18, 20);37;20
(2, 3, 17, 19, 20);37;20
(2, 3, 18, 19, 20);38;24
(2, 4, 5, 6, 20);8;20
(2, 4, 5, 7, 20);9;20
(2, 4, 5, 8, 20);3;20
(2, 4, 5, 9, 20);32;20
(2, 4, 5, 10, 20);22;20
(2, 4, 5, 11, 20);22;20
(2, 4, 5, 12, 20);22;20
(2, 4, 5, 13, 20);15;20
(2, 4, 5, 14, 20);16;20
(2, 4, 5, 15, 20);64;20
(2, 4, 5, 16, 20);32;20
(2, 4, 5, 17, 20);22;20
(2, 4, 5, 18, 20);22;20
(2, 4, 5, 19, 20);22;20
(2, 4, 6, 7, 20);9;20
(2, 4, 6, 8, 20);22;20
(2, 4, 6, 9, 20);8;20
(2, 4, 6, 10, 20);8;20
(2, 4, 6, 11, 20);8;20
(2, 4, 6, 12, 20);8;20
(2, 4, 6, 13, 20);8;20
(2, 4, 6, 14, 20);8;20
(2, 4, 6, 15, 20);17;20
(2, 4, 6, 16, 20);18;20
(2, 4, 6, 17, 20);8;20
(2, 4, 6, 18, 20);8;20
(2, 4, 6, 19, 20);8;20
(2, 4, 7, 8, 20);11;20
(2, 4, 7, 9, 20);11;20
(2, 4, 7, 10, 20);36;20
(2, 4, 7, 11, 20);32;20
(2, 4, 7, 12, 20);32;20
(2, 4, 7, 13, 20);33;20
(2, 4, 7, 14, 20);27;20
(2, 4, 7, 15, 20);22;20
(2, 4, 7, 16, 20);32;35
(2, 4, 7, 17, 20);24;20
(2, 4, 7, 18, 20);22;23
(2, 4, 7, 19, 20);3;47
(2, 4, 8, 9, 20);6;20
(2, 4, 8, 10, 20);6;20
(2, 4, 8, 11, 20);3;20
(2, 4, 8, 12, 20);16;20
(2, 4, 8, 13, 20);17;20
(2, 4, 8, 14, 20);6;20
(2, 4, 8, 15, 20);6;20
(2, 4, 8, 16, 20);6;20
(2, 4, 8, 17, 20);3;21
(2, 4, 8, 18, 20);22;20
(2, 4, 8, 19, 20);23;20
(2, 4, 9, 10, 20);6;20
(2, 4, 9, 11, 20);29;31
(2, 4, 9, 12, 20);11;20
(2, 4, 9, 13, 20);17;20
(2, 4, 9, 14, 20);6;20
(2, 4, 9, 15, 20);6;20
(2, 4, 9, 16, 20);6;20
(2, 4, 9, 17, 20);37;20
(2, 4, 9, 18, 20);22;23
(2, 4, 9, 19, 20);23;20
(2, 4, 10, 11, 20);22;64
(2, 4, 10, 12, 20);22;20
(2, 4, 10, 13, 20);23;40
(2, 4, 10, 14, 20);6;20
(2, 4, 10, 15, 20);6;20
(2, 4, 10, 16, 20);6;20
(2, 4, 10, 17, 20);3;27
(2, 4, 10, 18, 20);28;20
(2, 4, 10, 19, 20);29;20
(2, 4, 11, 12, 20);22;20
(2, 4, 11, 13, 20);15;20
(2, 4, 11, 14, 20);3;20
(2, 4, 11, 15, 20);31;20
(2, 4, 11, 16, 20);3;57
(2, 4, 11, 17, 20);3;37
(2, 4, 11, 18, 20);22;20
(2, 4, 11, 19, 20);22;20
(2, 4, 12, 13, 20);15;20
(2, 4, 12, 14, 20);16;20
(2, 4, 12, 15, 20);64;20
(2, 4, 12, 16, 20);32;20
(2, 4, 12, 17, 20);19;24
(2, 4, 12, 18, 20);22;20
(2, 4, 12, 19, 20);22;20
(2, 4, 13, 14, 20);17;20
(2, 4, 13, 15, 20);17;20
(2, 4, 13, 16, 20);65;26
(2, 4, 13, 17, 20);3;78
(2, 4, 13, 18, 20);22;20
(2, 4, 13, 19, 20);39;20
(2, 4, 14, 15, 20);6;20
(2, 4, 14, 16, 20);6;20
(2, 4, 14, 17, 20);3;21
(2, 4, 14, 18, 20);22;20
(2, 4, 14, 19, 20);23;20
(2, 4, 15, 16, 20);6;20
(2, 4, 15, 17, 20);37;20
(2, 4, 15, 18, 20);11;29
(2, 4, 15, 19, 20);23;20
(2, 4, 16, 17, 20);3;33
(2, 4, 16, 18, 20);34;20
(2, 4, 16, 19, 20);35;20
(2, 4, 17, 18, 20);22;30
(2, 4, 17, 19, 20);21;39
(2, 4, 18, 19, 20);22;20
(2, 5, 6, 7, 20);25;20
(2, 5, 6, 8, 20);14;20
(2, 5, 6, 9, 20);11;20
(2, 5, 6, 10, 20);15;20
(2, 5, 6, 11, 20);25;20
(2, 5, 6, 12, 20);18;20
(2, 5, 6, 13, 20);11;20
(2, 5, 6, 14, 20);34;32
(2, 5, 6, 15, 20);7;68
(2, 5, 6, 16, 20);11;20
(2, 5, 6, 17, 20);11;20
(2, 5, 6, 18, 20);38;71
(2, 5, 6, 19, 20);25;20
(2, 5, 7, 8, 20);49;25
(2, 5, 7, 9, 20);26;20
(2, 5, 7, 10, 20);52;20
(2, 5, 7, 11, 20);22;20
(2, 5, 7, 12, 20);27;20
(2, 5, 7, 13, 20);3;30
(2, 5, 7, 14, 20);3;30
(2, 5, 7, 15, 20);22;20
(2, 5, 7, 16, 20);31;20
(2, 5, 7, 17, 20);22;20
(2, 5, 7, 18, 20);48;20
(2, 5, 7, 19, 20);47;21
(2, 5, 8, 9, 20);28;20
(2, 5, 8, 10, 20);3;33
(2, 5, 8, 11, 20);22;23
(2, 5, 8, 12, 20);28;44
(2, 5, 8, 13, 20);7;70
(2, 5, 8, 14, 20);22;23
(2, 5, 8, 15, 20);62;147
(2, 5, 8, 16, 20);28;20
(2, 5, 8, 17, 20);22;28
(2, 5, 8, 18, 20);61;30
(2, 5, 8, 19, 20);28;56
(2, 5, 9, 10, 20);15;20
(2, 5, 9, 11, 20);101;55
(2, 5, 9, 12, 20);32;20
(2, 5, 9, 13, 20);18;20
(2, 5, 9, 14, 20);29;42
(2, 5, 9, 15, 20);35;20
(2, 5, 9, 16, 20);25;20
(2, 5, 9, 17, 20);22;48
(2, 5, 9, 18, 20);131;79
(2, 5, 9, 19, 20);39;20
(2, 5, 10, 11, 20);22;29
(2, 5, 10, 12, 20);22;20
(2, 5, 10, 13, 20);15;20
(2, 5, 10, 14, 20);3;64
(2, 5, 10, 15, 20);25;20
(2, 5, 10, 16, 20);26;26
(2, 5, 10, 17, 20);15;20
(2, 5, 10, 18, 20);22;25
(2, 5, 10, 19, 20);29;20
(2, 5, 11, 12, 20);22;57
(2, 5, 11, 13, 20);22;21
(2, 5, 11, 14, 20);22;39
(2, 5, 11, 15, 20);35;32
(2, 5, 11, 16, 20);53;26
(2, 5, 11, 17, 20);22;20
(2, 5, 11, 18, 20);38;23
(2, 5, 11, 19, 20);38;57
(2, 5, 12, 13, 20);25;20
(2, 5, 12, 14, 20);26;74
(2, 5, 12, 15, 20);35;20
(2, 5, 12, 16, 20);32;20
(2, 5, 12, 17, 20);29;26
(2, 5, 12, 18, 20);66;62
(2, 5, 12, 19, 20);39;20
(2, 5, 13, 14, 20);56;37
(2, 5, 13, 15, 20);7;66
(2, 5, 13, 16, 20);18;20
(2, 5, 13, 17, 20);22;20
(2, 5, 13, 18, 20);15;55
(2, 5, 13, 19, 20);32;20
(2, 5, 14, 15, 20);29;64
(2, 5, 14, 16, 20);47;21
(2, 5, 14, 17, 20);22;40
(2, 5, 14, 18, 20);38;46
(2, 5, 14, 19, 20);34;84
(2, 5, 15, 16, 20);35;20
(2, 5, 15, 17, 20);94;35
(2, 5, 15, 18, 20);68;26
(2, 5, 15, 19, 20);35;70
(2, 5, 16, 17, 20);11;35
(2, 5, 16, 18, 20);36;20
(2, 5, 16, 19, 20);39;20
(2, 5, 17, 18, 20);22;43
(2, 5, 17, 19, 20);36;26
(2, 5, 18, 19, 20);36;33
(2, 6, 7, 8, 20);14;20
(2, 6, 7, 9, 20);41;21
(2, 6, 7, 10, 20);30;20
(2, 6, 7, 11, 20);13;20
(2, 6, 7, 12, 20);18;20
(2, 6, 7, 13, 20);109;33
(2, 6, 7, 14, 20);34;20
(2, 6, 7, 15, 20);13;20
(2, 6, 7, 16, 20);22;20
(2, 6, 7, 17, 20);23;43
(2, 6, 7, 18, 20);38;20
(2, 6, 7, 19, 20);13;20
(2, 6, 8, 9, 20);14;23
(2, 6, 8, 10, 20);28;20
(2, 6, 8, 11, 20);13;20
(2, 6, 8, 12, 20);14;20
(2, 6, 8, 13, 20);40;23
(2, 6, 8, 14, 20);38;22
(2, 6, 8, 15, 20);40;20
(2, 6, 8, 16, 20);14;20
(2, 6, 8, 17, 20);54;20
(2, 6, 8, 18, 20);26;20
(2, 6, 8, 19, 20);27;20
(2, 6, 9, 10, 20);30;20
(2, 6, 9, 11, 20);22;20
(2, 6, 9, 12, 20);18;20
(2, 6, 9, 13, 20);26;20
(2, 6, 9, 14, 20);34;20
(2, 6, 9, 15, 20);123;28
(2, 6, 9, 16, 20);22;20
(2, 6, 9, 17, 20);26;20
(2, 6, 9, 18, 20);38;20
(2, 6, 9, 19, 20);25;50
(2, 6, 10, 11, 20);30;20
(2, 6, 10, 12, 20);22;20
(2, 6, 10, 13, 20);30;20
(2, 6, 10, 14, 20);34;20
(2, 6, 10, 15, 20);30;20
(2, 6, 10, 16, 20);26;20
(2, 6, 10, 17, 20);30;23
(2, 6, 10, 18, 20);38;20
(2, 6, 10, 19, 20);30;28
(2, 6, 11, 12, 20);18;20
(2, 6, 11, 13, 20);97;57
(2, 6, 11, 14, 20);34;20
(2, 6, 11, 15, 20);26;20
(2, 6, 11, 16, 20);22;20
(2, 6, 11, 17, 20);53;66
(2, 6, 11, 18, 20);38;20
(2, 6, 11, 19, 20);13;24
(2, 6, 12, 13, 20);18;25
(2, 6, 12, 14, 20);26;20
(2, 6, 12, 15, 20);9;26
(2, 6, 12, 16, 20);18;20
(2, 6, 12, 17, 20);29;29
(2, 6, 12, 18, 20);30;20
(2, 6, 12, 19, 20);31;28
(2, 6, 13, 14, 20);34;20
(2, 6, 13, 15, 20);111;40
(2, 6, 13, 16, 20);22;20
(2, 6, 13, 17, 20);26;23
(2, 6, 13, 18, 20);38;20
(2, 6, 13, 19, 20);59;20
(2, 6, 14, 15, 20);34;20
(2, 6, 14, 16, 20);30;20
(2, 6, 14, 17, 20);34;20
(2, 6, 14, 18, 20);38;20
(2, 6, 14, 19, 20);34;24
(2, 6, 15, 16, 20);22;24
(2, 6, 15, 17, 20);95;47
(2, 6, 15, 18, 20);38;20
(2, 6, 15, 19, 20);13;28
(2, 6, 16, 17, 20);11;33
(2, 6, 16, 18, 20);34;20
(2, 6, 16, 19, 20);35;34
(2, 6, 17, 18, 20);38;20
(2, 6, 17, 19, 20);71;20
(2, 6, 18, 19, 20);38;20
(2, 7, 8, 9, 20);29;20
(2, 7, 8, 10, 20);3;48
(2, 7, 8, 11, 20);28;20
(2, 7, 8, 12, 20);28;20
(2, 7, 8, 13, 20);3;45
(2, 7, 8, 14, 20);27;24
(2, 7, 8, 15, 20);22;34
(2, 7, 8, 16, 20);28;20
(2, 7, 8, 17, 20);14;27
(2, 7, 8, 18, 20);62;20
(2, 7, 8, 19, 20);27;31
(2, 7, 9, 10, 20);17;41
(2, 7, 9, 11, 20);35;22
(2, 7, 9, 12, 20);47;23
(2, 7, 9, 13, 20);41;21
(2, 7, 9, 14, 20);27;27
(2, 7, 9, 15, 20);22;39
(2, 7, 9, 16, 20);65;122
(2, 7, 9, 17, 20);41;21
(2, 7, 9, 18, 20);26;22
(2, 7, 9, 19, 20);26;20
(2, 7, 10, 11, 20);30;20
(2, 7, 10, 12, 20);22;20
(2, 7, 10, 13, 20);49;31
(2, 7, 10, 14, 20);34;20
(2, 7, 10, 15, 20);30;20
(2, 7, 10, 16, 20);26;20
(2, 7, 10, 17, 20);27;20
(2, 7, 10, 18, 20);38;20
(2, 7, 10, 19, 20);30;20
(2, 7, 11, 12, 20);32;20
(2, 7, 11, 13, 20);59;36
(2, 7, 11, 14, 20);3;61
(2, 7, 11, 15, 20);22;20
(2, 7, 11, 16, 20);9;20
(2, 7, 11, 17, 20);37;20
(2, 7, 11, 18, 20);61;61
(2, 7, 11, 19, 20);13;26
(2, 7, 12, 13, 20);33;20
(2, 7, 12, 14, 20);53;23
(2, 7, 12, 15, 20);27;20
(2, 7, 12, 16, 20);32;20
(2, 7, 12, 17, 20);37;20
(2, 7, 12, 18, 20);66;61
(2, 7, 12, 19, 20);31;45
(2, 7, 13, 14, 20);53;23
(2, 7, 13, 15, 20);53;46
(2, 7, 13, 16, 20);59;49
(2, 7, 13, 17, 20);3;39
(2, 7, 13, 18, 20);62;20
(2, 7, 13, 19, 20);84;29
(2, 7, 14, 15, 20);22;52
(2, 7, 14, 16, 20);58;22
(2, 7, 14, 17, 20);31;52
(2, 7, 14, 18, 20);25;91
(2, 7, 14, 19, 20);34;160
(2, 7, 15, 16, 20);31;20
(2, 7, 15, 17, 20);22;73
(2, 7, 15, 18, 20);61;61
(2, 7, 15, 19, 20);13;26
(2, 7, 16, 17, 20);37;20
(2, 7, 16, 18, 20);35;27
(2, 7, 16, 19, 20);35;20
(2, 7, 17, 18, 20);35;20
(2, 7, 17, 19, 20);35;28
(2, 7, 18, 19, 20);38;30
(2, 8, 9, 10, 20);6;34
(2, 8, 9, 11, 20);35;22
(2, 8, 9, 12, 20);28;20
(2, 8, 9, 13, 20);11;37
(2, 8, 9, 14, 20);11;33
(2, 8, 9, 15, 20);17;33
(2, 8, 9, 16, 20);28;20
(2, 8, 9, 17, 20);51;20
(2, 8, 9, 18, 20);62;20
(2, 8, 9, 19, 20);11;43
(2, 8, 10, 11, 20);35;20
(2, 8, 10, 12, 20);18;20
(2, 8, 10, 13, 20);3;57
(2, 8, 10, 14, 20);6;34
(2, 8, 10, 15, 20);6;51
(2, 8, 10, 16, 20);18;20
(2, 8, 10, 17, 20);3;61
(2, 8, 10, 18, 20);28;20
(2, 8, 10, 19, 20);29;62
(2, 8, 11, 12, 20);28;20
(2, 8, 11, 13, 20);48;83
(2, 8, 11, 14, 20);22;20
(2, 8, 11, 15, 20);35;20
(2, 8, 11, 16, 20);28;20
(2, 8, 11, 17, 20);22;59
(2, 8, 11, 18, 20);62;20
(2, 8, 11, 19, 20);97;20
(2, 8, 12, 13, 20);7;61
(2, 8, 12, 14, 20);32;20
(2, 8, 12, 15, 20);23;94
(2, 8, 12, 16, 20);28;20
(2, 8, 12, 17, 20);25;95
(2, 8, 12, 18, 20);36;30
(2, 8, 12, 19, 20);27;57
(2, 8, 13, 14, 20);11;24
(2, 8, 13, 15, 20);28;32
(2, 8, 13, 16, 20);7;77
(2, 8, 13, 17, 20);37;20
(2, 8, 13, 18, 20);88;91
(2, 8, 13, 19, 20);11;43
(2, 8, 14, 15, 20);17;39
(2, 8, 14, 16, 20);50;20
(2, 8, 14, 17, 20);22;37
(2, 8, 14, 18, 20);38;20
(2, 8, 14, 19, 20);22;24
(2, 8, 15, 16, 20);23;50
(2, 8, 15, 17, 20);35;119
(2, 8, 15, 18, 20);114;66
(2, 8, 15, 19, 20);17;43
(2, 8, 16, 17, 20);25;51
(2, 8, 16, 18, 20);36;20
(2, 8, 16, 19, 20);27;27
(2, 8, 17, 18, 20);62;30
(2, 8, 17, 19, 20);98;30
(2, 8, 18, 19, 20);62;20
(2, 9, 10, 11, 20);22;20
(2, 9, 10, 12, 20);22;20
(2, 9, 10, 13, 20);30;20
(2, 9, 10, 14, 20);34;20
(2, 9, 10, 15, 20);80;50
(2, 9, 10, 16, 20);26;20
(2, 9, 10, 17, 20);30;20
(2, 9, 10, 18, 20);38;20
(2, 9, 10, 19, 20);29;20
(2, 9, 11, 12, 20);75;46
(2, 9, 11, 13, 20);22;20
(2, 9, 11, 14, 20);48;20
(2, 9, 11, 15, 20);65;93
(2, 9, 11, 16, 20);97;46
(2, 9, 11, 17, 20);22;75
(2, 9, 11, 18, 20);56;20
(2, 9, 11, 19, 20);57;181
(2, 9, 12, 13, 20);25;20
(2, 9, 12, 14, 20);26;32
(2, 9, 12, 15, 20);35;20
(2, 9, 12, 16, 20);32;20
(2, 9, 12, 17, 20);29;20
(2, 9, 12, 18, 20);102;28
(2, 9, 12, 19, 20);39;28
(2, 9, 13, 14, 20);11;44
(2, 9, 13, 15, 20);28;62
(2, 9, 13, 16, 20);29;20
(2, 9, 13, 17, 20);37;20
(2, 9, 13, 18, 20);37;29
(2, 9, 13, 19, 20);11;54
(2, 9, 14, 15, 20);29;20
(2, 9, 14, 16, 20);29;25
(2, 9, 14, 17, 20);34;20
(2, 9, 14, 18, 20);38;35
(2, 9, 14, 19, 20);33;26
(2, 9, 15, 16, 20);18;40
(2, 9, 15, 17, 20);92;27
(2, 9, 15, 18, 20);33;20
(2, 9, 15, 19, 20);17;44
(2, 9, 16, 17, 20);33;20
(2, 9, 16, 18, 20);70;28
(2, 9, 16, 19, 20);39;20
(2, 9, 17, 18, 20);37;29
(2, 9, 17, 19, 20);37;47
(2, 9, 18, 19, 20);37;20
(2, 10, 11, 12, 20);22;20
(2, 10, 11, 13, 20);26;20
(2, 10, 11, 14, 20);34;20
(2, 10, 11, 15, 20);30;20
(2, 10, 11, 16, 20);26;20
(2, 10, 11, 17, 20);115;31
(2, 10, 11, 18, 20);38;20
(2, 10, 11, 19, 20);30;20
(2, 10, 12, 13, 20);22;25
(2, 10, 12, 14, 20);26;20
(2, 10, 12, 15, 20);22;26
(2, 10, 12, 16, 20);22;20
(2, 10, 12, 17, 20);22;29
(2, 10, 12, 18, 20);30;20
(2, 10, 12, 19, 20);22;30
(2, 10, 13, 14, 20);34;20
(2, 10, 13, 15, 20);85;40
(2, 10, 13, 16, 20);26;20
(2, 10, 13, 17, 20);30;20
(2, 10, 13, 18, 20);38;20
(2, 10, 13, 19, 20);92;20
(2, 10, 14, 15, 20);34;20
(2, 10, 14, 16, 20);30;20
(2, 10, 14, 17, 20);34;20
(2, 10, 14, 18, 20);38;20
(2, 10, 14, 19, 20);34;24
(2, 10, 15, 16, 20);26;20
(2, 10, 15, 17, 20);95;47
(2, 10, 15, 18, 20);38;20
(2, 10, 15, 19, 20);30;24
(2, 10, 16, 17, 20);26;33
(2, 10, 16, 18, 20);34;20
(2, 10, 16, 19, 20);26;34
(2, 10, 17, 18, 20);38;20
(2, 10, 17, 19, 20);71;20
(2, 10, 18, 19, 20);38;20
(2, 11, 12, 13, 20);22;25
(2, 11, 12, 14, 20);26;20
(2, 11, 12, 15, 20);27;26
(2, 11, 12, 16, 20);32;20
(2, 11, 12, 17, 20);226;65
(2, 11, 12, 18, 20);66;20
(2, 11, 12, 19, 20);31;20
(2, 11, 13, 14, 20);26;20
(2, 11, 13, 15, 20);26;20
(2, 11, 13, 16, 20);22;29
(2, 11, 13, 17, 20);75;102
(2, 11, 13, 18, 20);30;20
(2, 11, 13, 19, 20);15;117
(2, 11, 14, 15, 20);34;20
(2, 11, 14, 16, 20);30;20
(2, 11, 14, 17, 20);31;20
(2, 11, 14, 18, 20);38;20
(2, 11, 14, 19, 20);34;20
(2, 11, 15, 16, 20);31;20
(2, 11, 15, 17, 20);35;69
(2, 11, 15, 18, 20);74;30
(2, 11, 15, 19, 20);39;20
(2, 11, 16, 17, 20);37;95
(2, 11, 16, 18, 20);35;31
(2, 11, 16, 19, 20);35;20
(2, 11, 17, 18, 20);35;20
(2, 11, 17, 19, 20);35;32
(2, 11, 18, 19, 20);38;20
(2, 12, 13, 14, 20);26;20
(2, 12, 13, 15, 20);26;20
(2, 12, 13, 16, 20);25;25
(2, 12, 13, 17, 20);29;29
(2, 12, 13, 18, 20);96;20
(2, 12, 13, 19, 20);32;20
(2, 12, 14, 15, 20);26;20
(2, 12, 14, 16, 20);26;20
(2, 12, 14, 17, 20);26;27
(2, 12, 14, 18, 20);30;20
(2, 12, 14, 19, 20);26;28
(2, 12, 15, 16, 20);27;26
(2, 12, 15, 17, 20);32;20
(2, 12, 15, 18, 20);96;20
(2, 12, 15, 19, 20);31;20
(2, 12, 16, 17, 20);37;33
(2, 12, 16, 18, 20);36;20
(2, 12, 16, 19, 20);39;34
(2, 12, 17, 18, 20);66;34
(2, 12, 17, 19, 20);102;134
(2, 12, 18, 19, 20);66;20
(2, 13, 14, 15, 20);30;20
(2, 13, 14, 16, 20);30;20
(2, 13, 14, 17, 20);34;20
(2, 13, 14, 18, 20);38;20
(2, 13, 14, 19, 20);33;20
(2, 13, 15, 16, 20);26;30
(2, 13, 15, 17, 20);30;20
(2, 13, 15, 18, 20);64;20
(2, 13, 15, 19, 20);59;32
(2, 13, 16, 17, 20);33;20
(2, 13, 16, 18, 20);34;32
(2, 13, 16, 19, 20);32;58
(2, 13, 17, 18, 20);37;33
(2, 13, 17, 19, 20);37;51
(2, 13, 18, 19, 20);37;20
(2, 14, 15, 16, 20);30;20
(2, 14, 15, 17, 20);65;47
(2, 14, 15, 18, 20);38;20
(2, 14, 15, 19, 20);34;20
(2, 14, 16, 17, 20);30;33
(2, 14, 16, 18, 20);34;20
(2, 14, 16, 19, 20);30;34
(2, 14, 17, 18, 20);38;20
(2, 14, 17, 19, 20);71;20
(2, 14, 18, 19, 20);38;20
(2, 15, 16, 17, 20);30;33
(2, 15, 16, 18, 20);34;20
(2, 15, 16, 19, 20);35;20
(2, 15, 17, 18, 20);34;20
(2, 15, 17, 19, 20);34;20
(2, 15, 18, 19, 20);38;20
(2, 16, 17, 18, 20);34;20
(2, 16, 17, 19, 20);34;20
(2, 16, 18, 19, 20);34;20
(2, 17, 18, 19, 20);37;20
(3, 4, 5, 6, 20);26;20
(3, 4, 5, 7, 20);23;20
(3, 4, 5, 8, 20);23;20
(3, 4, 5, 9, 20);25;33
(3, 4, 5, 10, 20);15;20
(3, 4, 5, 11, 20);8;20
(3, 4, 5, 12, 20);8;20
(3, 4, 5, 13, 20);8;20
(3, 4, 5, 14, 20);17;20
(3, 4, 5, 15, 20);35;20
(3, 4, 5, 16, 20);17;146
(3, 4, 5, 17, 20);37;21
(3, 4, 5, 18, 20);23;20
(3, 4, 5, 19, 20);8;20
(3, 4, 6, 7, 20);23;20
(3, 4, 6, 8, 20);23;20
(3, 4, 6, 9, 20);12;20
(3, 4, 6, 10, 20);7;25
(3, 4, 6, 11, 20);17;20
(3, 4, 6, 12, 20);26;20
(3, 4, 6, 13, 20);26;20
(3, 4, 6, 14, 20);26;20
(3, 4, 6, 15, 20);35;20
(3, 4, 6, 16, 20);32;20
(3, 4, 6, 17, 20);23;20
(3, 4, 6, 18, 20);23;20
(3, 4, 6, 19, 20);23;20
(3, 4, 7, 8, 20);23;20
(3, 4, 7, 9, 20);12;20
(3, 4, 7, 10, 20);13;20
(3, 4, 7, 11, 20);47;62
(3, 4, 7, 12, 20);24;22
(3, 4, 7, 13, 20);26;20
(3, 4, 7, 14, 20);11;48
(3, 4, 7, 15, 20);11;43
(3, 4, 7, 16, 20);23;20
(3, 4, 7, 17, 20);23;20
(3, 4, 7, 18, 20);23;20
(3, 4, 7, 19, 20);23;20
(3, 4, 8, 9, 20);12;20
(3, 4, 8, 10, 20);6;24
(3, 4, 8, 11, 20);28;20
(3, 4, 8, 12, 20);16;20
(3, 4, 8, 13, 20);17;20
(3, 4, 8, 14, 20);6;20
(3, 4, 8, 15, 20);12;20
(3, 4, 8, 16, 20);12;20
(3, 4, 8, 17, 20);23;45
(3, 4, 8, 18, 20);22;34
(3, 4, 8, 19, 20);23;20
(3, 4, 9, 10, 20);6;85
(3, 4, 9, 11, 20);29;20
(3, 4, 9, 12, 20);29;30
(3, 4, 9, 13, 20);17;68
(3, 4, 9, 14, 20);6;34
(3, 4, 9, 15, 20);24;20
(3, 4, 9, 16, 20);12;44
(3, 4, 9, 17, 20);37;62
(3, 4, 9, 18, 20);29;27
(3, 4, 9, 19, 20);23;56
(3, 4, 10, 11, 20);30;20
(3, 4, 10, 12, 20);30;20
(3, 4, 10, 13, 20);23;20
(3, 4, 10, 14, 20);24;20
(3, 4, 10, 15, 20);6;79
(3, 4, 10, 16, 20);62;32
(3, 4, 10, 17, 20);37;20
(3, 4, 10, 18, 20);30;26
(3, 4, 10, 19, 20);30;20
(3, 4, 11, 12, 20);23;20
(3, 4, 11, 13, 20);8;20
(3, 4, 11, 14, 20);25;20
(3, 4, 11, 15, 20);31;22
(3, 4, 11, 16, 20);31;76
(3, 4, 11, 17, 20);37;20
(3, 4, 11, 18, 20);38;26
(3, 4, 11, 19, 20);23;26
(3, 4, 12, 13, 20);16;20
(3, 4, 12, 14, 20);17;20
(3, 4, 12, 15, 20);48;38
(3, 4, 12, 16, 20);32;20
(3, 4, 12, 17, 20);37;20
(3, 4, 12, 18, 20);38;20
(3, 4, 12, 19, 20);23;20
(3, 4, 13, 14, 20);17;20
(3, 4, 13, 15, 20);35;20
(3, 4, 13, 16, 20);19;38
(3, 4, 13, 17, 20);30;20
(3, 4, 13, 18, 20);31;20
(3, 4, 13, 19, 20);16;20
(3, 4, 14, 15, 20);6;66
(3, 4, 14, 16, 20);6;46
(3, 4, 14, 17, 20);30;21
(3, 4, 14, 18, 20);96;102
(3, 4, 14, 19, 20);23;30
(3, 4, 15, 16, 20);19;56
(3, 4, 15, 17, 20);7;76
(3, 4, 15, 18, 20);65;85
(3, 4, 15, 19, 20);23;80
(3, 4, 16, 17, 20);106;36
(3, 4, 16, 18, 20);36;20
(3, 4, 16, 19, 20);67;57
(3, 4, 17, 18, 20);37;20
(3, 4, 17, 19, 20);37;20
(3, 4, 18, 19, 20);38;26
(3, 5, 6, 7, 20);23;20
(3, 5, 6, 8, 20);23;20
(3, 5, 6, 9, 20);12;20
(3, 5, 6, 10, 20);38;20
(3, 5, 6, 11, 20);17;20
(3, 5, 6, 12, 20);26;20
(3, 5, 6, 13, 20);26;20
(3, 5, 6, 14, 20);26;20
(3, 5, 6, 15, 20);35;20
(3, 5, 6, 16, 20);49;57
(3, 5, 6, 17, 20);23;20
(3, 5, 6, 18, 20);23;20
(3, 5, 6, 19, 20);25;20
(3, 5, 7, 8, 20);23;20
(3, 5, 7, 9, 20);12;20
(3, 5, 7, 10, 20);13;20
(3, 5, 7, 11, 20);40;20
(3, 5, 7, 12, 20);8;116
(3, 5, 7, 13, 20);26;20
(3, 5, 7, 14, 20);34;29
(3, 5, 7, 15, 20);23;29
(3, 5, 7, 16, 20);23;20
(3, 5, 7, 17, 20);23;20
(3, 5, 7, 18, 20);23;20
(3, 5, 7, 19, 20);23;20
(3, 5, 8, 9, 20);12;20
(3, 5, 8, 10, 20);13;20
(3, 5, 8, 11, 20);14;20
(3, 5, 8, 12, 20);28;41
(3, 5, 8, 13, 20);43;23
(3, 5, 8, 14, 20);23;52
(3, 5, 8, 15, 20);23;20
(3, 5, 8, 16, 20);23;20
(3, 5, 8, 17, 20);23;20
(3, 5, 8, 18, 20);23;20
(3, 5, 8, 19, 20);23;20
(3, 5, 9, 10, 20);44;20
(3, 5, 9, 11, 20);29;20
(3, 5, 9, 12, 20);29;20
(3, 5, 9, 13, 20);40;23
(3, 5, 9, 14, 20);29;27
(3, 5, 9, 15, 20);35;34
(3, 5, 9, 16, 20);25;20
(3, 5, 9, 17, 20);37;40
(3, 5, 9, 18, 20);27;37
(3, 5, 9, 19, 20);40;48
(3, 5, 10, 11, 20);15;20
(3, 5, 10, 12, 20);15;20
(3, 5, 10, 13, 20);23;20
(3, 5, 10, 14, 20);24;20
(3, 5, 10, 15, 20);25;20
(3, 5, 10, 16, 20);15;64
(3, 5, 10, 17, 20);37;20
(3, 5, 10, 18, 20);15;20
(3, 5, 10, 19, 20);15;20
(3, 5, 11, 12, 20);8;20
(3, 5, 11, 13, 20);8;20
(3, 5, 11, 14, 20);25;20
(3, 5, 11, 15, 20);52;21
(3, 5, 11, 16, 20);27;84
(3, 5, 11, 17, 20);37;21
(3, 5, 11, 18, 20);23;20
(3, 5, 11, 19, 20);8;20
(3, 5, 12, 13, 20);8;20
(3, 5, 12, 14, 20);17;20
(3, 5, 12, 15, 20);35;20
(3, 5, 12, 16, 20);17;99
(3, 5, 12, 17, 20);37;21
(3, 5, 12, 18, 20);23;20
(3, 5, 12, 19, 20);8;20
(3, 5, 13, 14, 20);17;20
(3, 5, 13, 15, 20);35;20
(3, 5, 13, 16, 20);29;47
(3, 5, 13, 17, 20);30;29
(3, 5, 13, 18, 20);31;20
(3, 5, 13, 19, 20);8;20
(3, 5, 14, 15, 20);35;20
(3, 5, 14, 16, 20);19;82
(3, 5, 14, 17, 20);31;20
(3, 5, 14, 18, 20);32;20
(3, 5, 14, 19, 20);33;20
(3, 5, 15, 16, 20);36;98
(3, 5, 15, 17, 20);31;154
(3, 5, 15, 18, 20);31;56
(3, 5, 15, 19, 20);40;53
(3, 5, 16, 17, 20);132;25
(3, 5, 16, 18, 20);21;96
(3, 5, 16, 19, 20);181;193
(3, 5, 17, 18, 20);37;21
(3, 5, 17, 19, 20);37;21
(3, 5, 18, 19, 20);23;20
(3, 6, 7, 8, 20);23;20
(3, 6, 7, 9, 20);12;20
(3, 6, 7, 10, 20);13;20
(3, 6, 7, 11, 20);9;20
(3, 6, 7, 12, 20);9;27
(3, 6, 7, 13, 20);26;20
(3, 6, 7, 14, 20);17;64
(3, 6, 7, 15, 20);9;39
(3, 6, 7, 16, 20);23;20
(3, 6, 7, 17, 20);23;20
(3, 6, 7, 18, 20);23;20
(3, 6, 7, 19, 20);23;20
(3, 6, 8, 9, 20);12;20
(3, 6, 8, 10, 20);13;20
(3, 6, 8, 11, 20);14;20
(3, 6, 8, 12, 20);54;20
(3, 6, 8, 13, 20);26;26
(3, 6, 8, 14, 20);50;20
(3, 6, 8, 15, 20);23;20
(3, 6, 8, 16, 20);23;20
(3, 6, 8, 17, 20);23;20
(3, 6, 8, 18, 20);23;20
(3, 6, 8, 19, 20);23;20
(3, 6, 9, 10, 20);13;20
(3, 6, 9, 11, 20);14;20
(3, 6, 9, 12, 20);15;20
(3, 6, 9, 13, 20);23;20
(3, 6, 9, 14, 20);63;20
(3, 6, 9, 15, 20);12;20
(3, 6, 9, 16, 20);12;20
(3, 6, 9, 17, 20);12;20
(3, 6, 9, 18, 20);12;20
(3, 6, 9, 19, 20);12;20
(3, 6, 10, 11, 20);30;20
(3, 6, 10, 12, 20);16;20
(3, 6, 10, 13, 20);16;20
(3, 6, 10, 14, 20);58;20
(3, 6, 10, 15, 20);13;42
(3, 6, 10, 16, 20);26;20
(3, 6, 10, 17, 20);23;34
(3, 6, 10, 18, 20);51;20
(3, 6, 10, 19, 20);39;20
(3, 6, 11, 12, 20);17;20
(3, 6, 11, 13, 20);17;20
(3, 6, 11, 14, 20);17;20
(3, 6, 11, 15, 20);9;20
(3, 6, 11, 16, 20);9;22
(3, 6, 11, 17, 20);23;26
(3, 6, 11, 18, 20);7;36
(3, 6, 11, 19, 20);22;26
(3, 6, 12, 13, 20);26;20
(3, 6, 12, 14, 20);26;20
(3, 6, 12, 15, 20);9;30
(3, 6, 12, 16, 20);9;30
(3, 6, 12, 17, 20);126;20
(3, 6, 12, 18, 20);24;20
(3, 6, 12, 19, 20);25;20
(3, 6, 13, 14, 20);26;20
(3, 6, 13, 15, 20);35;20
(3, 6, 13, 16, 20);33;36
(3, 6, 13, 17, 20);23;57
(3, 6, 13, 18, 20);24;25
(3, 6, 13, 19, 20);25;20
(3, 6, 14, 15, 20);35;20
(3, 6, 14, 16, 20);30;34
(3, 6, 14, 17, 20);32;20
(3, 6, 14, 18, 20);62;81
(3, 6, 14, 19, 20);25;26
(3, 6, 15, 16, 20);9;31
(3, 6, 15, 17, 20);32;58
(3, 6, 15, 18, 20);21;65
(3, 6, 15, 19, 20);57;20
(3, 6, 16, 17, 20);23;26
(3, 6, 16, 18, 20);23;32
(3, 6, 16, 19, 20);22;39
(3, 6, 17, 18, 20);23;20
(3, 6, 17, 19, 20);23;20
(3, 6, 18, 19, 20);23;20
(3, 7, 8, 9, 20);28;20
(3, 7, 8, 10, 20);15;45
(3, 7, 8, 11, 20);28;50
(3, 7, 8, 12, 20);15;90
(3, 7, 8, 13, 20);27;49
(3, 7, 8, 14, 20);27;20
(3, 7, 8, 15, 20);23;20
(3, 7, 8, 16, 20);23;20
(3, 7, 8, 17, 20);37;32
(3, 7, 8, 18, 20);27;41
(3, 7, 8, 19, 20);27;20
(3, 7, 9, 10, 20);30;20
(3, 7, 9, 11, 20);40;51
(3, 7, 9, 12, 20);29;82
(3, 7, 9, 13, 20);27;31
(3, 7, 9, 14, 20);27;20
(3, 7, 9, 15, 20);40;20
(3, 7, 9, 16, 20);25;105
(3, 7, 9, 17, 20);40;66
(3, 7, 9, 18, 20);27;20
(3, 7, 9, 19, 20);40;20
(3, 7, 10, 11, 20);13;34
(3, 7, 10, 12, 20);17;76
(3, 7, 10, 13, 20);17;29
(3, 7, 10, 14, 20);17;20
(3, 7, 10, 15, 20);13;34
(3, 7, 10, 16, 20);13;34
(3, 7, 10, 17, 20);27;20
(3, 7, 10, 18, 20);17;86
(3, 7, 10, 19, 20);13;56
(3, 7, 11, 12, 20);23;24
(3, 7, 11, 13, 20);33;92
(3, 7, 11, 14, 20);61;20
(3, 7, 11, 15, 20);18;20
(3, 7, 11, 16, 20);23;20
(3, 7, 11, 17, 20);37;54
(3, 7, 11, 18, 20);118;142
(3, 7, 11, 19, 20);22;57
(3, 7, 12, 13, 20);16;35
(3, 7, 12, 14, 20);54;40
(3, 7, 12, 15, 20);9;31
(3, 7, 12, 16, 20);23;24
(3, 7, 12, 17, 20);61;20
(3, 7, 12, 18, 20);38;20
(3, 7, 12, 19, 20);63;90
(3, 7, 13, 14, 20);27;20
(3, 7, 13, 15, 20);22;91
(3, 7, 13, 16, 20);33;32
(3, 7, 13, 17, 20);105;62
(3, 7, 13, 18, 20);31;89
(3, 7, 13, 19, 20);27;81
(3, 7, 14, 15, 20);22;48
(3, 7, 14, 16, 20);21;138
(3, 7, 14, 17, 20);33;62
(3, 7, 14, 18, 20);21;62
(3, 7, 14, 19, 20);27;36
(3, 7, 15, 16, 20);23;29
(3, 7, 15, 17, 20);32;69
(3, 7, 15, 18, 20);33;149
(3, 7, 15, 19, 20);22;40
(3, 7, 16, 17, 20);37;94
(3, 7, 16, 18, 20);23;41
(3, 7, 16, 19, 20);23;66
(3, 7, 17, 18, 20);23;104
(3, 7, 17, 19, 20);61;48
(3, 7, 18, 19, 20);27;89
(3, 8, 9, 10, 20);6;36
(3, 8, 9, 11, 20);41;73
(3, 8, 9, 12, 20);45;26
(3, 8, 9, 13, 20);11;20
(3, 8, 9, 14, 20);17;20
(3, 8, 9, 15, 20);23;20
(3, 8, 9, 16, 20);6;42
(3, 8, 9, 17, 20);59;124
(3, 8, 9, 18, 20);38;37
(3, 8, 9, 19, 20);28;20
(3, 8, 10, 11, 20);18;62
(3, 8, 10, 12, 20);23;22
(3, 8, 10, 13, 20);23;20
(3, 8, 10, 14, 20);6;21
(3, 8, 10, 15, 20);18;24
(3, 8, 10, 16, 20);6;42
(3, 8, 10, 17, 20);86;161
(3, 8, 10, 18, 20);28;20
(3, 8, 10, 19, 20);29;58
(3, 8, 11, 12, 20);107;69
(3, 8, 11, 13, 20);14;39
(3, 8, 11, 14, 20);63;20
(3, 8, 11, 15, 20);23;67
(3, 8, 11, 16, 20);19;65
(3, 8, 11, 17, 20);28;39
(3, 8, 11, 18, 20);28;65
(3, 8, 11, 19, 20);44;116
(3, 8, 12, 13, 20);32;29
(3, 8, 12, 14, 20);28;26
(3, 8, 12, 15, 20);126;32
(3, 8, 12, 16, 20);28;24
(3, 8, 12, 17, 20);90;20
(3, 8, 12, 18, 20);28;93
(3, 8, 12, 19, 20);32;20
(3, 8, 13, 14, 20);33;20
(3, 8, 13, 15, 20);28;20
(3, 8, 13, 16, 20);29;112
(3, 8, 13, 17, 20);34;60
(3, 8, 13, 18, 20);38;20
(3, 8, 13, 19, 20);33;66
(3, 8, 14, 15, 20);23;52
(3, 8, 14, 16, 20);28;88
(3, 8, 14, 17, 20);34;20
(3, 8, 14, 18, 20);38;20
(3, 8, 14, 19, 20);39;20
(3, 8, 15, 16, 20);23;20
(3, 8, 15, 17, 20);23;113
(3, 8, 15, 18, 20);23;80
(3, 8, 15, 19, 20);34;29
(3, 8, 16, 17, 20);59;45
(3, 8, 16, 18, 20);34;20
(3, 8, 16, 19, 20);23;80
(3, 8, 17, 18, 20);34;29
(3, 8, 17, 19, 20);34;29
(3, 8, 18, 19, 20);38;20
(3, 9, 10, 11, 20);29;20
(3, 9, 10, 12, 20);23;20
(3, 9, 10, 13, 20);23;20
(3, 9, 10, 14, 20);6;46
(3, 9, 10, 15, 20);30;20
(3, 9, 10, 16, 20);6;60
(3, 9, 10, 17, 20);37;112
(3, 9, 10, 18, 20);92;20
(3, 9, 10, 19, 20);29;20
(3, 9, 11, 12, 20);23;20
(3, 9, 11, 13, 20);23;20
(3, 9, 11, 14, 20);23;20
(3, 9, 11, 15, 20);53;72
(3, 9, 11, 16, 20);27;81
(3, 9, 11, 17, 20);93;20
(3, 9, 11, 18, 20);29;20
(3, 9, 11, 19, 20);52;20
(3, 9, 12, 13, 20);23;20
(3, 9, 12, 14, 20);23;20
(3, 9, 12, 15, 20);75;20
(3, 9, 12, 16, 20);52;28
(3, 9, 12, 17, 20);29;20
(3, 9, 12, 18, 20);29;28
(3, 9, 12, 19, 20);97;29
(3, 9, 13, 14, 20);11;23
(3, 9, 13, 15, 20);28;27
(3, 9, 13, 16, 20);29;20
(3, 9, 13, 17, 20);64;20
(3, 9, 13, 18, 20);60;74
(3, 9, 13, 19, 20);11;23
(3, 9, 14, 15, 20);29;20
(3, 9, 14, 16, 20);6;58
(3, 9, 14, 17, 20);99;20
(3, 9, 14, 18, 20);23;77
(3, 9, 14, 19, 20);28;23
(3, 9, 15, 16, 20);36;20
(3, 9, 15, 17, 20);35;20
(3, 9, 15, 18, 20);35;20
(3, 9, 15, 19, 20);34;23
(3, 9, 16, 17, 20);35;20
(3, 9, 16, 18, 20);35;20
(3, 9, 16, 19, 20);35;20
(3, 9, 17, 18, 20);35;20
(3, 9, 17, 19, 20);35;20
(3, 9, 18, 19, 20);29;27
(3, 10, 11, 12, 20);30;26
(3, 10, 11, 13, 20);23;20
(3, 10, 11, 14, 20);23;20
(3, 10, 11, 15, 20);30;20
(3, 10, 11, 16, 20);13;45
(3, 10, 11, 17, 20);37;62
(3, 10, 11, 18, 20);30;58
(3, 10, 11, 19, 20);30;36
(3, 10, 12, 13, 20);23;20
(3, 10, 12, 14, 20);23;20
(3, 10, 12, 15, 20);22;134
(3, 10, 12, 16, 20);30;62
(3, 10, 12, 17, 20);37;27
(3, 10, 12, 18, 20);30;26
(3, 10, 12, 19, 20);30;26
(3, 10, 13, 14, 20);23;20
(3, 10, 13, 15, 20);23;65
(3, 10, 13, 16, 20);106;39
(3, 10, 13, 17, 20);29;20
(3, 10, 13, 18, 20);23;92
(3, 10, 13, 19, 20);23;45
(3, 10, 14, 15, 20);6;46
(3, 10, 14, 16, 20);30;20
(3, 10, 14, 17, 20);65;20
(3, 10, 14, 18, 20);148;20
(3, 10, 14, 19, 20);29;20
(3, 10, 15, 16, 20);6;60
(3, 10, 15, 17, 20);66;34
(3, 10, 15, 18, 20);100;99
(3, 10, 15, 19, 20);29;53
(3, 10, 16, 17, 20);36;20
(3, 10, 16, 18, 20);36;20
(3, 10, 16, 19, 20);36;20
(3, 10, 17, 18, 20);137;20
(3, 10, 17, 19, 20);137;20
(3, 10, 18, 19, 20);30;83
(3, 11, 12, 13, 20);8;62
(3, 11, 12, 14, 20);23;20
(3, 11, 12, 15, 20);123;216
(3, 11, 12, 16, 20);23;41
(3, 11, 12, 17, 20);37;27
(3, 11, 12, 18, 20);38;26
(3, 11, 12, 19, 20);23;26
(3, 11, 13, 14, 20);23;20
(3, 11, 13, 15, 20);23;20
(3, 11, 13, 16, 20);29;37
(3, 11, 13, 17, 20);30;48
(3, 11, 13, 18, 20);31;37
(3, 11, 13, 19, 20);8;38
(3, 11, 14, 15, 20);47;112
(3, 11, 14, 16, 20);25;95
(3, 11, 14, 17, 20);29;20
(3, 11, 14, 18, 20);102;100
(3, 11, 14, 19, 20);74;52
(3, 11, 15, 16, 20);31;20
(3, 11, 15, 17, 20);7;114
(3, 11, 15, 18, 20);130;65
(3, 11, 15, 19, 20);30;78
(3, 11, 16, 17, 20);37;60
(3, 11, 16, 18, 20);36;20
(3, 11, 16, 19, 20);36;20
(3, 11, 17, 18, 20);37;20
(3, 11, 17, 19, 20);37;20
(3, 11, 18, 19, 20);38;26
(3, 12, 13, 14, 20);17;40
(3, 12, 13, 15, 20);52;20
(3, 12, 13, 16, 20);40;178
(3, 12, 13, 17, 20);30;30
(3, 12, 13, 18, 20);31;31
(3, 12, 13, 19, 20);16;38
(3, 12, 14, 15, 20);75;20
(3, 12, 14, 16, 20);28;28
(3, 12, 14, 17, 20);29;20
(3, 12, 14, 18, 20);32;32
(3, 12, 14, 19, 20);39;37
(3, 12, 15, 16, 20);52;28
(3, 12, 15, 17, 20);29;20
(3, 12, 15, 18, 20);29;20
(3, 12, 15, 19, 20);29;23
(3, 12, 16, 17, 20);96;59
(3, 12, 16, 18, 20);32;50
(3, 12, 16, 19, 20);68;208
(3, 12, 17, 18, 20);37;27
(3, 12, 17, 19, 20);37;27
(3, 12, 18, 19, 20);38;28
(3, 13, 14, 15, 20);28;27
(3, 13, 14, 16, 20);29;20
(3, 13, 14, 17, 20);34;20
(3, 13, 14, 18, 20);38;32
(3, 13, 14, 19, 20);33;20
(3, 13, 15, 16, 20);29;20
(3, 13, 15, 17, 20);64;20
(3, 13, 15, 18, 20);33;29
(3, 13, 15, 19, 20);28;27
(3, 13, 16, 17, 20);93;20
(3, 13, 16, 18, 20);29;78
(3, 13, 16, 19, 20);91;20
(3, 13, 17, 18, 20);35;98
(3, 13, 17, 19, 20);67;32
(3, 13, 18, 19, 20);38;47
(3, 14, 15, 16, 20);6;58
(3, 14, 15, 17, 20);99;20
(3, 14, 15, 18, 20);29;83
(3, 14, 15, 19, 20);34;20
(3, 14, 16, 17, 20);64;20
(3, 14, 16, 18, 20);34;20
(3, 14, 16, 19, 20);35;47
(3, 14, 17, 18, 20);34;33
(3, 14, 17, 19, 20);34;20
(3, 14, 18, 19, 20);38;20
(3, 15, 16, 17, 20);35;20
(3, 15, 16, 18, 20);35;20
(3, 15, 16, 19, 20);35;20
(3, 15, 17, 18, 20);35;20
(3, 15, 17, 19, 20);35;20
(3, 15, 18, 19, 20);35;20
(3, 16, 17, 18, 20);35;20
(3, 16, 17, 19, 20);35;20
(3, 16, 18, 19, 20);35;20
(3, 17, 18, 19, 20);35;20
(4, 5, 6, 7, 20);24;20
(4, 5, 6, 8, 20);12;20
(4, 5, 6, 9, 20);13;20
(4, 5, 6, 10, 20);14;20
(4, 5, 6, 11, 20);17;21
(4, 5, 6, 12, 20);26;20
(4, 5, 6, 13, 20);26;20
(4, 5, 6, 14, 20);26;46
(4, 5, 6, 15, 20);35;28
(4, 5, 6, 16, 20);12;28
(4, 5, 6, 17, 20);24;28
(4, 5, 6, 18, 20);24;20
(4, 5, 6, 19, 20);24;20
(4, 5, 7, 8, 20);12;20
(4, 5, 7, 9, 20);13;20
(4, 5, 7, 10, 20);14;20
(4, 5, 7, 11, 20);15;20
(4, 5, 7, 12, 20);27;34
(4, 5, 7, 13, 20);26;20
(4, 5, 7, 14, 20);3;45
(4, 5, 7, 15, 20);35;20
(4, 5, 7, 16, 20);12;28
(4, 5, 7, 17, 20);24;20
(4, 5, 7, 18, 20);24;20
(4, 5, 7, 19, 20);24;20
(4, 5, 8, 9, 20);13;20
(4, 5, 8, 10, 20);14;20
(4, 5, 8, 11, 20);15;20
(4, 5, 8, 12, 20);16;20
(4, 5, 8, 13, 20);28;20
(4, 5, 8, 14, 20);3;31
(4, 5, 8, 15, 20);35;20
(4, 5, 8, 16, 20);12;20
(4, 5, 8, 17, 20);12;20
(4, 5, 8, 18, 20);12;20
(4, 5, 8, 19, 20);12;20
(4, 5, 9, 10, 20);14;20
(4, 5, 9, 11, 20);15;20
(4, 5, 9, 12, 20);16;20
(4, 5, 9, 13, 20);25;54
(4, 5, 9, 14, 20);50;54
(4, 5, 9, 15, 20);24;20
(4, 5, 9, 16, 20);25;20
(4, 5, 9, 17, 20);13;20
(4, 5, 9, 18, 20);13;20
(4, 5, 9, 19, 20);13;20
(4, 5, 10, 11, 20);15;20
(4, 5, 10, 12, 20);15;20
(4, 5, 10, 13, 20);23;21
(4, 5, 10, 14, 20);24;20
(4, 5, 10, 15, 20);25;20
(4, 5, 10, 16, 20);62;37
(4, 5, 10, 17, 20);37;89
(4, 5, 10, 18, 20);15;34
(4, 5, 10, 19, 20);15;20
(4, 5, 11, 12, 20);16;20
(4, 5, 11, 13, 20);24;20
(4, 5, 11, 14, 20);25;20
(4, 5, 11, 15, 20);26;38
(4, 5, 11, 16, 20);3;59
(4, 5, 11, 17, 20);3;68
(4, 5, 11, 18, 20);23;24
(4, 5, 11, 19, 20);24;20
(4, 5, 12, 13, 20);25;20
(4, 5, 12, 14, 20);34;20
(4, 5, 12, 15, 20);35;20
(4, 5, 12, 16, 20);32;20
(4, 5, 12, 17, 20);56;20
(4, 5, 12, 18, 20);23;23
(4, 5, 12, 19, 20);24;20
(4, 5, 13, 14, 20);34;31
(4, 5, 13, 15, 20);35;20
(4, 5, 13, 16, 20);33;20
(4, 5, 13, 17, 20);33;20
(4, 5, 13, 18, 20);90;63
(4, 5, 13, 19, 20);8;62
(4, 5, 14, 15, 20);35;23
(4, 5, 14, 16, 20);33;29
(4, 5, 14, 17, 20);33;29
(4, 5, 14, 18, 20);33;29
(4, 5, 14, 19, 20);33;29
(4, 5, 15, 16, 20);33;29
(4, 5, 15, 17, 20);33;29
(4, 5, 15, 18, 20);33;62
(4, 5, 15, 19, 20);33;29
(4, 5, 16, 17, 20);64;75
(4, 5, 16, 18, 20);12;85
(4, 5, 16, 19, 20);24;55
(4, 5, 17, 18, 20);24;45
(4, 5, 17, 19, 20);24;44
(4, 5, 18, 19, 20);24;28
(4, 6, 7, 8, 20);12;20
(4, 6, 7, 9, 20);13;20
(4, 6, 7, 10, 20);14;20
(4, 6, 7, 11, 20);15;20
(4, 6, 7, 12, 20);13;39
(4, 6, 7, 13, 20);26;20
(4, 6, 7, 14, 20);13;46
(4, 6, 7, 15, 20);35;20
(4, 6, 7, 16, 20);12;28
(4, 6, 7, 17, 20);24;20
(4, 6, 7, 18, 20);24;20
(4, 6, 7, 19, 20);24;20
(4, 6, 8, 9, 20);13;20
(4, 6, 8, 10, 20);14;20
(4, 6, 8, 11, 20);15;20
(4, 6, 8, 12, 20);16;20
(4, 6, 8, 13, 20);12;23
(4, 6, 8, 14, 20);34;20
(4, 6, 8, 15, 20);35;20
(4, 6, 8, 16, 20);12;20
(4, 6, 8, 17, 20);12;20
(4, 6, 8, 18, 20);12;20
(4, 6, 8, 19, 20);12;20
(4, 6, 9, 10, 20);14;20
(4, 6, 9, 11, 20);15;20
(4, 6, 9, 12, 20);16;20
(4, 6, 9, 13, 20);29;62
(4, 6, 9, 14, 20);26;80
(4, 6, 9, 15, 20);24;20
(4, 6, 9, 16, 20);25;20
(4, 6, 9, 17, 20);13;20
(4, 6, 9, 18, 20);13;20
(4, 6, 9, 19, 20);13;20
(4, 6, 10, 11, 20);15;20
(4, 6, 10, 12, 20);16;20
(4, 6, 10, 13, 20);16;62
(4, 6, 10, 14, 20);8;30
(4, 6, 10, 15, 20);14;67
(4, 6, 10, 16, 20);26;20
(4, 6, 10, 17, 20);27;20
(4, 6, 10, 18, 20);14;20
(4, 6, 10, 19, 20);14;20
(4, 6, 11, 12, 20);17;20
(4, 6, 11, 13, 20);17;29
(4, 6, 11, 14, 20);17;42
(4, 6, 11, 15, 20);19;65
(4, 6, 11, 16, 20);12;112
(4, 6, 11, 17, 20);92;129
(4, 6, 11, 18, 20);24;27
(4, 6, 11, 19, 20);39;20
(4, 6, 12, 13, 20);26;20
(4, 6, 12, 14, 20);26;20
(4, 6, 12, 15, 20);21;47
(4, 6, 12, 16, 20);32;20
(4, 6, 12, 17, 20);80;20
(4, 6, 12, 18, 20);24;20
(4, 6, 12, 19, 20);25;20
(4, 6, 13, 14, 20);26;35
(4, 6, 13, 15, 20);35;70
(4, 6, 13, 16, 20);12;70
(4, 6, 13, 17, 20);125;123
(4, 6, 13, 18, 20);24;96
(4, 6, 13, 19, 20);25;55
(4, 6, 14, 15, 20);42;104
(4, 6, 14, 16, 20);34;20
(4, 6, 14, 17, 20);34;20
(4, 6, 14, 18, 20);34;20
(4, 6, 14, 19, 20);25;73
(4, 6, 15, 16, 20);35;28
(4, 6, 15, 17, 20);35;28
(4, 6, 15, 18, 20);35;28
(4, 6, 15, 19, 20);35;28
(4, 6, 16, 17, 20);12;28
(4, 6, 16, 18, 20);12;28
(4, 6, 16, 19, 20);12;28
(4, 6, 17, 18, 20);24;28
(4, 6, 17, 19, 20);24;28
(4, 6, 18, 19, 20);24;20
(4, 7, 8, 9, 20);13;20
(4, 7, 8, 10, 20);14;20
(4, 7, 8, 11, 20);15;20
(4, 7, 8, 12, 20);16;20
(4, 7, 8, 13, 20);11;63
(4, 7, 8, 14, 20);11;48
(4, 7, 8, 15, 20);35;20
(4, 7, 8, 16, 20);12;20
(4, 7, 8, 17, 20);12;20
(4, 7, 8, 18, 20);12;20
(4, 7, 8, 19, 20);12;20
(4, 7, 9, 10, 20);14;20
(4, 7, 9, 11, 20);15;20
(4, 7, 9, 12, 20);16;20
(4, 7, 9, 13, 20);11;33
(4, 7, 9, 14, 20);11;20
(4, 7, 9, 15, 20);24;38
(4, 7, 9, 16, 20);25;20
(4, 7, 9, 17, 20);13;20
(4, 7, 9, 18, 20);13;20
(4, 7, 9, 19, 20);13;20
(4, 7, 10, 11, 20);15;20
(4, 7, 10, 12, 20);16;20
(4, 7, 10, 13, 20);33;20
(4, 7, 10, 14, 20);24;89
(4, 7, 10, 15, 20);30;40
(4, 7, 10, 16, 20);26;20
(4, 7, 10, 17, 20);27;20
(4, 7, 10, 18, 20);14;20
(4, 7, 10, 19, 20);14;20
(4, 7, 11, 12, 20);16;20
(4, 7, 11, 13, 20);41;54
(4, 7, 11, 14, 20);18;39
(4, 7, 11, 15, 20);62;83
(4, 7, 11, 16, 20);27;38
(4, 7, 11, 17, 20);3;89
(4, 7, 11, 18, 20);52;20
(4, 7, 11, 19, 20);15;20
(4, 7, 12, 13, 20);33;25
(4, 7, 12, 14, 20);21;63
(4, 7, 12, 15, 20);27;27
(4, 7, 12, 16, 20);32;45
(4, 7, 12, 17, 20);24;20
(4, 7, 12, 18, 20);64;20
(4, 7, 12, 19, 20);40;20
(4, 7, 13, 14, 20);27;20
(4, 7, 13, 15, 20);33;64
(4, 7, 13, 16, 20);262;37
(4, 7, 13, 17, 20);59;58
(4, 7, 13, 18, 20);33;94
(4, 7, 13, 19, 20);26;46
(4, 7, 14, 15, 20);11;59
(4, 7, 14, 16, 20);23;93
(4, 7, 14, 17, 20);34;20
(4, 7, 14, 18, 20);34;20
(4, 7, 14, 19, 20);13;103
(4, 7, 15, 16, 20);35;20
(4, 7, 15, 17, 20);35;20
(4, 7, 15, 18, 20);35;20
(4, 7, 15, 19, 20);35;20
(4, 7, 16, 17, 20);12;28
(4, 7, 16, 18, 20);12;28
(4, 7, 16, 19, 20);12;28
(4, 7, 17, 18, 20);24;20
(4, 7, 17, 19, 20);24;20
(4, 7, 18, 19, 20);24;20
(4, 8, 9, 10, 20);14;20
(4, 8, 9, 11, 20);15;20
(4, 8, 9, 12, 20);16;20
(4, 8, 9, 13, 20);17;21
(4, 8, 9, 14, 20);6;21
(4, 8, 9, 15, 20);12;21
(4, 8, 9, 16, 20);25;20
(4, 8, 9, 17, 20);13;20
(4, 8, 9, 18, 20);13;20
(4, 8, 9, 19, 20);13;20
(4, 8, 10, 11, 20);15;20
(4, 8, 10, 12, 20);16;20
(4, 8, 10, 13, 20);7;65
(4, 8, 10, 14, 20);6;22
(4, 8, 10, 15, 20);30;21
(4, 8, 10, 16, 20);26;20
(4, 8, 10, 17, 20);27;20
(4, 8, 10, 18, 20);14;20
(4, 8, 10, 19, 20);14;20
(4, 8, 11, 12, 20);16;20
(4, 8, 11, 13, 20);12;54
(4, 8, 11, 14, 20);3;37
(4, 8, 11, 15, 20);19;54
(4, 8, 11, 16, 20);3;103
(4, 8, 11, 17, 20);3;43
(4, 8, 11, 18, 20);29;20
(4, 8, 11, 19, 20);15;20
(4, 8, 12, 13, 20);16;21
(4, 8, 12, 14, 20);16;22
(4, 8, 12, 15, 20);16;69
(4, 8, 12, 16, 20);24;20
(4, 8, 12, 17, 20);16;72
(4, 8, 12, 18, 20);16;24
(4, 8, 12, 19, 20);16;24
(4, 8, 13, 14, 20);17;22
(4, 8, 13, 15, 20);19;26
(4, 8, 13, 16, 20);12;52
(4, 8, 13, 17, 20);3;81
(4, 8, 13, 18, 20);12;40
(4, 8, 13, 19, 20);17;54
(4, 8, 14, 15, 20);6;27
(4, 8, 14, 16, 20);6;28
(4, 8, 14, 17, 20);3;49
(4, 8, 14, 18, 20);34;20
(4, 8, 14, 19, 20);23;32
(4, 8, 15, 16, 20);12;28
(4, 8, 15, 17, 20);35;20
(4, 8, 15, 18, 20);35;20
(4, 8, 15, 19, 20);35;20
(4, 8, 16, 17, 20);12;20
(4, 8, 16, 18, 20);12;20
(4, 8, 16, 19, 20);12;20
(4, 8, 17, 18, 20);12;20
(4, 8, 17, 19, 20);12;20
(4, 8, 18, 19, 20);12;20
(4, 9, 10, 11, 20);29;20
(4, 9, 10, 12, 20);19;46
(4, 9, 10, 13, 20);105;20
(4, 9, 10, 14, 20);24;20
(4, 9, 10, 15, 20);6;74
(4, 9, 10, 16, 20);51;69
(4, 9, 10, 17, 20);40;20
(4, 9, 10, 18, 20);14;38
(4, 9, 10, 19, 20);29;20
(4, 9, 11, 12, 20);31;28
(4, 9, 11, 13, 20);87;20
(4, 9, 11, 14, 20);133;83
(4, 9, 11, 15, 20);24;20
(4, 9, 11, 16, 20);266;173
(4, 9, 11, 17, 20);29;105
(4, 9, 11, 18, 20);29;20
(4, 9, 11, 19, 20);15;27
(4, 9, 12, 13, 20);40;20
(4, 9, 12, 14, 20);64;20
(4, 9, 12, 15, 20);24;20
(4, 9, 12, 16, 20);32;48
(4, 9, 12, 17, 20);29;26
(4, 9, 12, 18, 20);27;78
(4, 9, 12, 19, 20);39;28
(4, 9, 13, 14, 20);17;50
(4, 9, 13, 15, 20);24;22
(4, 9, 13, 16, 20);29;83
(4, 9, 13, 17, 20);77;74
(4, 9, 13, 18, 20);22;121
(4, 9, 13, 19, 20);40;93
(4, 9, 14, 15, 20);6;63
(4, 9, 14, 16, 20);6;28
(4, 9, 14, 17, 20);34;45
(4, 9, 14, 18, 20);32;277
(4, 9, 14, 19, 20);23;24
(4, 9, 15, 16, 20);12;25
(4, 9, 15, 17, 20);8;104
(4, 9, 15, 18, 20);24;89
(4, 9, 15, 19, 20);24;78
(4, 9, 16, 17, 20);37;20
(4, 9, 16, 18, 20);25;54
(4, 9, 16, 19, 20);25;53
(4, 9, 17, 18, 20);13;72
(4, 9, 17, 19, 20);39;33
(4, 9, 18, 19, 20);66;20
(4, 10, 11, 12, 20);30;20
(4, 10, 11, 13, 20);23;28
(4, 10, 11, 14, 20);24;20
(4, 10, 11, 15, 20);31;51
(4, 10, 11, 16, 20);3;69
(4, 10, 11, 17, 20);37;74
(4, 10, 11, 18, 20);15;60
(4, 10, 11, 19, 20);30;20
(4, 10, 12, 13, 20);23;21
(4, 10, 12, 14, 20);24;20
(4, 10, 12, 15, 20);80;20
(4, 10, 12, 16, 20);32;20
(4, 10, 12, 17, 20);27;54
(4, 10, 12, 18, 20);30;20
(4, 10, 12, 19, 20);30;20
(4, 10, 13, 14, 20);24;20
(4, 10, 13, 15, 20);105;20
(4, 10, 13, 16, 20);64;51
(4, 10, 13, 17, 20);30;162
(4, 10, 13, 18, 20);23;39
(4, 10, 13, 19, 20);23;40
(4, 10, 14, 15, 20);24;118
(4, 10, 14, 16, 20);56;20
(4, 10, 14, 17, 20);24;67
(4, 10, 14, 18, 20);54;20
(4, 10, 14, 19, 20);24;118
(4, 10, 15, 16, 20);62;46
(4, 10, 15, 17, 20);27;54
(4, 10, 15, 18, 20);30;33
(4, 10, 15, 19, 20);115;76
(4, 10, 16, 17, 20);59;59
(4, 10, 16, 18, 20);36;20
(4, 10, 16, 19, 20);61;20
(4, 10, 17, 18, 20);37;70
(4, 10, 17, 19, 20);37;74
(4, 10, 18, 19, 20);30;34
(4, 11, 12, 13, 20);24;20
(4, 11, 12, 14, 20);25;24
(4, 11, 12, 15, 20);56;20
(4, 11, 12, 16, 20);32;20
(4, 11, 12, 17, 20);37;59
(4, 11, 12, 18, 20);38;20
(4, 11, 12, 19, 20);31;20
(4, 11, 13, 14, 20);25;37
(4, 11, 13, 15, 20);24;122
(4, 11, 13, 16, 20);12;122
(4, 11, 13, 17, 20);3;94
(4, 11, 13, 18, 20);31;20
(4, 11, 13, 19, 20);8;40
(4, 11, 14, 15, 20);80;20
(4, 11, 14, 16, 20);32;30
(4, 11, 14, 17, 20);31;20
(4, 11, 14, 18, 20);32;60
(4, 11, 14, 19, 20);71;51
(4, 11, 15, 16, 20);120;20
(4, 11, 15, 17, 20);31;62
(4, 11, 15, 18, 20);31;62
(4, 11, 15, 19, 20);117;20
(4, 11, 16, 17, 20);3;78
(4, 11, 16, 18, 20);12;140
(4, 11, 16, 19, 20);100;32
(4, 11, 17, 18, 20);37;20
(4, 11, 17, 19, 20);37;20
(4, 11, 18, 19, 20);38;20
(4, 12, 13, 14, 20);34;20
(4, 12, 13, 15, 20);35;66
(4, 12, 13, 16, 20);32;20
(4, 12, 13, 17, 20);32;20
(4, 12, 13, 18, 20);31;29
(4, 12, 13, 19, 20);32;20
(4, 12, 14, 15, 20);29;87
(4, 12, 14, 16, 20);32;20
(4, 12, 14, 17, 20);32;20
(4, 12, 14, 18, 20);32;20
(4, 12, 14, 19, 20);33;32
(4, 12, 15, 16, 20);32;20
(4, 12, 15, 17, 20);32;20
(4, 12, 15, 18, 20);32;20
(4, 12, 15, 19, 20);32;20
(4, 12, 16, 17, 20);32;20
(4, 12, 16, 18, 20);32;20
(4, 12, 16, 19, 20);32;20
(4, 12, 17, 18, 20);35;102
(4, 12, 17, 19, 20);39;36
(4, 12, 18, 19, 20);38;20
(4, 13, 14, 15, 20);35;20
(4, 13, 14, 16, 20);32;20
(4, 13, 14, 17, 20);32;20
(4, 13, 14, 18, 20);32;20
(4, 13, 14, 19, 20);33;20
(4, 13, 15, 16, 20);32;20
(4, 13, 15, 17, 20);32;20
(4, 13, 15, 18, 20);32;20
(4, 13, 15, 19, 20);32;20
(4, 13, 16, 17, 20);32;20
(4, 13, 16, 18, 20);32;20
(4, 13, 16, 19, 20);32;20
(4, 13, 17, 18, 20);32;20
(4, 13, 17, 19, 20);32;20
(4, 13, 18, 19, 20);31;48
(4, 14, 15, 16, 20);32;20
(4, 14, 15, 17, 20);32;20
(4, 14, 15, 18, 20);32;20
(4, 14, 15, 19, 20);32;20
(4, 14, 16, 17, 20);32;20
(4, 14, 16, 18, 20);32;20
(4, 14, 16, 19, 20);32;20
(4, 14, 17, 18, 20);32;20
(4, 14, 17, 19, 20);32;20
(4, 14, 18, 19, 20);32;20
(4, 15, 16, 17, 20);32;20
(4, 15, 16, 18, 20);32;20
(4, 15, 16, 19, 20);32;20
(4, 15, 17, 18, 20);32;20
(4, 15, 17, 19, 20);32;20
(4, 15, 18, 19, 20);32;20
(4, 16, 17, 18, 20);32;20
(4, 16, 17, 19, 20);32;20
(4, 16, 18, 19, 20);32;20
(4, 17, 18, 19, 20);37;20
(5, 6, 7, 8, 20);13;20
(5, 6, 7, 9, 20);14;20
(5, 6, 7, 10, 20);15;20
(5, 6, 7, 11, 20);31;20
(5, 6, 7, 12, 20);27;22
(5, 6, 7, 13, 20);26;20
(5, 6, 7, 14, 20);62;117
(5, 6, 7, 15, 20);35;20
(5, 6, 7, 16, 20);36;20
(5, 6, 7, 17, 20);37;20
(5, 6, 7, 18, 20);25;20
(5, 6, 7, 19, 20);25;20
(5, 6, 8, 9, 20);14;20
(5, 6, 8, 10, 20);15;20
(5, 6, 8, 11, 20);31;20
(5, 6, 8, 12, 20);14;59
(5, 6, 8, 13, 20);7;68
(5, 6, 8, 14, 20);25;38
(5, 6, 8, 15, 20);35;21
(5, 6, 8, 16, 20);12;22
(5, 6, 8, 17, 20);25;20
(5, 6, 8, 18, 20);13;20
(5, 6, 8, 19, 20);13;20
(5, 6, 9, 10, 20);15;20
(5, 6, 9, 11, 20);31;20
(5, 6, 9, 12, 20);32;20
(5, 6, 9, 13, 20);11;33
(5, 6, 9, 14, 20);34;85
(5, 6, 9, 15, 20);24;21
(5, 6, 9, 16, 20);25;20
(5, 6, 9, 17, 20);26;20
(5, 6, 9, 18, 20);27;20
(5, 6, 9, 19, 20);14;20
(5, 6, 10, 11, 20);31;20
(5, 6, 10, 12, 20);16;31
(5, 6, 10, 13, 20);15;49
(5, 6, 10, 14, 20);26;52
(5, 6, 10, 15, 20);25;20
(5, 6, 10, 16, 20);26;20
(5, 6, 10, 17, 20);27;20
(5, 6, 10, 18, 20);28;20
(5, 6, 10, 19, 20);29;20
(5, 6, 11, 12, 20);17;31
(5, 6, 11, 13, 20);17;31
(5, 6, 11, 14, 20);17;120
(5, 6, 11, 15, 20);25;20
(5, 6, 11, 16, 20);25;20
(5, 6, 11, 17, 20);25;70
(5, 6, 11, 18, 20);79;90
(5, 6, 11, 19, 20);25;41
(5, 6, 12, 13, 20);26;49
(5, 6, 12, 14, 20);26;20
(5, 6, 12, 15, 20);53;80
(5, 6, 12, 16, 20);18;88
(5, 6, 12, 17, 20);29;103
(5, 6, 12, 18, 20);24;40
(5, 6, 12, 19, 20);25;20
(5, 6, 13, 14, 20);26;58
(5, 6, 13, 15, 20);98;110
(5, 6, 13, 16, 20);11;29
(5, 6, 13, 17, 20);11;45
(5, 6, 13, 18, 20);144;40
(5, 6, 13, 19, 20);25;124
(5, 6, 14, 15, 20);162;29
(5, 6, 14, 16, 20);60;84
(5, 6, 14, 17, 20);34;20
(5, 6, 14, 18, 20);34;192
(5, 6, 14, 19, 20);61;25
(5, 6, 15, 16, 20);35;20
(5, 6, 15, 17, 20);35;20
(5, 6, 15, 18, 20);35;20
(5, 6, 15, 19, 20);35;20
(5, 6, 16, 17, 20);36;20
(5, 6, 16, 18, 20);36;20
(5, 6, 16, 19, 20);36;20
(5, 6, 17, 18, 20);37;30
(5, 6, 17, 19, 20);37;30
(5, 6, 18, 19, 20);25;30
(5, 7, 8, 9, 20);14;20
(5, 7, 8, 10, 20);15;20
(5, 7, 8, 11, 20);31;20
(5, 7, 8, 12, 20);75;36
(5, 7, 8, 13, 20);3;90
(5, 7, 8, 14, 20);3;53
(5, 7, 8, 15, 20);35;21
(5, 7, 8, 16, 20);12;22
(5, 7, 8, 17, 20);25;20
(5, 7, 8, 18, 20);13;20
(5, 7, 8, 19, 20);13;20
(5, 7, 9, 10, 20);15;20
(5, 7, 9, 11, 20);31;20
(5, 7, 9, 12, 20);32;20
(5, 7, 9, 13, 20);40;89
(5, 7, 9, 14, 20);23;68
(5, 7, 9, 15, 20);24;21
(5, 7, 9, 16, 20);25;20
(5, 7, 9, 17, 20);26;20
(5, 7, 9, 18, 20);27;20
(5, 7, 9, 19, 20);14;20
(5, 7, 10, 11, 20);31;20
(5, 7, 10, 12, 20);32;20
(5, 7, 10, 13, 20);56;73
(5, 7, 10, 14, 20);3;75
(5, 7, 10, 15, 20);25;20
(5, 7, 10, 16, 20);26;20
(5, 7, 10, 17, 20);27;20
(5, 7, 10, 18, 20);28;20
(5, 7, 10, 19, 20);29;20
(5, 7, 11, 12, 20);32;64
(5, 7, 11, 13, 20);18;27
(5, 7, 11, 14, 20);25;46
(5, 7, 11, 15, 20);25;20
(5, 7, 11, 16, 20);25;20
(5, 7, 11, 17, 20);3;58
(5, 7, 11, 18, 20);38;244
(5, 7, 11, 19, 20);40;52
(5, 7, 12, 13, 20);93;56
(5, 7, 12, 14, 20);19;75
(5, 7, 12, 15, 20);25;20
(5, 7, 12, 16, 20);25;20
(5, 7, 12, 17, 20);25;20
(5, 7, 12, 18, 20);25;61
(5, 7, 12, 19, 20);106;103
(5, 7, 13, 14, 20);27;20
(5, 7, 13, 15, 20);202;50
(5, 7, 13, 16, 20);52;51
(5, 7, 13, 17, 20);63;85
(5, 7, 13, 18, 20);137;50
(5, 7, 13, 19, 20);26;20
(5, 7, 14, 15, 20);34;40
(5, 7, 14, 16, 20);21;71
(5, 7, 14, 17, 20);3;30
(5, 7, 14, 18, 20);62;117
(5, 7, 14, 19, 20);62;52
(5, 7, 15, 16, 20);35;20
(5, 7, 15, 17, 20);35;20
(5, 7, 15, 18, 20);35;20
(5, 7, 15, 19, 20);35;20
(5, 7, 16, 17, 20);36;20
(5, 7, 16, 18, 20);36;20
(5, 7, 16, 19, 20);36;20
(5, 7, 17, 18, 20);37;20
(5, 7, 17, 19, 20);37;20
(5, 7, 18, 19, 20);25;20
(5, 8, 9, 10, 20);15;20
(5, 8, 9, 11, 20);31;20
(5, 8, 9, 12, 20);32;20
(5, 8, 9, 13, 20);7;88
(5, 8, 9, 14, 20);29;34
(5, 8, 9, 15, 20);24;21
(5, 8, 9, 16, 20);25;20
(5, 8, 9, 17, 20);26;20
(5, 8, 9, 18, 20);27;20
(5, 8, 9, 19, 20);14;20
(5, 8, 10, 11, 20);31;20
(5, 8, 10, 12, 20);32;20
(5, 8, 10, 13, 20);124;33
(5, 8, 10, 14, 20);3;64
(5, 8, 10, 15, 20);25;20
(5, 8, 10, 16, 20);26;20
(5, 8, 10, 17, 20);27;20
(5, 8, 10, 18, 20);28;20
(5, 8, 10, 19, 20);29;20
(5, 8, 11, 12, 20);32;20
(5, 8, 11, 13, 20);51;165
(5, 8, 11, 14, 20);25;28
(5, 8, 11, 15, 20);25;20
(5, 8, 11, 16, 20);25;20
(5, 8, 11, 17, 20);25;28
(5, 8, 11, 18, 20);38;57
(5, 8, 11, 19, 20);60;20
(5, 8, 12, 13, 20);109;103
(5, 8, 12, 14, 20);25;145
(5, 8, 12, 15, 20);25;20
(5, 8, 12, 16, 20);25;20
(5, 8, 12, 17, 20);25;20
(5, 8, 12, 18, 20);56;52
(5, 8, 12, 19, 20);41;120
(5, 8, 13, 14, 20);25;71
(5, 8, 13, 15, 20);25;20
(5, 8, 13, 16, 20);25;20
(5, 8, 13, 17, 20);25;20
(5, 8, 13, 18, 20);25;20
(5, 8, 13, 19, 20);7;122
(5, 8, 14, 15, 20);35;28
(5, 8, 14, 16, 20);53;80
(5, 8, 14, 17, 20);25;28
(5, 8, 14, 18, 20);38;54
(5, 8, 14, 19, 20);50;132
(5, 8, 15, 16, 20);35;21
(5, 8, 15, 17, 20);35;21
(5, 8, 15, 18, 20);35;21
(5, 8, 15, 19, 20);35;21
(5, 8, 16, 17, 20);12;22
(5, 8, 16, 18, 20);12;22
(5, 8, 16, 19, 20);12;22
(5, 8, 17, 18, 20);25;20
(5, 8, 17, 19, 20);25;20
(5, 8, 18, 19, 20);13;20
(5, 9, 10, 11, 20);31;20
(5, 9, 10, 12, 20);22;50
(5, 9, 10, 13, 20);15;40
(5, 9, 10, 14, 20);19;79
(5, 9, 10, 15, 20);25;20
(5, 9, 10, 16, 20);26;20
(5, 9, 10, 17, 20);27;20
(5, 9, 10, 18, 20);28;20
(5, 9, 10, 19, 20);29;20
(5, 9, 11, 12, 20);32;40
(5, 9, 11, 13, 20);40;108
(5, 9, 11, 14, 20);25;100
(5, 9, 11, 15, 20);25;20
(5, 9, 11, 16, 20);25;20
(5, 9, 11, 17, 20);28;79
(5, 9, 11, 18, 20);29;20
(5, 9, 11, 19, 20);60;20
(5, 9, 12, 13, 20);25;38
(5, 9, 12, 14, 20);21;102
(5, 9, 12, 15, 20);25;20
(5, 9, 12, 16, 20);25;20
(5, 9, 12, 17, 20);25;20
(5, 9, 12, 18, 20);38;74
(5, 9, 12, 19, 20);39;35
(5, 9, 13, 14, 20);25;142
(5, 9, 13, 15, 20);25;20
(5, 9, 13, 16, 20);25;20
(5, 9, 13, 17, 20);25;20
(5, 9, 13, 18, 20);25;20
(5, 9, 13, 19, 20);32;53
(5, 9, 14, 15, 20);25;20
(5, 9, 14, 16, 20);25;20
(5, 9, 14, 17, 20);25;20
(5, 9, 14, 18, 20);25;20
(5, 9, 14, 19, 20);25;20
(5, 9, 15, 16, 20);24;21
(5, 9, 15, 17, 20);24;21
(5, 9, 15, 18, 20);24;21
(5, 9, 15, 19, 20);24;21
(5, 9, 16, 17, 20);25;20
(5, 9, 16, 18, 20);25;20
(5, 9, 16, 19, 20);25;20
(5, 9, 17, 18, 20);26;20
(5, 9, 17, 19, 20);26;20
(5, 9, 18, 19, 20);27;20
(5, 10, 11, 12, 20);15;22
(5, 10, 11, 13, 20);23;22
(5, 10, 11, 14, 20);24;21
(5, 10, 11, 15, 20);25;20
(5, 10, 11, 16, 20);25;20
(5, 10, 11, 17, 20);3;52
(5, 10, 11, 18, 20);15;58
(5, 10, 11, 19, 20);15;30
(5, 10, 12, 13, 20);23;22
(5, 10, 12, 14, 20);24;21
(5, 10, 12, 15, 20);25;20
(5, 10, 12, 16, 20);25;20
(5, 10, 12, 17, 20);25;20
(5, 10, 12, 18, 20);30;30
(5, 10, 12, 19, 20);15;30
(5, 10, 13, 14, 20);24;21
(5, 10, 13, 15, 20);25;20
(5, 10, 13, 16, 20);25;20
(5, 10, 13, 17, 20);25;20
(5, 10, 13, 18, 20);25;20
(5, 10, 13, 19, 20);23;77
(5, 10, 14, 15, 20);25;20
(5, 10, 14, 16, 20);25;20
(5, 10, 14, 17, 20);25;20
(5, 10, 14, 18, 20);25;20
(5, 10, 14, 19, 20);25;20
(5, 10, 15, 16, 20);25;20
(5, 10, 15, 17, 20);25;20
(5, 10, 15, 18, 20);25;20
(5, 10, 15, 19, 20);25;20
(5, 10, 16, 17, 20);26;20
(5, 10, 16, 18, 20);26;20
(5, 10, 16, 19, 20);26;20
(5, 10, 17, 18, 20);27;20
(5, 10, 17, 19, 20);27;20
(5, 10, 18, 19, 20);28;20
(5, 11, 12, 13, 20);8;42
(5, 11, 12, 14, 20);25;20
(5, 11, 12, 15, 20);26;50
(5, 11, 12, 16, 20);25;100
(5, 11, 12, 17, 20);25;40
(5, 11, 12, 18, 20);23;30
(5, 11, 12, 19, 20);8;25
(5, 11, 13, 14, 20);25;20
(5, 11, 13, 15, 20);26;50
(5, 11, 13, 16, 20);29;85
(5, 11, 13, 17, 20);25;49
(5, 11, 13, 18, 20);31;40
(5, 11, 13, 19, 20);24;25
(5, 11, 14, 15, 20);26;50
(5, 11, 14, 16, 20);25;50
(5, 11, 14, 17, 20);25;28
(5, 11, 14, 18, 20);25;75
(5, 11, 14, 19, 20);33;48
(5, 11, 15, 16, 20);31;54
(5, 11, 15, 17, 20);35;63
(5, 11, 15, 18, 20);33;257
(5, 11, 15, 19, 20);40;96
(5, 11, 16, 17, 20);53;28
(5, 11, 16, 18, 20);27;52
(5, 11, 16, 19, 20);83;61
(5, 11, 17, 18, 20);38;67
(5, 11, 17, 19, 20);62;116
(5, 11, 18, 19, 20);23;63
(5, 12, 13, 14, 20);34;26
(5, 12, 13, 15, 20);35;25
(5, 12, 13, 16, 20);25;48
(5, 12, 13, 17, 20);25;115
(5, 12, 13, 18, 20);25;102
(5, 12, 13, 19, 20);8;50
(5, 12, 14, 15, 20);35;25
(5, 12, 14, 16, 20);28;74
(5, 12, 14, 17, 20);57;31
(5, 12, 14, 18, 20);123;57
(5, 12, 14, 19, 20);33;25
(5, 12, 15, 16, 20);35;31
(5, 12, 15, 17, 20);32;28
(5, 12, 15, 18, 20);33;20
(5, 12, 15, 19, 20);34;20
(5, 12, 16, 17, 20);89;53
(5, 12, 16, 18, 20);17;76
(5, 12, 16, 19, 20);39;63
(5, 12, 17, 18, 20);57;43
(5, 12, 17, 19, 20);57;44
(5, 12, 18, 19, 20);23;44
(5, 13, 14, 15, 20);35;20
(5, 13, 14, 16, 20);25;73
(5, 13, 14, 17, 20);99;65
(5, 13, 14, 18, 20);91;64
(5, 13, 14, 19, 20);33;93
(5, 13, 15, 16, 20);7;120
(5, 13, 15, 17, 20);33;81
(5, 13, 15, 18, 20);33;20
(5, 13, 15, 19, 20);34;20
(5, 13, 16, 17, 20);33;20
(5, 13, 16, 18, 20);33;20
(5, 13, 16, 19, 20);33;66
(5, 13, 17, 18, 20);92;55
(5, 13, 17, 19, 20);58;48
(5, 13, 18, 19, 20);91;20
(5, 14, 15, 16, 20);34;31
(5, 14, 15, 17, 20);34;49
(5, 14, 15, 18, 20);34;33
(5, 14, 15, 19, 20);34;20
(5, 14, 16, 17, 20);34;49
(5, 14, 16, 18, 20);34;20
(5, 14, 16, 19, 20);34;34
(5, 14, 17, 18, 20);34;49
(5, 14, 17, 19, 20);34;20
(5, 14, 18, 19, 20);34;34
(5, 15, 16, 17, 20);35;20
(5, 15, 16, 18, 20);35;20
(5, 15, 16, 19, 20);35;20
(5, 15, 17, 18, 20);35;20
(5, 15, 17, 19, 20);35;20
(5, 15, 18, 19, 20);35;20
(5, 16, 17, 18, 20);36;30
(5, 16, 17, 19, 20);36;30
(5, 16, 18, 19, 20);36;30
(5, 17, 18, 19, 20);37;30
(6, 7, 8, 9, 20);29;20
(6, 7, 8, 10, 20);30;20
(6, 7, 8, 11, 20);31;20
(6, 7, 8, 12, 20);14;28
(6, 7, 8, 13, 20);85;83
(6, 7, 8, 14, 20);26;20
(6, 7, 8, 15, 20);92;81
(6, 7, 8, 16, 20);12;26
(6, 7, 8, 17, 20);25;39
(6, 7, 8, 18, 20);26;20
(6, 7, 8, 19, 20);27;20
(6, 7, 9, 10, 20);30;20
(6, 7, 9, 11, 20);31;20
(6, 7, 9, 12, 20);32;29
(6, 7, 9, 13, 20);41;127
(6, 7, 9, 14, 20);26;20
(6, 7, 9, 15, 20);26;20
(6, 7, 9, 16, 20);25;46
(6, 7, 9, 17, 20);26;20
(6, 7, 9, 18, 20);27;20
(6, 7, 9, 19, 20);28;20
(6, 7, 10, 11, 20);31;20
(6, 7, 10, 12, 20);8;78
(6, 7, 10, 13, 20);71;107
(6, 7, 10, 14, 20);26;20
(6, 7, 10, 15, 20);26;20
(6, 7, 10, 16, 20);26;20
(6, 7, 10, 17, 20);27;20
(6, 7, 10, 18, 20);28;20
(6, 7, 10, 19, 20);29;20
(6, 7, 11, 12, 20);9;36
(6, 7, 11, 13, 20);45;178
(6, 7, 11, 14, 20);26;20
(6, 7, 11, 15, 20);26;20
(6, 7, 11, 16, 20);26;20
(6, 7, 11, 17, 20);26;20
(6, 7, 11, 18, 20);51;58
(6, 7, 11, 19, 20);13;48
(6, 7, 12, 13, 20);27;24
(6, 7, 12, 14, 20);26;20
(6, 7, 12, 15, 20);26;20
(6, 7, 12, 16, 20);26;20
(6, 7, 12, 17, 20);26;20
(6, 7, 12, 18, 20);26;20
(6, 7, 12, 19, 20);79;52
(6, 7, 13, 14, 20);26;20
(6, 7, 13, 15, 20);26;20
(6, 7, 13, 16, 20);26;20
(6, 7, 13, 17, 20);26;20
(6, 7, 13, 18, 20);26;20
(6, 7, 13, 19, 20);26;20
(6, 7, 14, 15, 20);34;57
(6, 7, 14, 16, 20);30;80
(6, 7, 14, 17, 20);13;56
(6, 7, 14, 18, 20);62;62
(6, 7, 14, 19, 20);90;51
(6, 7, 15, 16, 20);22;31
(6, 7, 15, 17, 20);35;20
(6, 7, 15, 18, 20);35;64
(6, 7, 15, 19, 20);13;48
(6, 7, 16, 17, 20);36;30
(6, 7, 16, 18, 20);36;20
(6, 7, 16, 19, 20);36;32
(6, 7, 17, 18, 20);37;31
(6, 7, 17, 19, 20);37;32
(6, 7, 18, 19, 20);38;20
(6, 8, 9, 10, 20);30;20
(6, 8, 9, 11, 20);31;20
(6, 8, 9, 12, 20);32;28
(6, 8, 9, 13, 20);33;83
(6, 8, 9, 14, 20);26;20
(6, 8, 9, 15, 20);26;20
(6, 8, 9, 16, 20);25;51
(6, 8, 9, 17, 20);26;20
(6, 8, 9, 18, 20);27;20
(6, 8, 9, 19, 20);28;20
(6, 8, 10, 11, 20);31;20
(6, 8, 10, 12, 20);32;20
(6, 8, 10, 13, 20);30;51
(6, 8, 10, 14, 20);26;20
(6, 8, 10, 15, 20);26;20
(6, 8, 10, 16, 20);26;20
(6, 8, 10, 17, 20);27;20
(6, 8, 10, 18, 20);28;20
(6, 8, 10, 19, 20);29;20
(6, 8, 11, 12, 20);14;83
(6, 8, 11, 13, 20);19;81
(6, 8, 11, 14, 20);26;20
(6, 8, 11, 15, 20);26;20
(6, 8, 11, 16, 20);26;20
(6, 8, 11, 17, 20);26;20
(6, 8, 11, 18, 20);26;26
(6, 8, 11, 19, 20);57;26
(6, 8, 12, 13, 20);7;53
(6, 8, 12, 14, 20);26;20
(6, 8, 12, 15, 20);26;20
(6, 8, 12, 16, 20);26;20
(6, 8, 12, 17, 20);26;20
(6, 8, 12, 18, 20);26;20
(6, 8, 12, 19, 20);55;27
(6, 8, 13, 14, 20);26;20
(6, 8, 13, 15, 20);26;20
(6, 8, 13, 16, 20);26;20
(6, 8, 13, 17, 20);26;20
(6, 8, 13, 18, 20);26;20
(6, 8, 13, 19, 20);26;20
(6, 8, 14, 15, 20);26;20
(6, 8, 14, 16, 20);26;20
(6, 8, 14, 17, 20);26;20
(6, 8, 14, 18, 20);26;20
(6, 8, 14, 19, 20);26;20
(6, 8, 15, 16, 20);59;143
(6, 8, 15, 17, 20);37;67
(6, 8, 15, 18, 20);26;20
(6, 8, 15, 19, 20);53;26
(6, 8, 16, 17, 20);12;37
(6, 8, 16, 18, 20);12;38
(6, 8, 16, 19, 20);12;38
(6, 8, 17, 18, 20);50;38
(6, 8, 17, 19, 20);25;44
(6, 8, 18, 19, 20);26;20
(6, 9, 10, 11, 20);31;20
(6, 9, 10, 12, 20);22;43
(6, 9, 10, 13, 20);30;55
(6, 9, 10, 14, 20);26;20
(6, 9, 10, 15, 20);26;20
(6, 9, 10, 16, 20);26;20
(6, 9, 10, 17, 20);27;20
(6, 9, 10, 18, 20);28;20
(6, 9, 10, 19, 20);29;20
(6, 9, 11, 12, 20);63;36
(6, 9, 11, 13, 20);29;43
(6, 9, 11, 14, 20);26;20
(6, 9, 11, 15, 20);26;20
(6, 9, 11, 16, 20);26;20
(6, 9, 11, 17, 20);26;20
(6, 9, 11, 18, 20);29;27
(6, 9, 11, 19, 20);30;20
(6, 9, 12, 13, 20);18;54
(6, 9, 12, 14, 20);26;20
(6, 9, 12, 15, 20);26;20
(6, 9, 12, 16, 20);26;20
(6, 9, 12, 17, 20);26;20
(6, 9, 12, 18, 20);26;20
(6, 9, 12, 19, 20);57;28
(6, 9, 13, 14, 20);26;20
(6, 9, 13, 15, 20);26;20
(6, 9, 13, 16, 20);26;20
(6, 9, 13, 17, 20);26;20
(6, 9, 13, 18, 20);26;20
(6, 9, 13, 19, 20);26;20
(6, 9, 14, 15, 20);26;20
(6, 9, 14, 16, 20);26;20
(6, 9, 14, 17, 20);26;20
(6, 9, 14, 18, 20);26;20
(6, 9, 14, 19, 20);26;20
(6, 9, 15, 16, 20);26;20
(6, 9, 15, 17, 20);26;20
(6, 9, 15, 18, 20);26;20
(6, 9, 15, 19, 20);26;20
(6, 9, 16, 17, 20);75;74
(6, 9, 16, 18, 20);50;69
(6, 9, 16, 19, 20);25;32
(6, 9, 17, 18, 20);26;20
(6, 9, 17, 19, 20);26;20
(6, 9, 18, 19, 20);27;20
(6, 10, 11, 12, 20);8;30
(6, 10, 11, 13, 20);7;89
(6, 10, 11, 14, 20);26;20
(6, 10, 11, 15, 20);26;20
(6, 10, 11, 16, 20);26;20
(6, 10, 11, 17, 20);26;20
(6, 10, 11, 18, 20);7;148
(6, 10, 11, 19, 20);30;20
(6, 10, 12, 13, 20);8;78
(6, 10, 12, 14, 20);26;20
(6, 10, 12, 15, 20);26;20
(6, 10, 12, 16, 20);26;20
(6, 10, 12, 17, 20);26;20
(6, 10, 12, 18, 20);26;20
(6, 10, 12, 19, 20);55;20
(6, 10, 13, 14, 20);26;20
(6, 10, 13, 15, 20);26;20
(6, 10, 13, 16, 20);26;20
(6, 10, 13, 17, 20);26;20
(6, 10, 13, 18, 20);26;20
(6, 10, 13, 19, 20);26;20
(6, 10, 14, 15, 20);26;20
(6, 10, 14, 16, 20);26;20
(6, 10, 14, 17, 20);26;20
(6, 10, 14, 18, 20);26;20
(6, 10, 14, 19, 20);26;20
(6, 10, 15, 16, 20);26;20
(6, 10, 15, 17, 20);26;20
(6, 10, 15, 18, 20);26;20
(6, 10, 15, 19, 20);26;20
(6, 10, 16, 17, 20);26;20
(6, 10, 16, 18, 20);26;20
(6, 10, 16, 19, 20);26;20
(6, 10, 17, 18, 20);27;24
(6, 10, 17, 19, 20);27;20
(6, 10, 18, 19, 20);28;20
(6, 11, 12, 13, 20);17;48
(6, 11, 12, 14, 20);26;20
(6, 11, 12, 15, 20);26;20
(6, 11, 12, 16, 20);26;20
(6, 11, 12, 17, 20);26;20
(6, 11, 12, 18, 20);26;20
(6, 11, 12, 19, 20);31;52
(6, 11, 13, 14, 20);26;20
(6, 11, 13, 15, 20);26;20
(6, 11, 13, 16, 20);26;20
(6, 11, 13, 17, 20);26;20
(6, 11, 13, 18, 20);26;20
(6, 11, 13, 19, 20);26;20
(6, 11, 14, 15, 20);26;20
(6, 11, 14, 16, 20);26;20
(6, 11, 14, 17, 20);26;20
(6, 11, 14, 18, 20);26;20
(6, 11, 14, 19, 20);26;20
(6, 11, 15, 16, 20);26;20
(6, 11, 15, 17, 20);26;20
(6, 11, 15, 18, 20);26;20
(6, 11, 15, 19, 20);26;20
(6, 11, 16, 17, 20);26;20
(6, 11, 16, 18, 20);26;20
(6, 11, 16, 19, 20);26;20
(6, 11, 17, 18, 20);26;20
(6, 11, 17, 19, 20);26;20
(6, 11, 18, 19, 20);38;59
(6, 12, 13, 14, 20);26;20
(6, 12, 13, 15, 20);26;20
(6, 12, 13, 16, 20);26;20
(6, 12, 13, 17, 20);26;20
(6, 12, 13, 18, 20);26;20
(6, 12, 13, 19, 20);26;20
(6, 12, 14, 15, 20);26;20
(6, 12, 14, 16, 20);26;20
(6, 12, 14, 17, 20);26;20
(6, 12, 14, 18, 20);26;20
(6, 12, 14, 19, 20);26;20
(6, 12, 15, 16, 20);26;20
(6, 12, 15, 17, 20);26;20
(6, 12, 15, 18, 20);26;20
(6, 12, 15, 19, 20);26;20
(6, 12, 16, 17, 20);26;20
(6, 12, 16, 18, 20);26;20
(6, 12, 16, 19, 20);26;20
(6, 12, 17, 18, 20);26;20
(6, 12, 17, 19, 20);26;20
(6, 12, 18, 19, 20);26;20
(6, 13, 14, 15, 20);85;214
(6, 13, 14, 16, 20);30;60
(6, 13, 14, 17, 20);34;43
(6, 13, 14, 18, 20);62;88
(6, 13, 14, 19, 20);87;20
(6, 13, 15, 16, 20);26;50
(6, 13, 15, 17, 20);37;67
(6, 13, 15, 18, 20);33;56
(6, 13, 15, 19, 20);87;49
(6, 13, 16, 17, 20);11;66
(6, 13, 16, 18, 20);36;50
(6, 13, 16, 19, 20);88;29
(6, 13, 17, 18, 20);92;103
(6, 13, 17, 19, 20);63;59
(6, 13, 18, 19, 20);85;20
(6, 14, 15, 16, 20);30;60
(6, 14, 15, 17, 20);65;130
(6, 14, 15, 18, 20);62;57
(6, 14, 15, 19, 20);34;67
(6, 14, 16, 17, 20);30;93
(6, 14, 16, 18, 20);34;20
(6, 14, 16, 19, 20);30;119
(6, 14, 17, 18, 20);62;151
(6, 14, 17, 19, 20);61;23
(6, 14, 18, 19, 20);62;24
(6, 15, 16, 17, 20);35;20
(6, 15, 16, 18, 20);35;20
(6, 15, 16, 19, 20);35;20
(6, 15, 17, 18, 20);35;20
(6, 15, 17, 19, 20);35;20
(6, 15, 18, 19, 20);35;20
(6, 16, 17, 18, 20);36;20
(6, 16, 17, 19, 20);36;20
(6, 16, 18, 19, 20);36;20
(6, 17, 18, 19, 20);37;20
(7, 8, 9, 10, 20);30;20
(7, 8, 9, 11, 20);31;20
(7, 8, 9, 12, 20);32;60
(7, 8, 9, 13, 20);27;20
(7, 8, 9, 14, 20);27;20
(7, 8, 9, 15, 20);27;20
(7, 8, 9, 16, 20);27;20
(7, 8, 9, 17, 20);26;42
(7, 8, 9, 18, 20);27;20
(7, 8, 9, 19, 20);28;20
(7, 8, 10, 11, 20);31;20
(7, 8, 10, 12, 20);32;37
(7, 8, 10, 13, 20);27;20
(7, 8, 10, 14, 20);27;20
(7, 8, 10, 15, 20);27;20
(7, 8, 10, 16, 20);27;20
(7, 8, 10, 17, 20);27;20
(7, 8, 10, 18, 20);28;20
(7, 8, 10, 19, 20);29;20
(7, 8, 11, 12, 20);56;84
(7, 8, 11, 13, 20);27;20
(7, 8, 11, 14, 20);27;20
(7, 8, 11, 15, 20);27;20
(7, 8, 11, 16, 20);27;20
(7, 8, 11, 17, 20);27;20
(7, 8, 11, 18, 20);27;20
(7, 8, 11, 19, 20);27;20
(7, 8, 12, 13, 20);27;20
(7, 8, 12, 14, 20);27;20
(7, 8, 12, 15, 20);27;20
(7, 8, 12, 16, 20);27;20
(7, 8, 12, 17, 20);27;20
(7, 8, 12, 18, 20);27;20
(7, 8, 12, 19, 20);27;20
(7, 8, 13, 14, 20);27;20
(7, 8, 13, 15, 20);27;20
(7, 8, 13, 16, 20);27;20
(7, 8, 13, 17, 20);27;20
(7, 8, 13, 18, 20);27;20
(7, 8, 13, 19, 20);27;20
(7, 8, 14, 15, 20);27;20
(7, 8, 14, 16, 20);27;20
(7, 8, 14, 17, 20);27;20
(7, 8, 14, 18, 20);27;20
(7, 8, 14, 19, 20);27;20
(7, 8, 15, 16, 20);27;20
(7, 8, 15, 17, 20);27;20
(7, 8, 15, 18, 20);27;20
(7, 8, 15, 19, 20);27;20
(7, 8, 16, 17, 20);24;68
(7, 8, 16, 18, 20);12;84
(7, 8, 16, 19, 20);27;21
(7, 8, 17, 18, 20);25;40
(7, 8, 17, 19, 20);25;34
(7, 8, 18, 19, 20);26;41
(7, 9, 10, 11, 20);31;20
(7, 9, 10, 12, 20);19;68
(7, 9, 10, 13, 20);27;20
(7, 9, 10, 14, 20);27;20
(7, 9, 10, 15, 20);27;20
(7, 9, 10, 16, 20);27;20
(7, 9, 10, 17, 20);27;20
(7, 9, 10, 18, 20);28;20
(7, 9, 10, 19, 20);29;20
(7, 9, 11, 12, 20);31;106
(7, 9, 11, 13, 20);27;20
(7, 9, 11, 14, 20);27;20
(7, 9, 11, 15, 20);27;20
(7, 9, 11, 16, 20);27;20
(7, 9, 11, 17, 20);27;20
(7, 9, 11, 18, 20);27;20
(7, 9, 11, 19, 20);58;20
(7, 9, 12, 13, 20);27;20
(7, 9, 12, 14, 20);27;20
(7, 9, 12, 15, 20);27;20
(7, 9, 12, 16, 20);27;20
(7, 9, 12, 17, 20);27;20
(7, 9, 12, 18, 20);27;20
(7, 9, 12, 19, 20);27;20
(7, 9, 13, 14, 20);27;20
(7, 9, 13, 15, 20);27;20
(7, 9, 13, 16, 20);27;20
(7, 9, 13, 17, 20);27;20
(7, 9, 13, 18, 20);27;20
(7, 9, 13, 19, 20);27;20
(7, 9, 14, 15, 20);27;20
(7, 9, 14, 16, 20);27;20
(7, 9, 14, 17, 20);27;20
(7, 9, 14, 18, 20);27;20
(7, 9, 14, 19, 20);27;20
(7, 9, 15, 16, 20);27;20
(7, 9, 15, 17, 20);27;20
(7, 9, 15, 18, 20);27;20
(7, 9, 15, 19, 20);27;20
(7, 9, 16, 17, 20);27;20
(7, 9, 16, 18, 20);27;20
(7, 9, 16, 19, 20);27;20
(7, 9, 17, 18, 20);26;67
(7, 9, 17, 19, 20);26;68
(7, 9, 18, 19, 20);27;20
(7, 10, 11, 12, 20);22;87
(7, 10, 11, 13, 20);27;20
(7, 10, 11, 14, 20);27;20
(7, 10, 11, 15, 20);27;20
(7, 10, 11, 16, 20);27;20
(7, 10, 11, 17, 20);27;20
(7, 10, 11, 18, 20);27;20
(7, 10, 11, 19, 20);30;20
(7, 10, 12, 13, 20);27;20
(7, 10, 12, 14, 20);27;20
(7, 10, 12, 15, 20);27;20
(7, 10, 12, 16, 20);27;20
(7, 10, 12, 17, 20);27;20
(7, 10, 12, 18, 20);27;20
(7, 10, 12, 19, 20);27;20
(7, 10, 13, 14, 20);27;20
(7, 10, 13, 15, 20);27;20
(7, 10, 13, 16, 20);27;20
(7, 10, 13, 17, 20);27;20
(7, 10, 13, 18, 20);27;20
(7, 10, 13, 19, 20);27;20
(7, 10, 14, 15, 20);27;20
(7, 10, 14, 16, 20);27;20
(7, 10, 14, 17, 20);27;20
(7, 10, 14, 18, 20);27;20
(7, 10, 14, 19, 20);27;20
(7, 10, 15, 16, 20);27;20
(7, 10, 15, 17, 20);27;20
(7, 10, 15, 18, 20);27;20
(7, 10, 15, 19, 20);27;20
(7, 10, 16, 17, 20);27;20
(7, 10, 16, 18, 20);27;20
(7, 10, 16, 19, 20);27;20
(7, 10, 17, 18, 20);27;20
(7, 10, 17, 19, 20);27;20
(7, 10, 18, 19, 20);28;20
(7, 11, 12, 13, 20);27;20
(7, 11, 12, 14, 20);27;20
(7, 11, 12, 15, 20);27;20
(7, 11, 12, 16, 20);27;20
(7, 11, 12, 17, 20);27;20
(7, 11, 12, 18, 20);27;20
(7, 11, 12, 19, 20);27;20
(7, 11, 13, 14, 20);27;20
(7, 11, 13, 15, 20);27;20
(7, 11, 13, 16, 20);27;20
(7, 11, 13, 17, 20);27;20
(7, 11, 13, 18, 20);27;20
(7, 11, 13, 19, 20);27;20
(7, 11, 14, 15, 20);27;20
(7, 11, 14, 16, 20);27;20
(7, 11, 14, 17, 20);27;20
(7, 11, 14, 18, 20);27;20
(7, 11, 14, 19, 20);27;20
(7, 11, 15, 16, 20);27;20
(7, 11, 15, 17, 20);27;20
(7, 11, 15, 18, 20);27;20
(7, 11, 15, 19, 20);27;20
(7, 11, 16, 17, 20);27;20
(7, 11, 16, 18, 20);27;20
(7, 11, 16, 19, 20);27;20
(7, 11, 17, 18, 20);27;20
(7, 11, 17, 19, 20);27;20
(7, 11, 18, 19, 20);27;20
(7, 12, 13, 14, 20);27;20
(7, 12, 13, 15, 20);27;20
(7, 12, 13, 16, 20);27;20
(7, 12, 13, 17, 20);27;20
(7, 12, 13, 18, 20);27;20
(7, 12, 13, 19, 20);27;20
(7, 12, 14, 15, 20);27;20
(7, 12, 14, 16, 20);27;20
(7, 12, 14, 17, 20);27;20
(7, 12, 14, 18, 20);27;20
(7, 12, 14, 19, 20);27;20
(7, 12, 15, 16, 20);27;20
(7, 12, 15, 17, 20);27;20
(7, 12, 15, 18, 20);27;20
(7, 12, 15, 19, 20);27;20
(7, 12, 16, 17, 20);27;20
(7, 12, 16, 18, 20);27;20
(7, 12, 16, 19, 20);27;20
(7, 12, 17, 18, 20);27;20
(7, 12, 17, 19, 20);27;20
(7, 12, 18, 19, 20);27;20
(7, 13, 14, 15, 20);27;20
(7, 13, 14, 16, 20);27;20
(7, 13, 14, 17, 20);27;20
(7, 13, 14, 18, 20);27;20
(7, 13, 14, 19, 20);27;20
(7, 13, 15, 16, 20);27;20
(7, 13, 15, 17, 20);27;20
(7, 13, 15, 18, 20);27;20
(7, 13, 15, 19, 20);27;20
(7, 13, 16, 17, 20);27;20
(7, 13, 16, 18, 20);27;20
(7, 13, 16, 19, 20);27;20
(7, 13, 17, 18, 20);27;20
(7, 13, 17, 19, 20);27;20
(7, 13, 18, 19, 20);27;20
(7, 14, 15, 16, 20);27;20
(7, 14, 15, 17, 20);27;20
(7, 14, 15, 18, 20);27;20
(7, 14, 15, 19, 20);27;20
(7, 14, 16, 17, 20);27;20
(7, 14, 16, 18, 20);27;20
(7, 14, 16, 19, 20);27;20
(7, 14, 17, 18, 20);27;20
(7, 14, 17, 19, 20);27;20
(7, 14, 18, 19, 20);27;20
(7, 15, 16, 17, 20);32;32
(7, 15, 16, 18, 20);58;101
(7, 15, 16, 19, 20);35;34
(7, 15, 17, 18, 20);35;33
(7, 15, 17, 19, 20);62;20
(7, 15, 18, 19, 20);61;152
(7, 16, 17, 18, 20);36;33
(7, 16, 17, 19, 20);36;33
(7, 16, 18, 19, 20);36;33
(7, 17, 18, 19, 20);37;25
(8, 9, 10, 11, 20);31;20
(8, 9, 10, 12, 20);28;20
(8, 9, 10, 13, 20);28;20
(8, 9, 10, 14, 20);28;20
(8, 9, 10, 15, 20);28;20
(8, 9, 10, 16, 20);28;20
(8, 9, 10, 17, 20);28;20
(8, 9, 10, 18, 20);28;20
(8, 9, 10, 19, 20);29;20
(8, 9, 11, 12, 20);28;20
(8, 9, 11, 13, 20);28;20
(8, 9, 11, 14, 20);28;20
(8, 9, 11, 15, 20);28;20
(8, 9, 11, 16, 20);28;20
(8, 9, 11, 17, 20);28;20
(8, 9, 11, 18, 20);28;20
(8, 9, 11, 19, 20);28;20
(8, 9, 12, 13, 20);28;20
(8, 9, 12, 14, 20);28;20
(8, 9, 12, 15, 20);28;20
(8, 9, 12, 16, 20);28;20
(8, 9, 12, 17, 20);28;20
(8, 9, 12, 18, 20);28;20
(8, 9, 12, 19, 20);28;20
(8, 9, 13, 14, 20);28;20
(8, 9, 13, 15, 20);28;20
(8, 9, 13, 16, 20);28;20
(8, 9, 13, 17, 20);28;20
(8, 9, 13, 18, 20);28;20
(8, 9, 13, 19, 20);28;20
(8, 9, 14, 15, 20);28;20
(8, 9, 14, 16, 20);28;20
(8, 9, 14, 17, 20);28;20
(8, 9, 14, 18, 20);28;20
(8, 9, 14, 19, 20);28;20
(8, 9, 15, 16, 20);28;20
(8, 9, 15, 17, 20);28;20
(8, 9, 15, 18, 20);28;20
(8, 9, 15, 19, 20);28;20
(8, 9, 16, 17, 20);28;20
(8, 9, 16, 18, 20);28;20
(8, 9, 16, 19, 20);28;20
(8, 9, 17, 18, 20);28;20
(8, 9, 17, 19, 20);28;20
(8, 9, 18, 19, 20);27;44
(8, 10, 11, 12, 20);28;20
(8, 10, 11, 13, 20);28;20
(8, 10, 11, 14, 20);28;20
(8, 10, 11, 15, 20);28;20
(8, 10, 11, 16, 20);28;20
(8, 10, 11, 17, 20);28;20
(8, 10, 11, 18, 20);28;20
(8, 10, 11, 19, 20);28;20
(8, 10, 12, 13, 20);28;20
(8, 10, 12, 14, 20);28;20
(8, 10, 12, 15, 20);28;20
(8, 10, 12, 16, 20);28;20
(8, 10, 12, 17, 20);28;20
(8, 10, 12, 18, 20);28;20
(8, 10, 12, 19, 20);28;20
(8, 10, 13, 14, 20);28;20
(8, 10, 13, 15, 20);28;20
(8, 10, 13, 16, 20);28;20
(8, 10, 13, 17, 20);28;20
(8, 10, 13, 18, 20);28;20
(8, 10, 13, 19, 20);28;20
(8, 10, 14, 15, 20);28;20
(8, 10, 14, 16, 20);28;20
(8, 10, 14, 17, 20);28;20
(8, 10, 14, 18, 20);28;20
(8, 10, 14, 19, 20);28;20
(8, 10, 15, 16, 20);28;20
(8, 10, 15, 17, 20);28;20
(8, 10, 15, 18, 20);28;20
(8, 10, 15, 19, 20);28;20
(8, 10, 16, 17, 20);28;20
(8, 10, 16, 18, 20);28;20
(8, 10, 16, 19, 20);28;20
(8, 10, 17, 18, 20);28;20
(8, 10, 17, 19, 20);28;20
(8, 10, 18, 19, 20);28;20
(8, 11, 12, 13, 20);28;20
(8, 11, 12, 14, 20);28;20
(8, 11, 12, 15, 20);28;20
(8, 11, 12, 16, 20);28;20
(8, 11, 12, 17, 20);28;20
(8, 11, 12, 18, 20);28;20
(8, 11, 12, 19, 20);28;20
(8, 11, 13, 14, 20);28;20
(8, 11, 13, 15, 20);28;20
(8, 11, 13, 16, 20);28;20
(8, 11, 13, 17, 20);28;20
(8, 11, 13, 18, 20);28;20
(8, 11, 13, 19, 20);28;20
(8, 11, 14, 15, 20);28;20
(8, 11, 14, 16, 20);28;20
(8, 11, 14, 17, 20);28;20
(8, 11, 14, 18, 20);28;20
(8, 11, 14, 19, 20);28;20
(8, 11, 15, 16, 20);28;20
(8, 11, 15, 17, 20);28;20
(8, 11, 15, 18, 20);28;20
(8, 11, 15, 19, 20);28;20
(8, 11, 16, 17, 20);28;20
(8, 11, 16, 18, 20);28;20
(8, 11, 16, 19, 20);28;20
(8, 11, 17, 18, 20);28;20
(8, 11, 17, 19, 20);28;20
(8, 11, 18, 19, 20);28;20
(8, 12, 13, 14, 20);28;20
(8, 12, 13, 15, 20);28;20
(8, 12, 13, 16, 20);28;20
(8, 12, 13, 17, 20);28;20
(8, 12, 13, 18, 20);28;20
(8, 12, 13, 19, 20);28;20
(8, 12, 14, 15, 20);28;20
(8, 12, 14, 16, 20);28;20
(8, 12, 14, 17, 20);28;20
(8, 12, 14, 18, 20);28;20
(8, 12, 14, 19, 20);28;20
(8, 12, 15, 16, 20);28;20
(8, 12, 15, 17, 20);28;20
(8, 12, 15, 18, 20);28;20
(8, 12, 15, 19, 20);28;20
(8, 12, 16, 17, 20);28;20
(8, 12, 16, 18, 20);28;20
(8, 12, 16, 19, 20);28;20
(8, 12, 17, 18, 20);28;20
(8, 12, 17, 19, 20);28;20
(8, 12, 18, 19, 20);28;20
(8, 13, 14, 15, 20);28;20
(8, 13, 14, 16, 20);28;20
(8, 13, 14, 17, 20);28;20
(8, 13, 14, 18, 20);28;20
(8, 13, 14, 19, 20);28;20
(8, 13, 15, 16, 20);28;20
(8, 13, 15, 17, 20);28;20
(8, 13, 15, 18, 20);28;20
(8, 13, 15, 19, 20);28;20
(8, 13, 16, 17, 20);28;20
(8, 13, 16, 18, 20);28;20
(8, 13, 16, 19, 20);28;20
(8, 13, 17, 18, 20);28;20
(8, 13, 17, 19, 20);28;20
(8, 13, 18, 19, 20);28;20
(8, 14, 15, 16, 20);28;20
(8, 14, 15, 17, 20);28;20
(8, 14, 15, 18, 20);28;20
(8, 14, 15, 19, 20);28;20
(8, 14, 16, 17, 20);28;20
(8, 14, 16, 18, 20);28;20
(8, 14, 16, 19, 20);28;20
(8, 14, 17, 18, 20);28;20
(8, 14, 17, 19, 20);28;20
(8, 14, 18, 19, 20);28;20
(8, 15, 16, 17, 20);28;20
(8, 15, 16, 18, 20);28;20
(8, 15, 16, 19, 20);28;20
(8, 15, 17, 18, 20);28;20
(8, 15, 17, 19, 20);28;20
(8, 15, 18, 19, 20);28;20
(8, 16, 17, 18, 20);28;20
(8, 16, 17, 19, 20);28;20
(8, 16, 18, 19, 20);28;20
(8, 17, 18, 19, 20);25;36
(9, 10, 11, 12, 20);29;20
(9, 10, 11, 13, 20);29;20
(9, 10, 11, 14, 20);29;20
(9, 10, 11, 15, 20);29;20
(9, 10, 11, 16, 20);29;20
(9, 10, 11, 17, 20);29;20
(9, 10, 11, 18, 20);29;20
(9, 10, 11, 19, 20);29;20
(9, 10, 12, 13, 20);29;20
(9, 10, 12, 14, 20);29;20
(9, 10, 12, 15, 20);29;20
(9, 10, 12, 16, 20);29;20
(9, 10, 12, 17, 20);29;20
(9, 10, 12, 18, 20);29;20
(9, 10, 12, 19, 20);29;20
(9, 10, 13, 14, 20);29;20
(9, 10, 13, 15, 20);29;20
(9, 10, 13, 16, 20);29;20
(9, 10, 13, 17, 20);29;20
(9, 10, 13, 18, 20);29;20
(9, 10, 13, 19, 20);29;20
(9, 10, 14, 15, 20);29;20
(9, 10, 14, 16, 20);29;20
(9, 10, 14, 17, 20);29;20
(9, 10, 14, 18, 20);29;20
(9, 10, 14, 19, 20);29;20
(9, 10, 15, 16, 20);29;20
(9, 10, 15, 17, 20);29;20
(9, 10, 15, 18, 20);29;20
(9, 10, 15, 19, 20);29;20
(9, 10, 16, 17, 20);29;20
(9, 10, 16, 18, 20);29;20
(9, 10, 16, 19, 20);29;20
(9, 10, 17, 18, 20);29;20
(9, 10, 17, 19, 20);29;20
(9, 10, 18, 19, 20);29;20
(9, 11, 12, 13, 20);29;20
(9, 11, 12, 14, 20);29;20
(9, 11, 12, 15, 20);29;20
(9, 11, 12, 16, 20);29;20
(9, 11, 12, 17, 20);29;20
(9, 11, 12, 18, 20);29;20
(9, 11, 12, 19, 20);29;20
(9, 11, 13, 14, 20);29;20
(9, 11, 13, 15, 20);29;20
(9, 11, 13, 16, 20);29;20
(9, 11, 13, 17, 20);29;20
(9, 11, 13, 18, 20);29;20
(9, 11, 13, 19, 20);29;20
(9, 11, 14, 15, 20);29;20
(9, 11, 14, 16, 20);29;20
(9, 11, 14, 17, 20);29;20
(9, 11, 14, 18, 20);29;20
(9, 11, 14, 19, 20);29;20
(9, 11, 15, 16, 20);29;20
(9, 11, 15, 17, 20);29;20
(9, 11, 15, 18, 20);29;20
(9, 11, 15, 19, 20);29;20
(9, 11, 16, 17, 20);29;20
(9, 11, 16, 18, 20);29;20
(9, 11, 16, 19, 20);29;20
(9, 11, 17, 18, 20);29;20
(9, 11, 17, 19, 20);29;20
(9, 11, 18, 19, 20);29;20
(9, 12, 13, 14, 20);29;20
(9, 12, 13, 15, 20);29;20
(9, 12, 13, 16, 20);29;20
(9, 12, 13, 17, 20);29;20
(9, 12, 13, 18, 20);29;20
(9, 12, 13, 19, 20);29;20
(9, 12, 14, 15, 20);29;20
(9, 12, 14, 16, 20);29;20
(9, 12, 14, 17, 20);29;20
(9, 12, 14, 18, 20);29;20
(9, 12, 14, 19, 20);29;20
(9, 12, 15, 16, 20);29;20
(9, 12, 15, 17, 20);29;20
(9, 12, 15, 18, 20);29;20
(9, 12, 15, 19, 20);29;20
(9, 12, 16, 17, 20);29;20
(9, 12, 16, 18, 20);29;20
(9, 12, 16, 19, 20);29;20
(9, 12, 17, 18, 20);29;20
(9, 12, 17, 19, 20);29;20
(9, 12, 18, 19, 20);29;20
(9, 13, 14, 15, 20);29;20
(9, 13, 14, 16, 20);29;20
(9, 13, 14, 17, 20);29;20
(9, 13, 14, 18, 20);29;20
(9, 13, 14, 19, 20);29;20
(9, 13, 15, 16, 20);29;20
(9, 13, 15, 17, 20);29;20
(9, 13, 15, 18, 20);29;20
(9, 13, 15, 19, 20);29;20
(9, 13, 16, 17, 20);29;20
(9, 13, 16, 18, 20);29;20
(9, 13, 16, 19, 20);29;20
(9, 13, 17, 18, 20);29;20
(9, 13, 17, 19, 20);29;20
(9, 13, 18, 19, 20);29;20
(9, 14, 15, 16, 20);29;20
(9, 14, 15, 17, 20);29;20
(9, 14, 15, 18, 20);29;20
(9, 14, 15, 19, 20);29;20
(9, 14, 16, 17, 20);29;20
(9, 14, 16, 18, 20);29;20
(9, 14, 16, 19, 20);29;20
(9, 14, 17, 18, 20);29;20
(9, 14, 17, 19, 20);29;20
(9, 14, 18, 19, 20);29;20
(9, 15, 16, 17, 20);29;20
(9, 15, 16, 18, 20);29;20
(9, 15, 16, 19, 20);29;20
(9, 15, 17, 18, 20);29;20
(9, 15, 17, 19, 20);29;20
(9, 15, 18, 19, 20);29;20
(9, 16, 17, 18, 20);29;20
(9, 16, 17, 19, 20);29;20
(9, 16, 18, 19, 20);29;20
(9, 17, 18, 19, 20);29;20
(10, 11, 12, 13, 20);30;20
(10, 11, 12, 14, 20);30;20
(10, 11, 12, 15, 20);30;20
(10, 11, 12, 16, 20);30;20
(10, 11, 12, 17, 20);30;20
(10, 11, 12, 18, 20);30;20
(10, 11, 12, 19, 20);30;20
(10, 11, 13, 14, 20);30;20
(10, 11, 13, 15, 20);30;20
(10, 11, 13, 16, 20);30;20
(10, 11, 13, 17, 20);30;20
(10, 11, 13, 18, 20);30;20
(10, 11, 13, 19, 20);30;20
(10, 11, 14, 15, 20);30;20
(10, 11, 14, 16, 20);30;20
(10, 11, 14, 17, 20);30;20
(10, 11, 14, 18, 20);30;20
(10, 11, 14, 19, 20);30;20
(10, 11, 15, 16, 20);30;20
(10, 11, 15, 17, 20);30;20
(10, 11, 15, 18, 20);30;20
(10, 11, 15, 19, 20);30;20
(10, 11, 16, 17, 20);30;20
(10, 11, 16, 18, 20);30;20
(10, 11, 16, 19, 20);30;20
(10, 11, 17, 18, 20);30;20
(10, 11, 17, 19, 20);30;20
(10, 11, 18, 19, 20);30;20
(10, 12, 13, 14, 20);30;20
(10, 12, 13, 15, 20);30;20
(10, 12, 13, 16, 20);30;20
(10, 12, 13, 17, 20);30;20
(10, 12, 13, 18, 20);30;20
(10, 12, 13, 19, 20);30;20
(10, 12, 14, 15, 20);30;20
(10, 12, 14, 16, 20);30;20
(10, 12, 14, 17, 20);30;20
(10, 12, 14, 18, 20);30;20
(10, 12, 14, 19, 20);30;20
(10, 12, 15, 16, 20);30;20
(10, 12, 15, 17, 20);30;20
(10, 12, 15, 18, 20);30;20
(10, 12, 15, 19, 20);30;20
(10, 12, 16, 17, 20);30;20
(10, 12, 16, 18, 20);30;20
(10, 12, 16, 19, 20);30;20
(10, 12, 17, 18, 20);30;20
(10, 12, 17, 19, 20);30;20
(10, 12, 18, 19, 20);30;20
(10, 13, 14, 15, 20);30;20
(10, 13, 14, 16, 20);30;20
(10, 13, 14, 17, 20);30;20
(10, 13, 14, 18, 20);30;20
(10, 13, 14, 19, 20);30;20
(10, 13, 15, 16, 20);30;20
(10, 13, 15, 17, 20);30;20
(10, 13, 15, 18, 20);30;20
(10, 13, 15, 19, 20);30;20
(10, 13, 16, 17, 20);30;20
(10, 13, 16, 18, 20);30;20
(10, 13, 16, 19, 20);30;20
(10, 13, 17, 18, 20);30;20
(10, 13, 17, 19, 20);30;20
(10, 13, 18, 19, 20);30;20
(10, 14, 15, 16, 20);30;20
(10, 14, 15, 17, 20);30;20
(10, 14, 15, 18, 20);30;20
(10, 14, 15, 19, 20);30;20
(10, 14, 16, 17, 20);30;20
(10, 14, 16, 18, 20);30;20
(10, 14, 16, 19, 20);30;20
(10, 14, 17, 18, 20);30;20
(10, 14, 17, 19, 20);30;20
(10, 14, 18, 19, 20);30;20
(10, 15, 16, 17, 20);30;20
(10, 15, 16, 18, 20);30;20
(10, 15, 16, 19, 20);30;20
(10, 15, 17, 18, 20);30;20
(10, 15, 17, 19, 20);30;20
(10, 15, 18, 19, 20);30;20
(10, 16, 17, 18, 20);30;20
(10, 16, 17, 19, 20);30;20
(10, 16, 18, 19, 20);30;20
(10, 17, 18, 19, 20);30;20
(11, 12, 13, 14, 20);31;20
(11, 12, 13, 15, 20);31;20
(11, 12, 13, 16, 20);31;20
(11, 12, 13, 17, 20);31;20
(11, 12, 13, 18, 20);31;20
(11, 12, 13, 19, 20);31;20
(11, 12, 14, 15, 20);31;20
(11, 12, 14, 16, 20);31;20
(11, 12, 14, 17, 20);31;20
(11, 12, 14, 18, 20);31;20
(11, 12, 14, 19, 20);31;20
(11, 12, 15, 16, 20);31;20
(11, 12, 15, 17, 20);31;20
(11, 12, 15, 18, 20);31;20
(11, 12, 15, 19, 20);31;20
(11, 12, 16, 17, 20);31;20
(11, 12, 16, 18, 20);31;20
(11, 12, 16, 19, 20);31;20
(11, 12, 17, 18, 20);31;20
(11, 12, 17, 19, 20);31;20
(11, 12, 18, 19, 20);31;20
(11, 13, 14, 15, 20);31;20
(11, 13, 14, 16, 20);31;20
(11, 13, 14, 17, 20);31;20
(11, 13, 14, 18, 20);31;20
(11, 13, 14, 19, 20);31;20
(11, 13, 15, 16, 20);31;20
(11, 13, 15, 17, 20);31;20
(11, 13, 15, 18, 20);31;20
(11, 13, 15, 19, 20);31;20
(11, 13, 16, 17, 20);31;20
(11, 13, 16, 18, 20);31;20
(11, 13, 16, 19, 20);31;20
(11, 13, 17, 18, 20);31;20
(11, 13, 17, 19, 20);31;20
(11, 13, 18, 19, 20);31;20
(11, 14, 15, 16, 20);31;20
(11, 14, 15, 17, 20);31;20
(11, 14, 15, 18, 20);31;20
(11, 14, 15, 19, 20);31;20
(11, 14, 16, 17, 20);31;20
(11, 14, 16, 18, 20);31;20
(11, 14, 16, 19, 20);31;20
(11, 14, 17, 18, 20);31;20
(11, 14, 17, 19, 20);31;20
(11, 14, 18, 19, 20);31;20
(11, 15, 16, 17, 20);31;20
(11, 15, 16, 18, 20);31;20
(11, 15, 16, 19, 20);31;20
(11, 15, 17, 18, 20);31;20
(11, 15, 17, 19, 20);31;20
(11, 15, 18, 19, 20);31;20
(11, 16, 17, 18, 20);31;20
(11, 16, 17, 19, 20);31;20
(11, 16, 18, 19, 20);31;20
(11, 17, 18, 19, 20);31;20
(12, 13, 14, 15, 20);32;20
(12, 13, 14, 16, 20);32;20
(12, 13, 14, 17, 20);32;20
(12, 13, 14, 18, 20);32;20
(12, 13, 14, 19, 20);32;20
(12, 13, 15, 16, 20);32;20
(12, 13, 15, 17, 20);32;20
(12, 13, 15, 18, 20);32;20
(12, 13, 15, 19, 20);32;20
(12, 13, 16, 17, 20);32;20
(12, 13, 16, 18, 20);32;20
(12, 13, 16, 19, 20);32;20
(12, 13, 17, 18, 20);32;20
(12, 13, 17, 19, 20);32;20
(12, 13, 18, 19, 20);32;20
(12, 14, 15, 16, 20);32;20
(12, 14, 15, 17, 20);32;20
(12, 14, 15, 18, 20);32;20
(12, 14, 15, 19, 20);32;20
(12, 14, 16, 17, 20);32;20
(12, 14, 16, 18, 20);32;20
(12, 14, 16, 19, 20);32;20
(12, 14, 17, 18, 20);32;20
(12, 14, 17, 19, 20);32;20
(12, 14, 18, 19, 20);32;20
(12, 15, 16, 17, 20);32;20
(12, 15, 16, 18, 20);32;20
(12, 15, 16, 19, 20);32;20
(12, 15, 17, 18, 20);32;20
(12, 15, 17, 19, 20);32;20
(12, 15, 18, 19, 20);32;20
(12, 16, 17, 18, 20);32;20
(12, 16, 17, 19, 20);32;20
(12, 16, 18, 19, 20);32;20
(12, 17, 18, 19, 20);32;20
(13, 14, 15, 16, 20);33;20
(13, 14, 15, 17, 20);33;20
(13, 14, 15, 18, 20);33;20
(13, 14, 15, 19, 20);33;20
(13, 14, 16, 17, 20);33;20
(13, 14, 16, 18, 20);33;20
(13, 14, 16, 19, 20);33;20
(13, 14, 17, 18, 20);33;20
(13, 14, 17, 19, 20);33;20
(13, 14, 18, 19, 20);33;20
(13, 15, 16, 17, 20);33;20
(13, 15, 16, 18, 20);33;20
(13, 15, 16, 19, 20);33;20
(13, 15, 17, 18, 20);33;20
(13, 15, 17, 19, 20);33;20
(13, 15, 18, 19, 20);33;20
(13, 16, 17, 18, 20);33;20
(13, 16, 17, 19, 20);33;20
(13, 16, 18, 19, 20);33;20
(13, 17, 18, 19, 20);33;20
(14, 15, 16, 17, 20);34;20
(14, 15, 16, 18, 20);34;20
(14, 15, 16, 19, 20);34;20
(14, 15, 17, 18, 20);34;20
(14, 15, 17, 19, 20);34;20
(14, 15, 18, 19, 20);34;20
(14, 16, 17, 18, 20);34;20
(14, 16, 17, 19, 20);34;20
(14, 16, 18, 19, 20);34;20
(14, 17, 18, 19, 20);34;20
(15, 16, 17, 18, 20);35;20
(15, 16, 17, 19, 20);35;20
(15, 16, 18, 19, 20);35;20
(15, 17, 18, 19, 20);35;20
(16, 17, 18, 19, 20);36;20
