S;p;l
(1, 2, 3, 4, 18);5;18
(1, 2, 3, 5, 18);4;18
(1, 2, 3, 6, 18);4;18
(1, 2, 3, 7, 18);4;18
(1, 2, 3, 8, 18);19;18
(1, 2, 3, 9, 18);4;18
(1, 2, 3, 10, 18);4;18
(1, 2, 3, 11, 18);4;18
(1, 2, 3, 12, 18);19;18
(1, 2, 3, 13, 18);4;18
(1, 2, 3, 14, 18);4;18
(1, 2, 3, 15, 18);4;18
(1, 2, 3, 16, 18);17;18
(1, 2, 3, 17, 18);4;18
(1, 2, 4, 5, 18);22;18
(1, 2, 4, 6, 18);8;18
(1, 2, 4, 7, 18);20;18
(1, 2, 4, 8, 18);22;18
(1, 2, 4, 9, 18);11;18
(1, 2, 4, 10, 18);20;18
(1, 2, 4, 11, 18);22;18
(1, 2, 4, 12, 18);14;18
(1, 2, 4, 13, 18);20;18
(1, 2, 4, 14, 18);22;18
(1, 2, 4, 15, 18);17;18
(1, 2, 4, 16, 18);20;18
(1, 2, 4, 17, 18);22;18
(1, 2, 5, 6, 18);24;18
(1, 2, 5, 7, 18);23;18
(1, 2, 5, 8, 18);19;18
(1, 2, 5, 9, 18);10;18
(1, 2, 5, 10, 18);23;18
(1, 2, 5, 11, 18);19;18
(1, 2, 5, 12, 18);13;18
(1, 2, 5, 13, 18);23;18
(1, 2, 5, 14, 18);19;18
(1, 2, 5, 15, 18);16;18
(1, 2, 5, 16, 18);23;18
(1, 2, 5, 17, 18);19;18
(1, 2, 6, 7, 18);8;18
(1, 2, 6, 8, 18);24;18
(1, 2, 6, 9, 18);27;18
(1, 2, 6, 10, 18);19;18
(1, 2, 6, 11, 18);12;18
(1, 2, 6, 12, 18);24;18
(1, 2, 6, 13, 18);19;18
(1, 2, 6, 14, 18);19;18
(1, 2, 6, 15, 18);24;18
(1, 2, 6, 16, 18);32;22
(1, 2, 6, 17, 18);19;18
(1, 2, 7, 8, 18);25;18
(1, 2, 7, 9, 18);11;18
(1, 2, 7, 10, 18);20;18
(1, 2, 7, 11, 18);25;18
(1, 2, 7, 12, 18);14;18
(1, 2, 7, 13, 18);20;18
(1, 2, 7, 14, 18);25;18
(1, 2, 7, 15, 18);17;18
(1, 2, 7, 16, 18);20;18
(1, 2, 7, 17, 18);25;18
(1, 2, 8, 9, 18);10;18
(1, 2, 8, 10, 18);26;18
(1, 2, 8, 11, 18);19;18
(1, 2, 8, 12, 18);13;18
(1, 2, 8, 13, 18);26;18
(1, 2, 8, 14, 18);19;18
(1, 2, 8, 15, 18);16;18
(1, 2, 8, 16, 18);26;18
(1, 2, 8, 17, 18);19;18
(1, 2, 9, 10, 18);11;18
(1, 2, 9, 11, 18);10;18
(1, 2, 9, 12, 18);10;18
(1, 2, 9, 13, 18);36;18
(1, 2, 9, 14, 18);23;18
(1, 2, 9, 15, 18);10;18
(1, 2, 9, 16, 18);17;18
(1, 2, 9, 17, 18);26;18
(1, 2, 10, 11, 18);28;18
(1, 2, 10, 12, 18);14;18
(1, 2, 10, 13, 18);20;18
(1, 2, 10, 14, 18);28;18
(1, 2, 10, 15, 18);17;18
(1, 2, 10, 16, 18);20;18
(1, 2, 10, 17, 18);28;18
(1, 2, 11, 12, 18);13;18
(1, 2, 11, 13, 18);29;18
(1, 2, 11, 14, 18);19;18
(1, 2, 11, 15, 18);16;18
(1, 2, 11, 16, 18);29;18
(1, 2, 11, 17, 18);19;18
(1, 2, 12, 13, 18);14;18
(1, 2, 12, 14, 18);13;18
(1, 2, 12, 15, 18);13;18
(1, 2, 12, 16, 18);17;18
(1, 2, 12, 17, 18);29;18
(1, 2, 13, 14, 18);31;18
(1, 2, 13, 15, 18);17;18
(1, 2, 13, 16, 18);20;18
(1, 2, 13, 17, 18);31;18
(1, 2, 14, 15, 18);16;18
(1, 2, 14, 16, 18);32;18
(1, 2, 14, 17, 18);19;18
(1, 2, 15, 16, 18);17;18
(1, 2, 15, 17, 18);16;18
(1, 2, 16, 17, 18);34;18
(1, 3, 4, 5, 18);22;18
(1, 3, 4, 6, 18);7;18
(1, 3, 4, 7, 18);27;19
(1, 3, 4, 8, 18);7;18
(1, 3, 4, 9, 18);12;18
(1, 3, 4, 10, 18);7;18
(1, 3, 4, 11, 18);7;18
(1, 3, 4, 12, 18);15;18
(1, 3, 4, 13, 18);7;18
(1, 3, 4, 14, 18);15;18
(1, 3, 4, 15, 18);7;18
(1, 3, 4, 16, 18);19;18
(1, 3, 4, 17, 18);7;18
(1, 3, 5, 6, 18);23;18
(1, 3, 5, 7, 18);25;18
(1, 3, 5, 8, 18);13;18
(1, 3, 5, 9, 18);27;18
(1, 3, 5, 10, 18);15;18
(1, 3, 5, 11, 18);29;18
(1, 3, 5, 12, 18);17;18
(1, 3, 5, 13, 18);31;18
(1, 3, 5, 14, 18);19;18
(1, 3, 5, 15, 18);33;18
(1, 3, 5, 16, 18);21;18
(1, 3, 5, 17, 18);35;18
(1, 3, 6, 7, 18);12;18
(1, 3, 6, 8, 18);21;71
(1, 3, 6, 9, 18);12;18
(1, 3, 6, 10, 18);24;18
(1, 3, 6, 11, 18);7;18
(1, 3, 6, 12, 18);24;18
(1, 3, 6, 13, 18);21;18
(1, 3, 6, 14, 18);4;40
(1, 3, 6, 15, 18);21;18
(1, 3, 6, 16, 18);19;27
(1, 3, 6, 17, 18);23;23
(1, 3, 7, 8, 18);15;18
(1, 3, 7, 9, 18);27;18
(1, 3, 7, 10, 18);17;18
(1, 3, 7, 11, 18);29;18
(1, 3, 7, 12, 18);19;18
(1, 3, 7, 13, 18);31;18
(1, 3, 7, 14, 18);21;18
(1, 3, 7, 15, 18);33;18
(1, 3, 7, 16, 18);23;18
(1, 3, 7, 17, 18);35;18
(1, 3, 8, 9, 18);26;21
(1, 3, 8, 10, 18);26;18
(1, 3, 8, 11, 18);7;42
(1, 3, 8, 12, 18);26;18
(1, 3, 8, 13, 18);21;18
(1, 3, 8, 14, 18);26;18
(1, 3, 8, 15, 18);99;18
(1, 3, 8, 16, 18);26;18
(1, 3, 8, 17, 18);93;18
(1, 3, 9, 10, 18);19;18
(1, 3, 9, 11, 18);29;18
(1, 3, 9, 12, 18);21;18
(1, 3, 9, 13, 18);31;18
(1, 3, 9, 14, 18);23;18
(1, 3, 9, 15, 18);33;18
(1, 3, 9, 16, 18);25;18
(1, 3, 9, 17, 18);35;18
(1, 3, 10, 11, 18);21;18
(1, 3, 10, 12, 18);28;18
(1, 3, 10, 13, 18);23;18
(1, 3, 10, 14, 18);28;18
(1, 3, 10, 15, 18);25;94
(1, 3, 10, 16, 18);28;18
(1, 3, 10, 17, 18);35;57
(1, 3, 11, 12, 18);23;18
(1, 3, 11, 13, 18);31;18
(1, 3, 11, 14, 18);25;18
(1, 3, 11, 15, 18);33;18
(1, 3, 11, 16, 18);27;18
(1, 3, 11, 17, 18);35;18
(1, 3, 12, 13, 18);25;18
(1, 3, 12, 14, 18);15;18
(1, 3, 12, 15, 18);27;18
(1, 3, 12, 16, 18);15;18
(1, 3, 12, 17, 18);69;86
(1, 3, 13, 14, 18);27;18
(1, 3, 13, 15, 18);33;18
(1, 3, 13, 16, 18);29;18
(1, 3, 13, 17, 18);35;18
(1, 3, 14, 15, 18);29;18
(1, 3, 14, 16, 18);17;18
(1, 3, 14, 17, 18);31;18
(1, 3, 15, 16, 18);31;18
(1, 3, 15, 17, 18);35;18
(1, 3, 16, 17, 18);33;18
(1, 4, 5, 6, 18);19;18
(1, 4, 5, 7, 18);31;22
(1, 4, 5, 8, 18);21;18
(1, 4, 5, 9, 18);22;18
(1, 4, 5, 10, 18);23;21
(1, 4, 5, 11, 18);22;18
(1, 4, 5, 12, 18);25;19
(1, 4, 5, 13, 18);31;18
(1, 4, 5, 14, 18);17;18
(1, 4, 5, 15, 18);19;19
(1, 4, 5, 16, 18);17;18
(1, 4, 5, 17, 18);22;18
(1, 4, 6, 7, 18);24;18
(1, 4, 6, 8, 18);12;18
(1, 4, 6, 9, 18);27;18
(1, 4, 6, 10, 18);14;18
(1, 4, 6, 11, 18);22;18
(1, 4, 6, 12, 18);24;18
(1, 4, 6, 13, 18);17;18
(1, 4, 6, 14, 18);32;18
(1, 4, 6, 15, 18);19;18
(1, 4, 6, 16, 18);22;18
(1, 4, 6, 17, 18);144;23
(1, 4, 7, 8, 18);25;18
(1, 4, 7, 9, 18);27;18
(1, 4, 7, 10, 18);11;18
(1, 4, 7, 11, 18);22;18
(1, 4, 7, 12, 18);19;18
(1, 4, 7, 13, 18);14;18
(1, 4, 7, 14, 18);32;18
(1, 4, 7, 15, 18);19;18
(1, 4, 7, 16, 18);17;36
(1, 4, 7, 17, 18);35;18
(1, 4, 8, 9, 18);17;18
(1, 4, 8, 10, 18);14;18
(1, 4, 8, 11, 18);12;18
(1, 4, 8, 12, 18);5;25
(1, 4, 8, 13, 18);12;18
(1, 4, 8, 14, 18);22;18
(1, 4, 8, 15, 18);19;18
(1, 4, 8, 16, 18);12;18
(1, 4, 8, 17, 18);7;21
(1, 4, 9, 10, 18);19;18
(1, 4, 9, 11, 18);27;18
(1, 4, 9, 12, 18);27;32
(1, 4, 9, 13, 18);22;18
(1, 4, 9, 14, 18);32;18
(1, 4, 9, 15, 18);24;18
(1, 4, 9, 16, 18);27;18
(1, 4, 9, 17, 18);60;23
(1, 4, 10, 11, 18);7;18
(1, 4, 10, 12, 18);11;24
(1, 4, 10, 13, 18);14;18
(1, 4, 10, 14, 18);52;43
(1, 4, 10, 15, 18);11;30
(1, 4, 10, 16, 18);17;33
(1, 4, 10, 17, 18);27;43
(1, 4, 11, 12, 18);29;28
(1, 4, 11, 13, 18);17;18
(1, 4, 11, 14, 18);32;18
(1, 4, 11, 15, 18);19;19
(1, 4, 11, 16, 18);22;18
(1, 4, 11, 17, 18);94;56
(1, 4, 12, 13, 18);64;24
(1, 4, 12, 14, 18);32;18
(1, 4, 12, 15, 18);19;20
(1, 4, 12, 16, 18);30;41
(1, 4, 12, 17, 18);35;49
(1, 4, 13, 14, 18);27;18
(1, 4, 13, 15, 18);19;18
(1, 4, 13, 16, 18);17;18
(1, 4, 13, 17, 18);76;19
(1, 4, 14, 15, 18);29;18
(1, 4, 14, 16, 18);32;18
(1, 4, 14, 17, 18);65;28
(1, 4, 15, 16, 18);31;19
(1, 4, 15, 17, 18);7;61
(1, 4, 16, 17, 18);34;18
(1, 5, 6, 7, 18);12;18
(1, 5, 6, 8, 18);24;18
(1, 5, 6, 9, 18);12;18
(1, 5, 6, 10, 18);24;18
(1, 5, 6, 11, 18);12;18
(1, 5, 6, 12, 18);24;18
(1, 5, 6, 13, 18);33;18
(1, 5, 6, 14, 18);19;26
(1, 5, 6, 15, 18);21;18
(1, 5, 6, 16, 18);21;18
(1, 5, 6, 17, 18);23;18
(1, 5, 7, 8, 18);15;18
(1, 5, 7, 9, 18);27;18
(1, 5, 7, 10, 18);17;18
(1, 5, 7, 11, 18);29;18
(1, 5, 7, 12, 18);19;18
(1, 5, 7, 13, 18);31;18
(1, 5, 7, 14, 18);21;18
(1, 5, 7, 15, 18);33;18
(1, 5, 7, 16, 18);23;18
(1, 5, 7, 17, 18);35;18
(1, 5, 8, 9, 18);10;29
(1, 5, 8, 10, 18);13;18
(1, 5, 8, 11, 18);19;23
(1, 5, 8, 12, 18);13;18
(1, 5, 8, 13, 18);56;66
(1, 5, 8, 14, 18);13;18
(1, 5, 8, 15, 18);23;18
(1, 5, 8, 16, 18);13;18
(1, 5, 8, 17, 18);35;36
(1, 5, 9, 10, 18);19;18
(1, 5, 9, 11, 18);29;18
(1, 5, 9, 12, 18);21;18
(1, 5, 9, 13, 18);31;18
(1, 5, 9, 14, 18);23;18
(1, 5, 9, 15, 18);33;18
(1, 5, 9, 16, 18);25;18
(1, 5, 9, 17, 18);35;18
(1, 5, 10, 11, 18);21;18
(1, 5, 10, 12, 18);15;18
(1, 5, 10, 13, 18);23;18
(1, 5, 10, 14, 18);15;18
(1, 5, 10, 15, 18);25;18
(1, 5, 10, 16, 18);15;18
(1, 5, 10, 17, 18);61;35
(1, 5, 11, 12, 18);23;18
(1, 5, 11, 13, 18);31;18
(1, 5, 11, 14, 18);25;18
(1, 5, 11, 15, 18);33;18
(1, 5, 11, 16, 18);27;18
(1, 5, 11, 17, 18);35;18
(1, 5, 12, 13, 18);25;18
(1, 5, 12, 14, 18);17;18
(1, 5, 12, 15, 18);27;18
(1, 5, 12, 16, 18);17;18
(1, 5, 12, 17, 18);29;18
(1, 5, 13, 14, 18);27;18
(1, 5, 13, 15, 18);33;18
(1, 5, 13, 16, 18);29;18
(1, 5, 13, 17, 18);35;18
(1, 5, 14, 15, 18);29;18
(1, 5, 14, 16, 18);19;18
(1, 5, 14, 17, 18);31;18
(1, 5, 15, 16, 18);31;18
(1, 5, 15, 17, 18);35;18
(1, 5, 16, 17, 18);33;18
(1, 6, 7, 8, 18);13;18
(1, 6, 7, 9, 18);12;18
(1, 6, 7, 10, 18);13;18
(1, 6, 7, 11, 18);12;18
(1, 6, 7, 12, 18);13;18
(1, 6, 7, 13, 18);12;18
(1, 6, 7, 14, 18);36;18
(1, 6, 7, 15, 18);12;18
(1, 6, 7, 16, 18);25;18
(1, 6, 7, 17, 18);12;18
(1, 6, 8, 9, 18);17;18
(1, 6, 8, 10, 18);28;18
(1, 6, 8, 11, 18);19;18
(1, 6, 8, 12, 18);24;18
(1, 6, 8, 13, 18);26;18
(1, 6, 8, 14, 18);24;21
(1, 6, 8, 15, 18);33;18
(1, 6, 8, 16, 18);24;18
(1, 6, 8, 17, 18);35;18
(1, 6, 9, 10, 18);19;23
(1, 6, 9, 11, 18);27;18
(1, 6, 9, 12, 18);30;38
(1, 6, 9, 13, 18);22;19
(1, 6, 9, 14, 18);32;63
(1, 6, 9, 15, 18);24;18
(1, 6, 9, 16, 18);27;18
(1, 6, 9, 17, 18);60;45
(1, 6, 10, 11, 18);7;26
(1, 6, 10, 12, 18);24;18
(1, 6, 10, 13, 18);28;18
(1, 6, 10, 14, 18);24;18
(1, 6, 10, 15, 18);28;18
(1, 6, 10, 16, 18);24;23
(1, 6, 10, 17, 18);7;71
(1, 6, 11, 12, 18);17;74
(1, 6, 11, 13, 18);12;18
(1, 6, 11, 14, 18);32;18
(1, 6, 11, 15, 18);26;21
(1, 6, 11, 16, 18);17;18
(1, 6, 11, 17, 18);7;108
(1, 6, 12, 13, 18);26;25
(1, 6, 12, 14, 18);24;18
(1, 6, 12, 15, 18);28;25
(1, 6, 12, 16, 18);24;18
(1, 6, 12, 17, 18);30;18
(1, 6, 13, 14, 18);19;91
(1, 6, 13, 15, 18);33;18
(1, 6, 13, 16, 18);29;18
(1, 6, 13, 17, 18);35;18
(1, 6, 14, 15, 18);28;51
(1, 6, 14, 16, 18);32;24
(1, 6, 14, 17, 18);30;51
(1, 6, 15, 16, 18);31;18
(1, 6, 15, 17, 18);35;18
(1, 6, 16, 17, 18);33;18
(1, 7, 8, 9, 18);60;18
(1, 7, 8, 10, 18);15;18
(1, 7, 8, 11, 18);69;69
(1, 7, 8, 12, 18);15;18
(1, 7, 8, 13, 18);25;24
(1, 7, 8, 14, 18);15;18
(1, 7, 8, 15, 18);25;24
(1, 7, 8, 16, 18);15;18
(1, 7, 8, 17, 18);25;18
(1, 7, 9, 10, 18);19;18
(1, 7, 9, 11, 18);29;18
(1, 7, 9, 12, 18);21;18
(1, 7, 9, 13, 18);31;18
(1, 7, 9, 14, 18);23;18
(1, 7, 9, 15, 18);33;18
(1, 7, 9, 16, 18);25;18
(1, 7, 9, 17, 18);35;18
(1, 7, 10, 11, 18);21;18
(1, 7, 10, 12, 18);17;18
(1, 7, 10, 13, 18);23;18
(1, 7, 10, 14, 18);17;18
(1, 7, 10, 15, 18);25;18
(1, 7, 10, 16, 18);17;18
(1, 7, 10, 17, 18);27;18
(1, 7, 11, 12, 18);23;18
(1, 7, 11, 13, 18);31;18
(1, 7, 11, 14, 18);25;18
(1, 7, 11, 15, 18);33;18
(1, 7, 11, 16, 18);27;18
(1, 7, 11, 17, 18);35;18
(1, 7, 12, 13, 18);25;18
(1, 7, 12, 14, 18);19;18
(1, 7, 12, 15, 18);27;18
(1, 7, 12, 16, 18);19;18
(1, 7, 12, 17, 18);29;18
(1, 7, 13, 14, 18);27;18
(1, 7, 13, 15, 18);33;18
(1, 7, 13, 16, 18);29;18
(1, 7, 13, 17, 18);35;18
(1, 7, 14, 15, 18);29;18
(1, 7, 14, 16, 18);21;18
(1, 7, 14, 17, 18);31;18
(1, 7, 15, 16, 18);31;18
(1, 7, 15, 17, 18);35;18
(1, 7, 16, 17, 18);33;18
(1, 8, 9, 10, 18);17;18
(1, 8, 9, 11, 18);17;67
(1, 8, 9, 12, 18);17;18
(1, 8, 9, 13, 18);17;50
(1, 8, 9, 14, 18);17;18
(1, 8, 9, 15, 18);24;47
(1, 8, 9, 16, 18);17;18
(1, 8, 9, 17, 18);26;18
(1, 8, 10, 11, 18);7;47
(1, 8, 10, 12, 18);26;18
(1, 8, 10, 13, 18);28;18
(1, 8, 10, 14, 18);26;18
(1, 8, 10, 15, 18);28;67
(1, 8, 10, 16, 18);26;18
(1, 8, 10, 17, 18);34;27
(1, 8, 11, 12, 18);83;59
(1, 8, 11, 13, 18);19;20
(1, 8, 11, 14, 18);19;34
(1, 8, 11, 15, 18);26;23
(1, 8, 11, 16, 18);24;85
(1, 8, 11, 17, 18);7;79
(1, 8, 12, 13, 18);30;58
(1, 8, 12, 14, 18);26;18
(1, 8, 12, 15, 18);30;18
(1, 8, 12, 16, 18);26;18
(1, 8, 12, 17, 18);34;27
(1, 8, 13, 14, 18);73;18
(1, 8, 13, 15, 18);33;20
(1, 8, 13, 16, 18);26;18
(1, 8, 13, 17, 18);35;18
(1, 8, 14, 15, 18);30;27
(1, 8, 14, 16, 18);26;18
(1, 8, 14, 17, 18);34;27
(1, 8, 15, 16, 18);83;18
(1, 8, 15, 17, 18);35;18
(1, 8, 16, 17, 18);34;18
(1, 9, 10, 11, 18);21;18
(1, 9, 10, 12, 18);19;18
(1, 9, 10, 13, 18);23;18
(1, 9, 10, 14, 18);19;18
(1, 9, 10, 15, 18);25;18
(1, 9, 10, 16, 18);19;18
(1, 9, 10, 17, 18);27;18
(1, 9, 11, 12, 18);23;18
(1, 9, 11, 13, 18);31;18
(1, 9, 11, 14, 18);25;18
(1, 9, 11, 15, 18);33;18
(1, 9, 11, 16, 18);27;18
(1, 9, 11, 17, 18);35;18
(1, 9, 12, 13, 18);25;18
(1, 9, 12, 14, 18);21;18
(1, 9, 12, 15, 18);27;18
(1, 9, 12, 16, 18);21;18
(1, 9, 12, 17, 18);29;18
(1, 9, 13, 14, 18);27;18
(1, 9, 13, 15, 18);33;18
(1, 9, 13, 16, 18);29;18
(1, 9, 13, 17, 18);35;18
(1, 9, 14, 15, 18);29;18
(1, 9, 14, 16, 18);23;18
(1, 9, 14, 17, 18);31;18
(1, 9, 15, 16, 18);31;18
(1, 9, 15, 17, 18);35;18
(1, 9, 16, 17, 18);33;18
(1, 10, 11, 12, 18);21;18
(1, 10, 11, 13, 18);23;18
(1, 10, 11, 14, 18);21;18
(1, 10, 11, 15, 18);25;18
(1, 10, 11, 16, 18);21;18
(1, 10, 11, 17, 18);27;18
(1, 10, 12, 13, 18);30;24
(1, 10, 12, 14, 18);28;18
(1, 10, 12, 15, 18);30;18
(1, 10, 12, 16, 18);28;18
(1, 10, 12, 17, 18);34;29
(1, 10, 13, 14, 18);49;44
(1, 10, 13, 15, 18);28;18
(1, 10, 13, 16, 18);78;21
(1, 10, 13, 17, 18);30;18
(1, 10, 14, 15, 18);30;29
(1, 10, 14, 16, 18);28;18
(1, 10, 14, 17, 18);34;29
(1, 10, 15, 16, 18);55;18
(1, 10, 15, 17, 18);62;49
(1, 10, 16, 17, 18);34;18
(1, 11, 12, 13, 18);25;18
(1, 11, 12, 14, 18);23;18
(1, 11, 12, 15, 18);27;18
(1, 11, 12, 16, 18);23;18
(1, 11, 12, 17, 18);29;18
(1, 11, 13, 14, 18);27;18
(1, 11, 13, 15, 18);33;18
(1, 11, 13, 16, 18);29;18
(1, 11, 13, 17, 18);35;18
(1, 11, 14, 15, 18);29;18
(1, 11, 14, 16, 18);25;18
(1, 11, 14, 17, 18);31;18
(1, 11, 15, 16, 18);31;18
(1, 11, 15, 17, 18);35;18
(1, 11, 16, 17, 18);33;18
(1, 12, 13, 14, 18);25;18
(1, 12, 13, 15, 18);27;18
(1, 12, 13, 16, 18);25;18
(1, 12, 13, 17, 18);29;18
(1, 12, 14, 15, 18);32;18
(1, 12, 14, 16, 18);30;18
(1, 12, 14, 17, 18);34;31
(1, 12, 15, 16, 18);57;18
(1, 12, 15, 17, 18);32;18
(1, 12, 16, 17, 18);34;18
(1, 13, 14, 15, 18);29;18
(1, 13, 14, 16, 18);27;18
(1, 13, 14, 17, 18);31;18
(1, 13, 15, 16, 18);31;18
(1, 13, 15, 17, 18);35;18
(1, 13, 16, 17, 18);33;18
(1, 14, 15, 16, 18);29;18
(1, 14, 15, 17, 18);31;18
(1, 14, 16, 17, 18);34;18
(1, 15, 16, 17, 18);33;18
(2, 3, 4, 5, 18);7;18
(2, 3, 4, 6, 18);8;18
(2, 3, 4, 7, 18);11;18
(2, 3, 4, 8, 18);22;18
(2, 3, 4, 9, 18);20;24
(2, 3, 4, 10, 18);20;18
(2, 3, 4, 11, 18);20;18
(2, 3, 4, 12, 18);14;18
(2, 3, 4, 13, 18);22;18
(2, 3, 4, 14, 18);22;18
(2, 3, 4, 15, 18);33;24
(2, 3, 4, 16, 18);20;18
(2, 3, 4, 17, 18);20;18
(2, 3, 5, 6, 18);8;18
(2, 3, 5, 7, 18);20;18
(2, 3, 5, 8, 18);27;23
(2, 3, 5, 9, 18);7;18
(2, 3, 5, 10, 18);7;18
(2, 3, 5, 11, 18);7;18
(2, 3, 5, 12, 18);7;18
(2, 3, 5, 13, 18);15;18
(2, 3, 5, 14, 18);16;18
(2, 3, 5, 15, 18);20;18
(2, 3, 5, 16, 18);7;18
(2, 3, 5, 17, 18);7;18
(2, 3, 6, 7, 18);21;41
(2, 3, 6, 8, 18);24;18
(2, 3, 6, 9, 18);12;18
(2, 3, 6, 10, 18);21;18
(2, 3, 6, 11, 18);21;30
(2, 3, 6, 12, 18);24;18
(2, 3, 6, 13, 18);16;41
(2, 3, 6, 14, 18);21;19
(2, 3, 6, 15, 18);21;18
(2, 3, 6, 16, 18);32;27
(2, 3, 6, 17, 18);20;47
(2, 3, 7, 8, 18);5;18
(2, 3, 7, 9, 18);16;18
(2, 3, 7, 10, 18);21;71
(2, 3, 7, 11, 18);29;18
(2, 3, 7, 12, 18);5;18
(2, 3, 7, 13, 18);5;18
(2, 3, 7, 14, 18);21;18
(2, 3, 7, 15, 18);52;46
(2, 3, 7, 16, 18);34;18
(2, 3, 7, 17, 18);5;18
(2, 3, 8, 9, 18);27;18
(2, 3, 8, 10, 18);16;53
(2, 3, 8, 11, 18);29;18
(2, 3, 8, 12, 18);5;18
(2, 3, 8, 13, 18);5;18
(2, 3, 8, 14, 18);16;18
(2, 3, 8, 15, 18);47;41
(2, 3, 8, 16, 18);34;18
(2, 3, 8, 17, 18);5;18
(2, 3, 9, 10, 18);4;29
(2, 3, 9, 11, 18);20;18
(2, 3, 9, 12, 18);21;18
(2, 3, 9, 13, 18);27;18
(2, 3, 9, 14, 18);27;18
(2, 3, 9, 15, 18);33;18
(2, 3, 9, 16, 18);132;70
(2, 3, 9, 17, 18);26;18
(2, 3, 10, 11, 18);20;18
(2, 3, 10, 12, 18);68;20
(2, 3, 10, 13, 18);16;65
(2, 3, 10, 14, 18);21;29
(2, 3, 10, 15, 18);33;18
(2, 3, 10, 16, 18);20;54
(2, 3, 10, 17, 18);20;18
(2, 3, 11, 12, 18);29;18
(2, 3, 11, 13, 18);29;18
(2, 3, 11, 14, 18);21;56
(2, 3, 11, 15, 18);33;208
(2, 3, 11, 16, 18);34;25
(2, 3, 11, 17, 18);29;18
(2, 3, 12, 13, 18);5;18
(2, 3, 12, 14, 18);26;18
(2, 3, 12, 15, 18);57;46
(2, 3, 12, 16, 18);34;18
(2, 3, 12, 17, 18);5;18
(2, 3, 13, 14, 18);16;18
(2, 3, 13, 15, 18);47;46
(2, 3, 13, 16, 18);34;18
(2, 3, 13, 17, 18);5;18
(2, 3, 14, 15, 18);33;18
(2, 3, 14, 16, 18);30;18
(2, 3, 14, 17, 18);31;18
(2, 3, 15, 16, 18);30;51
(2, 3, 15, 17, 18);30;18
(2, 3, 16, 17, 18);34;18
(2, 4, 5, 6, 18);8;18
(2, 4, 5, 7, 18);20;18
(2, 4, 5, 8, 18);22;18
(2, 4, 5, 9, 18);7;18
(2, 4, 5, 10, 18);7;18
(2, 4, 5, 11, 18);7;18
(2, 4, 5, 12, 18);7;18
(2, 4, 5, 13, 18);15;18
(2, 4, 5, 14, 18);16;18
(2, 4, 5, 15, 18);20;18
(2, 4, 5, 16, 18);7;18
(2, 4, 5, 17, 18);7;18
(2, 4, 6, 7, 18);20;18
(2, 4, 6, 8, 18);10;18
(2, 4, 6, 9, 18);43;18
(2, 4, 6, 10, 18);8;18
(2, 4, 6, 11, 18);8;18
(2, 4, 6, 12, 18);8;18
(2, 4, 6, 13, 18);8;18
(2, 4, 6, 14, 18);8;18
(2, 4, 6, 15, 18);8;19
(2, 4, 6, 16, 18);20;18
(2, 4, 6, 17, 18);8;20
(2, 4, 7, 8, 18);11;18
(2, 4, 7, 9, 18);11;18
(2, 4, 7, 10, 18);20;18
(2, 4, 7, 11, 18);51;18
(2, 4, 7, 12, 18);14;18
(2, 4, 7, 13, 18);20;18
(2, 4, 7, 14, 18);44;18
(2, 4, 7, 15, 18);17;18
(2, 4, 7, 16, 18);20;18
(2, 4, 7, 17, 18);20;65
(2, 4, 8, 9, 18);13;51
(2, 4, 8, 10, 18);26;18
(2, 4, 8, 11, 18);22;18
(2, 4, 8, 12, 18);16;18
(2, 4, 8, 13, 18);22;18
(2, 4, 8, 14, 18);22;18
(2, 4, 8, 15, 18);19;25
(2, 4, 8, 16, 18);26;18
(2, 4, 8, 17, 18);21;18
(2, 4, 9, 10, 18);20;24
(2, 4, 9, 11, 18);20;18
(2, 4, 9, 12, 18);27;18
(2, 4, 9, 13, 18);22;18
(2, 4, 9, 14, 18);22;23
(2, 4, 9, 15, 18);33;18
(2, 4, 9, 16, 18);20;24
(2, 4, 9, 17, 18);20;24
(2, 4, 10, 11, 18);20;18
(2, 4, 10, 12, 18);14;18
(2, 4, 10, 13, 18);20;23
(2, 4, 10, 14, 18);28;18
(2, 4, 10, 15, 18);17;36
(2, 4, 10, 16, 18);20;18
(2, 4, 10, 17, 18);20;18
(2, 4, 11, 12, 18);14;18
(2, 4, 11, 13, 18);15;18
(2, 4, 11, 14, 18);22;18
(2, 4, 11, 15, 18);19;22
(2, 4, 11, 16, 18);20;18
(2, 4, 11, 17, 18);20;18
(2, 4, 12, 13, 18);15;18
(2, 4, 12, 14, 18);16;18
(2, 4, 12, 15, 18);14;18
(2, 4, 12, 16, 18);14;18
(2, 4, 12, 17, 18);14;18
(2, 4, 13, 14, 18);22;18
(2, 4, 13, 15, 18);17;25
(2, 4, 13, 16, 18);20;23
(2, 4, 13, 17, 18);36;18
(2, 4, 14, 15, 18);60;39
(2, 4, 14, 16, 18);32;18
(2, 4, 14, 17, 18);16;43
(2, 4, 15, 16, 18);33;24
(2, 4, 15, 17, 18);33;24
(2, 4, 16, 17, 18);20;18
(2, 5, 6, 7, 18);12;18
(2, 5, 6, 8, 18);24;18
(2, 5, 6, 9, 18);23;40
(2, 5, 6, 10, 18);23;18
(2, 5, 6, 11, 18);16;18
(2, 5, 6, 12, 18);24;18
(2, 5, 6, 13, 18);23;33
(2, 5, 6, 14, 18);20;18
(2, 5, 6, 15, 18);20;18
(2, 5, 6, 16, 18);32;34
(2, 5, 6, 17, 18);23;18
(2, 5, 7, 8, 18);23;18
(2, 5, 7, 9, 18);37;18
(2, 5, 7, 10, 18);12;18
(2, 5, 7, 11, 18);48;18
(2, 5, 7, 12, 18);33;28
(2, 5, 7, 13, 18);140;105
(2, 5, 7, 14, 18);25;18
(2, 5, 7, 15, 18);23;23
(2, 5, 7, 16, 18);23;18
(2, 5, 7, 17, 18);33;63
(2, 5, 8, 9, 18);27;18
(2, 5, 8, 10, 18);52;18
(2, 5, 8, 11, 18);13;18
(2, 5, 8, 12, 18);10;18
(2, 5, 8, 13, 18);57;53
(2, 5, 8, 14, 18);16;18
(2, 5, 8, 15, 18);10;18
(2, 5, 8, 16, 18);34;18
(2, 5, 8, 17, 18);35;38
(2, 5, 9, 10, 18);7;39
(2, 5, 9, 11, 18);20;18
(2, 5, 9, 12, 18);27;21
(2, 5, 9, 13, 18);53;19
(2, 5, 9, 14, 18);23;18
(2, 5, 9, 15, 18);27;18
(2, 5, 9, 16, 18);34;18
(2, 5, 9, 17, 18);23;66
(2, 5, 10, 11, 18);16;18
(2, 5, 10, 12, 18);48;65
(2, 5, 10, 13, 18);23;18
(2, 5, 10, 14, 18);23;22
(2, 5, 10, 15, 18);20;18
(2, 5, 10, 16, 18);7;39
(2, 5, 10, 17, 18);23;61
(2, 5, 11, 12, 18);23;23
(2, 5, 11, 13, 18);15;29
(2, 5, 11, 14, 18);16;18
(2, 5, 11, 15, 18);13;18
(2, 5, 11, 16, 18);27;25
(2, 5, 11, 17, 18);35;38
(2, 5, 12, 13, 18);30;18
(2, 5, 12, 14, 18);26;34
(2, 5, 12, 15, 18);10;21
(2, 5, 12, 16, 18);34;18
(2, 5, 12, 17, 18);30;30
(2, 5, 13, 14, 18);23;40
(2, 5, 13, 15, 18);27;24
(2, 5, 13, 16, 18);64;30
(2, 5, 13, 17, 18);15;81
(2, 5, 14, 15, 18);20;46
(2, 5, 14, 16, 18);58;51
(2, 5, 14, 17, 18);23;58
(2, 5, 15, 16, 18);34;18
(2, 5, 15, 17, 18);53;24
(2, 5, 16, 17, 18);34;18
(2, 6, 7, 8, 18);24;18
(2, 6, 7, 9, 18);16;30
(2, 6, 7, 10, 18);25;18
(2, 6, 7, 11, 18);25;59
(2, 6, 7, 12, 18);24;18
(2, 6, 7, 13, 18);20;18
(2, 6, 7, 14, 18);25;18
(2, 6, 7, 15, 18);25;25
(2, 6, 7, 16, 18);34;19
(2, 6, 7, 17, 18);24;18
(2, 6, 8, 9, 18);26;18
(2, 6, 8, 10, 18);16;18
(2, 6, 8, 11, 18);17;18
(2, 6, 8, 12, 18);24;18
(2, 6, 8, 13, 18);24;20
(2, 6, 8, 14, 18);16;18
(2, 6, 8, 15, 18);24;18
(2, 6, 8, 16, 18);24;18
(2, 6, 8, 17, 18);24;18
(2, 6, 9, 10, 18);27;18
(2, 6, 9, 11, 18);20;18
(2, 6, 9, 12, 18);24;95
(2, 6, 9, 13, 18);27;64
(2, 6, 9, 14, 18);27;18
(2, 6, 9, 15, 18);24;18
(2, 6, 9, 16, 18);34;69
(2, 6, 9, 17, 18);27;26
(2, 6, 10, 11, 18);29;18
(2, 6, 10, 12, 18);24;18
(2, 6, 10, 13, 18);31;18
(2, 6, 10, 14, 18);4;18
(2, 6, 10, 15, 18);33;18
(2, 6, 10, 16, 18);32;18
(2, 6, 10, 17, 18);35;18
(2, 6, 11, 12, 18);24;18
(2, 6, 11, 13, 18);24;18
(2, 6, 11, 14, 18);29;18
(2, 6, 11, 15, 18);29;18
(2, 6, 11, 16, 18);32;18
(2, 6, 11, 17, 18);28;18
(2, 6, 12, 13, 18);24;18
(2, 6, 12, 14, 18);24;18
(2, 6, 12, 15, 18);24;27
(2, 6, 12, 16, 18);28;18
(2, 6, 12, 17, 18);24;28
(2, 6, 13, 14, 18);31;18
(2, 6, 13, 15, 18);28;18
(2, 6, 13, 16, 18);32;18
(2, 6, 13, 17, 18);31;18
(2, 6, 14, 15, 18);33;18
(2, 6, 14, 16, 18);32;18
(2, 6, 14, 17, 18);35;18
(2, 6, 15, 16, 18);32;18
(2, 6, 15, 17, 18);32;18
(2, 6, 16, 17, 18);32;18
(2, 7, 8, 9, 18);16;31
(2, 7, 8, 10, 18);16;18
(2, 7, 8, 11, 18);29;18
(2, 7, 8, 12, 18);5;22
(2, 7, 8, 13, 18);5;18
(2, 7, 8, 14, 18);21;18
(2, 7, 8, 15, 18);23;67
(2, 7, 8, 16, 18);34;18
(2, 7, 8, 17, 18);5;22
(2, 7, 9, 10, 18);16;18
(2, 7, 9, 11, 18);20;39
(2, 7, 9, 12, 18);21;51
(2, 7, 9, 13, 18);16;44
(2, 7, 9, 14, 18);16;18
(2, 7, 9, 15, 18);4;31
(2, 7, 9, 16, 18);25;18
(2, 7, 9, 17, 18);26;30
(2, 7, 10, 11, 18);25;18
(2, 7, 10, 12, 18);24;18
(2, 7, 10, 13, 18);20;18
(2, 7, 10, 14, 18);25;18
(2, 7, 10, 15, 18);25;18
(2, 7, 10, 16, 18);32;18
(2, 7, 10, 17, 18);24;18
(2, 7, 11, 12, 18);29;18
(2, 7, 11, 13, 18);29;58
(2, 7, 11, 14, 18);25;18
(2, 7, 11, 15, 18);25;43
(2, 7, 11, 16, 18);33;27
(2, 7, 11, 17, 18);29;57
(2, 7, 12, 13, 18);5;22
(2, 7, 12, 14, 18);70;18
(2, 7, 12, 15, 18);30;18
(2, 7, 12, 16, 18);34;18
(2, 7, 12, 17, 18);5;22
(2, 7, 13, 14, 18);20;23
(2, 7, 13, 15, 18);17;57
(2, 7, 13, 16, 18);34;57
(2, 7, 13, 17, 18);5;22
(2, 7, 14, 15, 18);25;40
(2, 7, 14, 16, 18);62;27
(2, 7, 14, 17, 18);24;67
(2, 7, 15, 16, 18);33;18
(2, 7, 15, 17, 18);33;18
(2, 7, 16, 17, 18);90;26
(2, 8, 9, 10, 18);16;18
(2, 8, 9, 11, 18);20;34
(2, 8, 9, 12, 18);21;59
(2, 8, 9, 13, 18);27;31
(2, 8, 9, 14, 18);27;27
(2, 8, 9, 15, 18);27;19
(2, 8, 9, 16, 18);82;44
(2, 8, 9, 17, 18);26;18
(2, 8, 10, 11, 18);16;19
(2, 8, 10, 12, 18);20;18
(2, 8, 10, 13, 18);16;20
(2, 8, 10, 14, 18);16;18
(2, 8, 10, 15, 18);16;23
(2, 8, 10, 16, 18);24;18
(2, 8, 10, 17, 18);16;24
(2, 8, 11, 12, 18);23;42
(2, 8, 11, 13, 18);29;20
(2, 8, 11, 14, 18);16;32
(2, 8, 11, 15, 18);13;29
(2, 8, 11, 16, 18);27;26
(2, 8, 11, 17, 18);29;18
(2, 8, 12, 13, 18);5;19
(2, 8, 12, 14, 18);26;18
(2, 8, 12, 15, 18);10;23
(2, 8, 12, 16, 18);34;18
(2, 8, 12, 17, 18);5;32
(2, 8, 13, 14, 18);16;18
(2, 8, 13, 15, 18);57;66
(2, 8, 13, 16, 18);34;25
(2, 8, 13, 17, 18);5;24
(2, 8, 14, 15, 18);29;29
(2, 8, 14, 16, 18);30;18
(2, 8, 14, 17, 18);31;18
(2, 8, 15, 16, 18);34;26
(2, 8, 15, 17, 18);53;91
(2, 8, 16, 17, 18);34;18
(2, 9, 10, 11, 18);20;18
(2, 9, 10, 12, 18);24;18
(2, 9, 10, 13, 18);27;18
(2, 9, 10, 14, 18);27;18
(2, 9, 10, 15, 18);24;18
(2, 9, 10, 16, 18);32;18
(2, 9, 10, 17, 18);27;18
(2, 9, 11, 12, 18);44;18
(2, 9, 11, 13, 18);87;32
(2, 9, 11, 14, 18);20;18
(2, 9, 11, 15, 18);20;60
(2, 9, 11, 16, 18);52;18
(2, 9, 11, 17, 18);20;46
(2, 9, 12, 13, 18);21;50
(2, 9, 12, 14, 18);47;18
(2, 9, 12, 15, 18);27;30
(2, 9, 12, 16, 18);34;46
(2, 9, 12, 17, 18);30;18
(2, 9, 13, 14, 18);27;18
(2, 9, 13, 15, 18);31;30
(2, 9, 13, 16, 18);66;28
(2, 9, 13, 17, 18);27;29
(2, 9, 14, 15, 18);24;28
(2, 9, 14, 16, 18);31;28
(2, 9, 14, 17, 18);27;43
(2, 9, 15, 16, 18);31;46
(2, 9, 15, 17, 18);86;138
(2, 9, 16, 17, 18);34;18
(2, 10, 11, 12, 18);24;18
(2, 10, 11, 13, 18);24;18
(2, 10, 11, 14, 18);29;18
(2, 10, 11, 15, 18);29;18
(2, 10, 11, 16, 18);32;18
(2, 10, 11, 17, 18);28;18
(2, 10, 12, 13, 18);24;18
(2, 10, 12, 14, 18);24;18
(2, 10, 12, 15, 18);24;27
(2, 10, 12, 16, 18);28;18
(2, 10, 12, 17, 18);24;28
(2, 10, 13, 14, 18);31;18
(2, 10, 13, 15, 18);28;18
(2, 10, 13, 16, 18);32;18
(2, 10, 13, 17, 18);31;18
(2, 10, 14, 15, 18);33;18
(2, 10, 14, 16, 18);32;18
(2, 10, 14, 17, 18);35;18
(2, 10, 15, 16, 18);32;18
(2, 10, 15, 17, 18);32;18
(2, 10, 16, 17, 18);32;18
(2, 11, 12, 13, 18);24;18
(2, 11, 12, 14, 18);24;18
(2, 11, 12, 15, 18);23;48
(2, 11, 12, 16, 18);62;18
(2, 11, 12, 17, 18);29;18
(2, 11, 13, 14, 18);24;18
(2, 11, 13, 15, 18);77;39
(2, 11, 13, 16, 18);28;18
(2, 11, 13, 17, 18);103;54
(2, 11, 14, 15, 18);29;18
(2, 11, 14, 16, 18);32;18
(2, 11, 14, 17, 18);28;18
(2, 11, 15, 16, 18);33;18
(2, 11, 15, 17, 18);33;18
(2, 11, 16, 17, 18);94;18
(2, 12, 13, 14, 18);24;18
(2, 12, 13, 15, 18);31;27
(2, 12, 13, 16, 18);34;73
(2, 12, 13, 17, 18);30;34
(2, 12, 14, 15, 18);24;27
(2, 12, 14, 16, 18);28;18
(2, 12, 14, 17, 18);24;28
(2, 12, 15, 16, 18);34;33
(2, 12, 15, 17, 18);33;18
(2, 12, 16, 17, 18);34;18
(2, 13, 14, 15, 18);28;18
(2, 13, 14, 16, 18);32;18
(2, 13, 14, 17, 18);31;18
(2, 13, 15, 16, 18);60;18
(2, 13, 15, 17, 18);59;18
(2, 13, 16, 17, 18);34;18
(2, 14, 15, 16, 18);32;18
(2, 14, 15, 17, 18);32;18
(2, 14, 16, 17, 18);32;18
(2, 15, 16, 17, 18);32;18
(3, 4, 5, 6, 18);21;18
(3, 4, 5, 7, 18);21;18
(3, 4, 5, 8, 18);11;18
(3, 4, 5, 9, 18);14;18
(3, 4, 5, 10, 18);15;18
(3, 4, 5, 11, 18);23;18
(3, 4, 5, 12, 18);23;18
(3, 4, 5, 13, 18);31;18
(3, 4, 5, 14, 18);32;18
(3, 4, 5, 15, 18);50;21
(3, 4, 5, 16, 18);21;18
(3, 4, 5, 17, 18);22;18
(3, 4, 6, 7, 18);21;18
(3, 4, 6, 8, 18);11;18
(3, 4, 6, 9, 18);12;18
(3, 4, 6, 10, 18);7;18
(3, 4, 6, 11, 18);7;22
(3, 4, 6, 12, 18);24;18
(3, 4, 6, 13, 18);7;31
(3, 4, 6, 14, 18);21;27
(3, 4, 6, 15, 18);21;18
(3, 4, 6, 16, 18);21;18
(3, 4, 6, 17, 18);21;18
(3, 4, 7, 8, 18);11;18
(3, 4, 7, 9, 18);12;18
(3, 4, 7, 10, 18);13;18
(3, 4, 7, 11, 18);52;52
(3, 4, 7, 12, 18);16;18
(3, 4, 7, 13, 18);22;43
(3, 4, 7, 14, 18);21;18
(3, 4, 7, 15, 18);21;18
(3, 4, 7, 16, 18);21;18
(3, 4, 7, 17, 18);21;18
(3, 4, 8, 9, 18);36;18
(3, 4, 8, 10, 18);26;18
(3, 4, 8, 11, 18);7;18
(3, 4, 8, 12, 18);16;46
(3, 4, 8, 13, 18);22;18
(3, 4, 8, 14, 18);22;18
(3, 4, 8, 15, 18);33;18
(3, 4, 8, 16, 18);45;18
(3, 4, 8, 17, 18);21;28
(3, 4, 9, 10, 18);27;18
(3, 4, 9, 11, 18);27;18
(3, 4, 9, 12, 18);21;18
(3, 4, 9, 13, 18);22;18
(3, 4, 9, 14, 18);51;86
(3, 4, 9, 15, 18);33;18
(3, 4, 9, 16, 18);27;24
(3, 4, 9, 17, 18);27;18
(3, 4, 10, 11, 18);7;18
(3, 4, 10, 12, 18);22;18
(3, 4, 10, 13, 18);23;29
(3, 4, 10, 14, 18);80;42
(3, 4, 10, 15, 18);7;27
(3, 4, 10, 16, 18);34;18
(3, 4, 10, 17, 18);7;18
(3, 4, 11, 12, 18);15;18
(3, 4, 11, 13, 18);31;18
(3, 4, 11, 14, 18);73;43
(3, 4, 11, 15, 18);7;27
(3, 4, 11, 16, 18);34;18
(3, 4, 11, 17, 18);7;18
(3, 4, 12, 13, 18);31;18
(3, 4, 12, 14, 18);15;44
(3, 4, 12, 15, 18);28;22
(3, 4, 12, 16, 18);28;18
(3, 4, 12, 17, 18);29;18
(3, 4, 13, 14, 18);17;44
(3, 4, 13, 15, 18);28;18
(3, 4, 13, 16, 18);28;23
(3, 4, 13, 17, 18);7;35
(3, 4, 14, 15, 18);28;50
(3, 4, 14, 16, 18);28;51
(3, 4, 14, 17, 18);28;18
(3, 4, 15, 16, 18);33;23
(3, 4, 15, 17, 18);7;27
(3, 4, 16, 17, 18);34;18
(3, 5, 6, 7, 18);21;18
(3, 5, 6, 8, 18);11;18
(3, 5, 6, 9, 18);12;18
(3, 5, 6, 10, 18);4;18
(3, 5, 6, 11, 18);24;18
(3, 5, 6, 12, 18);24;18
(3, 5, 6, 13, 18);24;38
(3, 5, 6, 14, 18);21;27
(3, 5, 6, 15, 18);21;18
(3, 5, 6, 16, 18);21;18
(3, 5, 6, 17, 18);21;18
(3, 5, 7, 8, 18);11;18
(3, 5, 7, 9, 18);12;18
(3, 5, 7, 10, 18);13;18
(3, 5, 7, 11, 18);36;43
(3, 5, 7, 12, 18);50;18
(3, 5, 7, 13, 18);31;18
(3, 5, 7, 14, 18);21;18
(3, 5, 7, 15, 18);21;18
(3, 5, 7, 16, 18);21;18
(3, 5, 7, 17, 18);21;18
(3, 5, 8, 9, 18);12;18
(3, 5, 8, 10, 18);13;18
(3, 5, 8, 11, 18);14;18
(3, 5, 8, 12, 18);13;53
(3, 5, 8, 13, 18);21;18
(3, 5, 8, 14, 18);11;18
(3, 5, 8, 15, 18);11;18
(3, 5, 8, 16, 18);11;18
(3, 5, 8, 17, 18);11;18
(3, 5, 9, 10, 18);14;18
(3, 5, 9, 11, 18);14;18
(3, 5, 9, 12, 18);7;18
(3, 5, 9, 13, 18);22;63
(3, 5, 9, 14, 18);23;18
(3, 5, 9, 15, 18);36;67
(3, 5, 9, 16, 18);25;54
(3, 5, 9, 17, 18);35;81
(3, 5, 10, 11, 18);15;18
(3, 5, 10, 12, 18);15;18
(3, 5, 10, 13, 18);23;18
(3, 5, 10, 14, 18);4;24
(3, 5, 10, 15, 18);4;65
(3, 5, 10, 16, 18);21;18
(3, 5, 10, 17, 18);22;18
(3, 5, 11, 12, 18);23;18
(3, 5, 11, 13, 18);31;18
(3, 5, 11, 14, 18);4;39
(3, 5, 11, 15, 18);50;68
(3, 5, 11, 16, 18);21;46
(3, 5, 11, 17, 18);22;18
(3, 5, 12, 13, 18);31;18
(3, 5, 12, 14, 18);32;18
(3, 5, 12, 15, 18);29;52
(3, 5, 12, 16, 18);7;61
(3, 5, 12, 17, 18);22;21
(3, 5, 13, 14, 18);8;31
(3, 5, 13, 15, 18);29;54
(3, 5, 13, 16, 18);29;66
(3, 5, 13, 17, 18);30;18
(3, 5, 14, 15, 18);29;94
(3, 5, 14, 16, 18);19;88
(3, 5, 14, 17, 18);21;91
(3, 5, 15, 16, 18);21;24
(3, 5, 15, 17, 18);21;24
(3, 5, 16, 17, 18);21;18
(3, 6, 7, 8, 18);11;18
(3, 6, 7, 9, 18);12;18
(3, 6, 7, 10, 18);13;18
(3, 6, 7, 11, 18);36;18
(3, 6, 7, 12, 18);24;18
(3, 6, 7, 13, 18);24;24
(3, 6, 7, 14, 18);21;18
(3, 6, 7, 15, 18);21;18
(3, 6, 7, 16, 18);21;18
(3, 6, 7, 17, 18);21;18
(3, 6, 8, 9, 18);12;18
(3, 6, 8, 10, 18);13;18
(3, 6, 8, 11, 18);14;18
(3, 6, 8, 12, 18);24;18
(3, 6, 8, 13, 18);21;18
(3, 6, 8, 14, 18);11;18
(3, 6, 8, 15, 18);11;18
(3, 6, 8, 16, 18);11;18
(3, 6, 8, 17, 18);11;18
(3, 6, 9, 10, 18);13;18
(3, 6, 9, 11, 18);14;18
(3, 6, 9, 12, 18);15;18
(3, 6, 9, 13, 18);4;30
(3, 6, 9, 14, 18);12;18
(3, 6, 9, 15, 18);12;18
(3, 6, 9, 16, 18);12;18
(3, 6, 9, 17, 18);12;18
(3, 6, 10, 11, 18);7;18
(3, 6, 10, 12, 18);8;18
(3, 6, 10, 13, 18);16;18
(3, 6, 10, 14, 18);21;18
(3, 6, 10, 15, 18);21;18
(3, 6, 10, 16, 18);46;18
(3, 6, 10, 17, 18);20;18
(3, 6, 11, 12, 18);24;18
(3, 6, 11, 13, 18);24;18
(3, 6, 11, 14, 18);21;25
(3, 6, 11, 15, 18);21;25
(3, 6, 11, 16, 18);22;60
(3, 6, 11, 17, 18);36;18
(3, 6, 12, 13, 18);24;47
(3, 6, 12, 14, 18);24;44
(3, 6, 12, 15, 18);30;18
(3, 6, 12, 16, 18);24;74
(3, 6, 12, 17, 18);23;22
(3, 6, 13, 14, 18);16;29
(3, 6, 13, 15, 18);31;27
(3, 6, 13, 16, 18);31;27
(3, 6, 13, 17, 18);51;18
(3, 6, 14, 15, 18);21;27
(3, 6, 14, 16, 18);21;27
(3, 6, 14, 17, 18);21;27
(3, 6, 15, 16, 18);21;18
(3, 6, 15, 17, 18);21;18
(3, 6, 16, 17, 18);21;18
(3, 7, 8, 9, 18);16;18
(3, 7, 8, 10, 18);15;73
(3, 7, 8, 11, 18);29;18
(3, 7, 8, 12, 18);15;18
(3, 7, 8, 13, 18);5;18
(3, 7, 8, 14, 18);21;18
(3, 7, 8, 15, 18);11;47
(3, 7, 8, 16, 18);34;18
(3, 7, 8, 17, 18);5;21
(3, 7, 9, 10, 18);25;63
(3, 7, 9, 11, 18);36;47
(3, 7, 9, 12, 18);21;18
(3, 7, 9, 13, 18);16;18
(3, 7, 9, 14, 18);16;18
(3, 7, 9, 15, 18);36;24
(3, 7, 9, 16, 18);25;18
(3, 7, 9, 17, 18);36;86
(3, 7, 10, 11, 18);42;18
(3, 7, 10, 12, 18);17;65
(3, 7, 10, 13, 18);37;61
(3, 7, 10, 14, 18);21;41
(3, 7, 10, 15, 18);47;18
(3, 7, 10, 16, 18);25;53
(3, 7, 10, 17, 18);13;39
(3, 7, 11, 12, 18);29;18
(3, 7, 11, 13, 18);29;103
(3, 7, 11, 14, 18);94;51
(3, 7, 11, 15, 18);77;19
(3, 7, 11, 16, 18);29;115
(3, 7, 11, 17, 18);29;58
(3, 7, 12, 13, 18);25;18
(3, 7, 12, 14, 18);26;29
(3, 7, 12, 15, 18);27;108
(3, 7, 12, 16, 18);34;18
(3, 7, 12, 17, 18);5;24
(3, 7, 13, 14, 18);21;48
(3, 7, 13, 15, 18);31;25
(3, 7, 13, 16, 18);31;58
(3, 7, 13, 17, 18);5;31
(3, 7, 14, 15, 18);21;25
(3, 7, 14, 16, 18);21;42
(3, 7, 14, 17, 18);31;27
(3, 7, 15, 16, 18);31;113
(3, 7, 15, 17, 18);21;27
(3, 7, 16, 17, 18);21;61
(3, 8, 9, 10, 18);26;24
(3, 8, 9, 11, 18);21;20
(3, 8, 9, 12, 18);21;18
(3, 8, 9, 13, 18);27;18
(3, 8, 9, 14, 18);27;22
(3, 8, 9, 15, 18);33;18
(3, 8, 9, 16, 18);34;118
(3, 8, 9, 17, 18);26;18
(3, 8, 10, 11, 18);21;18
(3, 8, 10, 12, 18);21;21
(3, 8, 10, 13, 18);21;19
(3, 8, 10, 14, 18);26;33
(3, 8, 10, 15, 18);84;50
(3, 8, 10, 16, 18);26;18
(3, 8, 10, 17, 18);47;68
(3, 8, 11, 12, 18);36;65
(3, 8, 11, 13, 18);21;51
(3, 8, 11, 14, 18);69;18
(3, 8, 11, 15, 18);75;18
(3, 8, 11, 16, 18);26;75
(3, 8, 11, 17, 18);61;53
(3, 8, 12, 13, 18);5;18
(3, 8, 12, 14, 18);26;18
(3, 8, 12, 15, 18);27;24
(3, 8, 12, 16, 18);26;38
(3, 8, 12, 17, 18);5;21
(3, 8, 13, 14, 18);32;18
(3, 8, 13, 15, 18);21;52
(3, 8, 13, 16, 18);83;18
(3, 8, 13, 17, 18);5;21
(3, 8, 14, 15, 18);33;26
(3, 8, 14, 16, 18);32;18
(3, 8, 14, 17, 18);32;28
(3, 8, 15, 16, 18);32;18
(3, 8, 15, 17, 18);32;18
(3, 8, 16, 17, 18);26;35
(3, 9, 10, 11, 18);27;19
(3, 9, 10, 12, 18);21;18
(3, 9, 10, 13, 18);48;61
(3, 9, 10, 14, 18);28;18
(3, 9, 10, 15, 18);33;18
(3, 9, 10, 16, 18);27;24
(3, 9, 10, 17, 18);27;18
(3, 9, 11, 12, 18);21;18
(3, 9, 11, 13, 18);21;18
(3, 9, 11, 14, 18);25;71
(3, 9, 11, 15, 18);33;25
(3, 9, 11, 16, 18);27;18
(3, 9, 11, 17, 18);27;19
(3, 9, 12, 13, 18);21;25
(3, 9, 12, 14, 18);21;52
(3, 9, 12, 15, 18);27;18
(3, 9, 12, 16, 18);7;54
(3, 9, 12, 17, 18);21;27
(3, 9, 13, 14, 18);27;18
(3, 9, 13, 15, 18);33;27
(3, 9, 13, 16, 18);29;56
(3, 9, 13, 17, 18);26;18
(3, 9, 14, 15, 18);33;18
(3, 9, 14, 16, 18);32;18
(3, 9, 14, 17, 18);91;18
(3, 9, 15, 16, 18);33;18
(3, 9, 15, 17, 18);33;18
(3, 9, 16, 17, 18);27;57
(3, 10, 11, 12, 18);22;18
(3, 10, 11, 13, 18);21;18
(3, 10, 11, 14, 18);21;59
(3, 10, 11, 15, 18);33;25
(3, 10, 11, 16, 18);34;26
(3, 10, 11, 17, 18);7;24
(3, 10, 12, 13, 18);21;25
(3, 10, 12, 14, 18);28;60
(3, 10, 12, 15, 18);27;18
(3, 10, 12, 16, 18);28;18
(3, 10, 12, 17, 18);29;27
(3, 10, 13, 14, 18);77;91
(3, 10, 13, 15, 18);27;18
(3, 10, 13, 16, 18);27;18
(3, 10, 13, 17, 18);47;63
(3, 10, 14, 15, 18);62;47
(3, 10, 14, 16, 18);28;39
(3, 10, 14, 17, 18);88;27
(3, 10, 15, 16, 18);33;18
(3, 10, 15, 17, 18);33;18
(3, 10, 16, 17, 18);34;18
(3, 11, 12, 13, 18);31;49
(3, 11, 12, 14, 18);48;18
(3, 11, 12, 15, 18);27;18
(3, 11, 12, 16, 18);28;18
(3, 11, 12, 17, 18);29;18
(3, 11, 13, 14, 18);27;52
(3, 11, 13, 15, 18);27;18
(3, 11, 13, 16, 18);27;18
(3, 11, 13, 17, 18);36;35
(3, 11, 14, 15, 18);27;18
(3, 11, 14, 16, 18);27;18
(3, 11, 14, 17, 18);27;18
(3, 11, 15, 16, 18);33;25
(3, 11, 15, 17, 18);33;25
(3, 11, 16, 17, 18);34;26
(3, 12, 13, 14, 18);26;25
(3, 12, 13, 15, 18);27;18
(3, 12, 13, 16, 18);27;18
(3, 12, 13, 17, 18);30;34
(3, 12, 14, 15, 18);27;18
(3, 12, 14, 16, 18);27;18
(3, 12, 14, 17, 18);27;18
(3, 12, 15, 16, 18);27;18
(3, 12, 15, 17, 18);27;18
(3, 12, 16, 17, 18);28;18
(3, 13, 14, 15, 18);33;27
(3, 13, 14, 16, 18);27;27
(3, 13, 14, 17, 18);31;27
(3, 13, 15, 16, 18);31;29
(3, 13, 15, 17, 18);32;18
(3, 13, 16, 17, 18);58;44
(3, 14, 15, 16, 18);32;47
(3, 14, 15, 17, 18);32;18
(3, 14, 16, 17, 18);32;18
(3, 15, 16, 17, 18);33;18
(4, 5, 6, 7, 18);11;18
(4, 5, 6, 8, 18);12;18
(4, 5, 6, 9, 18);13;18
(4, 5, 6, 10, 18);14;18
(4, 5, 6, 11, 18);24;18
(4, 5, 6, 12, 18);24;18
(4, 5, 6, 13, 18);31;18
(4, 5, 6, 14, 18);32;18
(4, 5, 6, 15, 18);11;26
(4, 5, 6, 16, 18);22;18
(4, 5, 6, 17, 18);22;18
(4, 5, 7, 8, 18);12;18
(4, 5, 7, 9, 18);13;18
(4, 5, 7, 10, 18);14;18
(4, 5, 7, 11, 18);37;50
(4, 5, 7, 12, 18);25;18
(4, 5, 7, 13, 18);31;18
(4, 5, 7, 14, 18);32;18
(4, 5, 7, 15, 18);11;18
(4, 5, 7, 16, 18);11;18
(4, 5, 7, 17, 18);11;18
(4, 5, 8, 9, 18);13;18
(4, 5, 8, 10, 18);14;18
(4, 5, 8, 11, 18);29;18
(4, 5, 8, 12, 18);16;23
(4, 5, 8, 13, 18);21;22
(4, 5, 8, 14, 18);22;18
(4, 5, 8, 15, 18);23;18
(4, 5, 8, 16, 18);12;18
(4, 5, 8, 17, 18);12;18
(4, 5, 9, 10, 18);14;18
(4, 5, 9, 11, 18);14;27
(4, 5, 9, 12, 18);7;27
(4, 5, 9, 13, 18);22;23
(4, 5, 9, 14, 18);23;18
(4, 5, 9, 15, 18);24;18
(4, 5, 9, 16, 18);25;18
(4, 5, 9, 17, 18);13;18
(4, 5, 10, 11, 18);15;45
(4, 5, 10, 12, 18);30;27
(4, 5, 10, 13, 18);23;18
(4, 5, 10, 14, 18);52;21
(4, 5, 10, 15, 18);20;62
(4, 5, 10, 16, 18);21;21
(4, 5, 10, 17, 18);22;30
(4, 5, 11, 12, 18);23;18
(4, 5, 11, 13, 18);31;24
(4, 5, 11, 14, 18);22;24
(4, 5, 11, 15, 18);80;97
(4, 5, 11, 16, 18);95;44
(4, 5, 11, 17, 18);22;18
(4, 5, 12, 13, 18);31;29
(4, 5, 12, 14, 18);32;18
(4, 5, 12, 15, 18);30;18
(4, 5, 12, 16, 18);30;27
(4, 5, 12, 17, 18);22;87
(4, 5, 13, 14, 18);31;18
(4, 5, 13, 15, 18);31;18
(4, 5, 13, 16, 18);31;18
(4, 5, 13, 17, 18);31;18
(4, 5, 14, 15, 18);32;26
(4, 5, 14, 16, 18);32;26
(4, 5, 14, 17, 18);32;26
(4, 5, 15, 16, 18);11;26
(4, 5, 15, 17, 18);11;26
(4, 5, 16, 17, 18);22;26
(4, 6, 7, 8, 18);12;18
(4, 6, 7, 9, 18);13;18
(4, 6, 7, 10, 18);14;18
(4, 6, 7, 11, 18);52;42
(4, 6, 7, 12, 18);24;18
(4, 6, 7, 13, 18);31;18
(4, 6, 7, 14, 18);32;18
(4, 6, 7, 15, 18);11;18
(4, 6, 7, 16, 18);11;18
(4, 6, 7, 17, 18);11;18
(4, 6, 8, 9, 18);13;18
(4, 6, 8, 10, 18);14;18
(4, 6, 8, 11, 18);29;18
(4, 6, 8, 12, 18);10;24
(4, 6, 8, 13, 18);12;24
(4, 6, 8, 14, 18);22;18
(4, 6, 8, 15, 18);23;18
(4, 6, 8, 16, 18);12;18
(4, 6, 8, 17, 18);12;18
(4, 6, 9, 10, 18);14;18
(4, 6, 9, 11, 18);29;18
(4, 6, 9, 12, 18);122;30
(4, 6, 9, 13, 18);22;24
(4, 6, 9, 14, 18);23;18
(4, 6, 9, 15, 18);24;18
(4, 6, 9, 16, 18);25;18
(4, 6, 9, 17, 18);13;18
(4, 6, 10, 11, 18);29;23
(4, 6, 10, 12, 18);8;28
(4, 6, 10, 13, 18);14;94
(4, 6, 10, 14, 18);22;18
(4, 6, 10, 15, 18);33;105
(4, 6, 10, 16, 18);34;48
(4, 6, 10, 17, 18);7;72
(4, 6, 11, 12, 18);24;18
(4, 6, 11, 13, 18);17;38
(4, 6, 11, 14, 18);32;25
(4, 6, 11, 15, 18);51;81
(4, 6, 11, 16, 18);22;18
(4, 6, 11, 17, 18);81;55
(4, 6, 12, 13, 18);24;92
(4, 6, 12, 14, 18);56;24
(4, 6, 12, 15, 18);24;34
(4, 6, 12, 16, 18);54;54
(4, 6, 12, 17, 18);23;65
(4, 6, 13, 14, 18);27;52
(4, 6, 13, 15, 18);31;18
(4, 6, 13, 16, 18);31;18
(4, 6, 13, 17, 18);31;18
(4, 6, 14, 15, 18);32;18
(4, 6, 14, 16, 18);32;18
(4, 6, 14, 17, 18);32;18
(4, 6, 15, 16, 18);11;26
(4, 6, 15, 17, 18);11;26
(4, 6, 16, 17, 18);22;18
(4, 7, 8, 9, 18);13;18
(4, 7, 8, 10, 18);14;18
(4, 7, 8, 11, 18);29;18
(4, 7, 8, 12, 18);16;24
(4, 7, 8, 13, 18);11;20
(4, 7, 8, 14, 18);22;18
(4, 7, 8, 15, 18);23;18
(4, 7, 8, 16, 18);12;18
(4, 7, 8, 17, 18);12;18
(4, 7, 9, 10, 18);14;18
(4, 7, 9, 11, 18);29;18
(4, 7, 9, 12, 18);27;53
(4, 7, 9, 13, 18);22;25
(4, 7, 9, 14, 18);23;23
(4, 7, 9, 15, 18);24;18
(4, 7, 9, 16, 18);25;18
(4, 7, 9, 17, 18);13;18
(4, 7, 10, 11, 18);29;18
(4, 7, 10, 12, 18);22;33
(4, 7, 10, 13, 18);31;25
(4, 7, 10, 14, 18);22;18
(4, 7, 10, 15, 18);25;25
(4, 7, 10, 16, 18);34;26
(4, 7, 10, 17, 18);27;18
(4, 7, 11, 12, 18);22;43
(4, 7, 11, 13, 18);59;49
(4, 7, 11, 14, 18);22;18
(4, 7, 11, 15, 18);22;18
(4, 7, 11, 16, 18);51;86
(4, 7, 11, 17, 18);52;22
(4, 7, 12, 13, 18);25;42
(4, 7, 12, 14, 18);30;46
(4, 7, 12, 15, 18);30;24
(4, 7, 12, 16, 18);28;58
(4, 7, 12, 17, 18);35;24
(4, 7, 13, 14, 18);55;43
(4, 7, 13, 15, 18);28;77
(4, 7, 13, 16, 18);31;18
(4, 7, 13, 17, 18);31;18
(4, 7, 14, 15, 18);32;18
(4, 7, 14, 16, 18);32;18
(4, 7, 14, 17, 18);32;18
(4, 7, 15, 16, 18);11;18
(4, 7, 15, 17, 18);11;18
(4, 7, 16, 17, 18);11;18
(4, 8, 9, 10, 18);14;18
(4, 8, 9, 11, 18);42;36
(4, 8, 9, 12, 18);13;59
(4, 8, 9, 13, 18);22;21
(4, 8, 9, 14, 18);23;18
(4, 8, 9, 15, 18);24;18
(4, 8, 9, 16, 18);25;18
(4, 8, 9, 17, 18);13;18
(4, 8, 10, 11, 18);7;33
(4, 8, 10, 12, 18);36;18
(4, 8, 10, 13, 18);21;21
(4, 8, 10, 14, 18);22;18
(4, 8, 10, 15, 18);39;22
(4, 8, 10, 16, 18);26;18
(4, 8, 10, 17, 18);27;18
(4, 8, 11, 12, 18);52;20
(4, 8, 11, 13, 18);37;21
(4, 8, 11, 14, 18);22;18
(4, 8, 11, 15, 18);22;18
(4, 8, 11, 16, 18);12;41
(4, 8, 11, 17, 18);22;22
(4, 8, 12, 13, 18);16;41
(4, 8, 12, 14, 18);22;18
(4, 8, 12, 15, 18);22;18
(4, 8, 12, 16, 18);22;18
(4, 8, 12, 17, 18);45;22
(4, 8, 13, 14, 18);22;26
(4, 8, 13, 15, 18);19;69
(4, 8, 13, 16, 18);26;66
(4, 8, 13, 17, 18);21;22
(4, 8, 14, 15, 18);22;18
(4, 8, 14, 16, 18);22;18
(4, 8, 14, 17, 18);22;18
(4, 8, 15, 16, 18);23;18
(4, 8, 15, 17, 18);23;18
(4, 8, 16, 17, 18);12;18
(4, 9, 10, 11, 18);27;19
(4, 9, 10, 12, 18);21;19
(4, 9, 10, 13, 18);22;18
(4, 9, 10, 14, 18);52;33
(4, 9, 10, 15, 18);19;41
(4, 9, 10, 16, 18);27;26
(4, 9, 10, 17, 18);27;18
(4, 9, 11, 12, 18);21;19
(4, 9, 11, 13, 18);22;18
(4, 9, 11, 14, 18);51;23
(4, 9, 11, 15, 18);49;61
(4, 9, 11, 16, 18);27;92
(4, 9, 11, 17, 18);27;19
(4, 9, 12, 13, 18);22;18
(4, 9, 12, 14, 18);74;18
(4, 9, 12, 15, 18);27;24
(4, 9, 12, 16, 18);80;50
(4, 9, 12, 17, 18);21;19
(4, 9, 13, 14, 18);96;18
(4, 9, 13, 15, 18);22;109
(4, 9, 13, 16, 18);22;86
(4, 9, 13, 17, 18);93;18
(4, 9, 14, 15, 18);59;81
(4, 9, 14, 16, 18);87;48
(4, 9, 14, 17, 18);55;18
(4, 9, 15, 16, 18);52;106
(4, 9, 15, 17, 18);59;135
(4, 9, 16, 17, 18);27;38
(4, 10, 11, 12, 18);22;18
(4, 10, 11, 13, 18);23;46
(4, 10, 11, 14, 18);52;18
(4, 10, 11, 15, 18);22;50
(4, 10, 11, 16, 18);34;21
(4, 10, 11, 17, 18);7;22
(4, 10, 12, 13, 18);46;35
(4, 10, 12, 14, 18);52;18
(4, 10, 12, 15, 18);22;28
(4, 10, 12, 16, 18);28;18
(4, 10, 12, 17, 18);29;20
(4, 10, 13, 14, 18);52;18
(4, 10, 13, 15, 18);28;28
(4, 10, 13, 16, 18);34;83
(4, 10, 13, 17, 18);7;143
(4, 10, 14, 15, 18);52;27
(4, 10, 14, 16, 18);28;18
(4, 10, 14, 17, 18);80;49
(4, 10, 15, 16, 18);31;30
(4, 10, 15, 17, 18);68;66
(4, 10, 16, 17, 18);34;18
(4, 11, 12, 13, 18);31;18
(4, 11, 12, 14, 18);30;28
(4, 11, 12, 15, 18);29;28
(4, 11, 12, 16, 18);28;45
(4, 11, 12, 17, 18);29;18
(4, 11, 13, 14, 18);27;55
(4, 11, 13, 15, 18);29;56
(4, 11, 13, 16, 18);29;18
(4, 11, 13, 17, 18);30;28
(4, 11, 14, 15, 18);29;18
(4, 11, 14, 16, 18);29;28
(4, 11, 14, 17, 18);29;26
(4, 11, 15, 16, 18);80;123
(4, 11, 15, 17, 18);79;44
(4, 11, 16, 17, 18);34;33
(4, 12, 13, 14, 18);30;18
(4, 12, 13, 15, 18);30;18
(4, 12, 13, 16, 18);30;18
(4, 12, 13, 17, 18);30;18
(4, 12, 14, 15, 18);30;18
(4, 12, 14, 16, 18);30;18
(4, 12, 14, 17, 18);30;18
(4, 12, 15, 16, 18);30;18
(4, 12, 15, 17, 18);30;18
(4, 12, 16, 17, 18);30;18
(4, 13, 14, 15, 18);30;18
(4, 13, 14, 16, 18);30;18
(4, 13, 14, 17, 18);30;18
(4, 13, 15, 16, 18);30;18
(4, 13, 15, 17, 18);30;18
(4, 13, 16, 17, 18);30;18
(4, 14, 15, 16, 18);30;18
(4, 14, 15, 17, 18);30;18
(4, 14, 16, 17, 18);30;18
(4, 15, 16, 17, 18);11;41
(5, 6, 7, 8, 18);13;18
(5, 6, 7, 9, 18);27;18
(5, 6, 7, 10, 18);28;18
(5, 6, 7, 11, 18);38;59
(5, 6, 7, 12, 18);13;172
(5, 6, 7, 13, 18);23;21
(5, 6, 7, 14, 18);32;33
(5, 6, 7, 15, 18);11;21
(5, 6, 7, 16, 18);23;18
(5, 6, 7, 17, 18);12;18
(5, 6, 8, 9, 18);27;18
(5, 6, 8, 10, 18);28;18
(5, 6, 8, 11, 18);29;26
(5, 6, 8, 12, 18);24;31
(5, 6, 8, 13, 18);23;18
(5, 6, 8, 14, 18);22;62
(5, 6, 8, 15, 18);23;18
(5, 6, 8, 16, 18);24;18
(5, 6, 8, 17, 18);25;18
(5, 6, 9, 10, 18);28;18
(5, 6, 9, 11, 18);30;29
(5, 6, 9, 12, 18);24;48
(5, 6, 9, 13, 18);23;18
(5, 6, 9, 14, 18);23;18
(5, 6, 9, 15, 18);24;18
(5, 6, 9, 16, 18);25;18
(5, 6, 9, 17, 18);26;18
(5, 6, 10, 11, 18);8;29
(5, 6, 10, 12, 18);24;48
(5, 6, 10, 13, 18);23;18
(5, 6, 10, 14, 18);23;18
(5, 6, 10, 15, 18);23;18
(5, 6, 10, 16, 18);23;23
(5, 6, 10, 17, 18);23;23
(5, 6, 11, 12, 18);24;46
(5, 6, 11, 13, 18);23;18
(5, 6, 11, 14, 18);23;18
(5, 6, 11, 15, 18);23;18
(5, 6, 11, 16, 18);23;18
(5, 6, 11, 17, 18);104;138
(5, 6, 12, 13, 18);130;48
(5, 6, 12, 14, 18);48;52
(5, 6, 12, 15, 18);24;23
(5, 6, 12, 16, 18);24;67
(5, 6, 12, 17, 18);126;23
(5, 6, 13, 14, 18);23;25
(5, 6, 13, 15, 18);31;18
(5, 6, 13, 16, 18);31;50
(5, 6, 13, 17, 18);57;21
(5, 6, 14, 15, 18);32;26
(5, 6, 14, 16, 18);32;18
(5, 6, 14, 17, 18);32;32
(5, 6, 15, 16, 18);33;18
(5, 6, 15, 17, 18);33;18
(5, 6, 16, 17, 18);34;18
(5, 7, 8, 9, 18);27;18
(5, 7, 8, 10, 18);28;18
(5, 7, 8, 11, 18);29;28
(5, 7, 8, 12, 18);33;44
(5, 7, 8, 13, 18);23;18
(5, 7, 8, 14, 18);22;62
(5, 7, 8, 15, 18);23;18
(5, 7, 8, 16, 18);24;18
(5, 7, 8, 17, 18);25;18
(5, 7, 9, 10, 18);28;18
(5, 7, 9, 11, 18);29;18
(5, 7, 9, 12, 18);44;65
(5, 7, 9, 13, 18);23;18
(5, 7, 9, 14, 18);23;18
(5, 7, 9, 15, 18);24;18
(5, 7, 9, 16, 18);25;18
(5, 7, 9, 17, 18);26;18
(5, 7, 10, 11, 18);29;29
(5, 7, 10, 12, 18);17;47
(5, 7, 10, 13, 18);23;18
(5, 7, 10, 14, 18);23;18
(5, 7, 10, 15, 18);23;18
(5, 7, 10, 16, 18);23;23
(5, 7, 10, 17, 18);27;59
(5, 7, 11, 12, 18);23;73
(5, 7, 11, 13, 18);23;18
(5, 7, 11, 14, 18);23;18
(5, 7, 11, 15, 18);23;18
(5, 7, 11, 16, 18);23;18
(5, 7, 11, 17, 18);36;105
(5, 7, 12, 13, 18);23;18
(5, 7, 12, 14, 18);23;18
(5, 7, 12, 15, 18);23;18
(5, 7, 12, 16, 18);23;18
(5, 7, 12, 17, 18);23;18
(5, 7, 13, 14, 18);31;37
(5, 7, 13, 15, 18);62;26
(5, 7, 13, 16, 18);23;21
(5, 7, 13, 17, 18);23;21
(5, 7, 14, 15, 18);32;38
(5, 7, 14, 16, 18);32;96
(5, 7, 14, 17, 18);32;38
(5, 7, 15, 16, 18);11;21
(5, 7, 15, 17, 18);11;21
(5, 7, 16, 17, 18);23;18
(5, 8, 9, 10, 18);28;18
(5, 8, 9, 11, 18);20;46
(5, 8, 9, 12, 18);27;32
(5, 8, 9, 13, 18);23;18
(5, 8, 9, 14, 18);23;18
(5, 8, 9, 15, 18);24;18
(5, 8, 9, 16, 18);25;18
(5, 8, 9, 17, 18);26;18
(5, 8, 10, 11, 18);48;26
(5, 8, 10, 12, 18);62;26
(5, 8, 10, 13, 18);23;18
(5, 8, 10, 14, 18);23;18
(5, 8, 10, 15, 18);23;18
(5, 8, 10, 16, 18);26;24
(5, 8, 10, 17, 18);27;18
(5, 8, 11, 12, 18);23;26
(5, 8, 11, 13, 18);23;18
(5, 8, 11, 14, 18);23;18
(5, 8, 11, 15, 18);23;18
(5, 8, 11, 16, 18);23;18
(5, 8, 11, 17, 18);35;28
(5, 8, 12, 13, 18);23;18
(5, 8, 12, 14, 18);23;18
(5, 8, 12, 15, 18);23;18
(5, 8, 12, 16, 18);23;18
(5, 8, 12, 17, 18);23;18
(5, 8, 13, 14, 18);23;18
(5, 8, 13, 15, 18);23;18
(5, 8, 13, 16, 18);23;18
(5, 8, 13, 17, 18);23;18
(5, 8, 14, 15, 18);66;35
(5, 8, 14, 16, 18);22;61
(5, 8, 14, 17, 18);22;61
(5, 8, 15, 16, 18);23;18
(5, 8, 15, 17, 18);23;18
(5, 8, 16, 17, 18);24;18
(5, 9, 10, 11, 18);7;26
(5, 9, 10, 12, 18);7;43
(5, 9, 10, 13, 18);23;18
(5, 9, 10, 14, 18);23;18
(5, 9, 10, 15, 18);23;18
(5, 9, 10, 16, 18);49;18
(5, 9, 10, 17, 18);27;18
(5, 9, 11, 12, 18);23;27
(5, 9, 11, 13, 18);23;18
(5, 9, 11, 14, 18);23;18
(5, 9, 11, 15, 18);23;18
(5, 9, 11, 16, 18);23;18
(5, 9, 11, 17, 18);36;57
(5, 9, 12, 13, 18);23;18
(5, 9, 12, 14, 18);23;18
(5, 9, 12, 15, 18);23;18
(5, 9, 12, 16, 18);23;18
(5, 9, 12, 17, 18);23;18
(5, 9, 13, 14, 18);23;18
(5, 9, 13, 15, 18);23;18
(5, 9, 13, 16, 18);23;18
(5, 9, 13, 17, 18);23;18
(5, 9, 14, 15, 18);23;18
(5, 9, 14, 16, 18);23;18
(5, 9, 14, 17, 18);23;18
(5, 9, 15, 16, 18);24;18
(5, 9, 15, 17, 18);24;18
(5, 9, 16, 17, 18);25;18
(5, 10, 11, 12, 18);15;44
(5, 10, 11, 13, 18);23;18
(5, 10, 11, 14, 18);23;18
(5, 10, 11, 15, 18);23;18
(5, 10, 11, 16, 18);23;18
(5, 10, 11, 17, 18);22;28
(5, 10, 12, 13, 18);23;18
(5, 10, 12, 14, 18);23;18
(5, 10, 12, 15, 18);23;18
(5, 10, 12, 16, 18);23;18
(5, 10, 12, 17, 18);23;18
(5, 10, 13, 14, 18);23;18
(5, 10, 13, 15, 18);23;18
(5, 10, 13, 16, 18);23;18
(5, 10, 13, 17, 18);23;18
(5, 10, 14, 15, 18);23;18
(5, 10, 14, 16, 18);23;18
(5, 10, 14, 17, 18);23;18
(5, 10, 15, 16, 18);23;18
(5, 10, 15, 17, 18);23;18
(5, 10, 16, 17, 18);49;18
(5, 11, 12, 13, 18);31;48
(5, 11, 12, 14, 18);23;39
(5, 11, 12, 15, 18);23;37
(5, 11, 12, 16, 18);23;46
(5, 11, 12, 17, 18);22;46
(5, 11, 13, 14, 18);27;92
(5, 11, 13, 15, 18);102;29
(5, 11, 13, 16, 18);77;29
(5, 11, 13, 17, 18);30;29
(5, 11, 14, 15, 18);29;26
(5, 11, 14, 16, 18);25;68
(5, 11, 14, 17, 18);35;57
(5, 11, 15, 16, 18);27;73
(5, 11, 15, 17, 18);32;55
(5, 11, 16, 17, 18);22;63
(5, 12, 13, 14, 18);79;70
(5, 12, 13, 15, 18);57;87
(5, 12, 13, 16, 18);86;61
(5, 12, 13, 17, 18);55;30
(5, 12, 14, 15, 18);26;70
(5, 12, 14, 16, 18);30;18
(5, 12, 14, 17, 18);55;28
(5, 12, 15, 16, 18);34;122
(5, 12, 15, 17, 18);83;20
(5, 12, 16, 17, 18);54;20
(5, 13, 14, 15, 18);31;30
(5, 13, 14, 16, 18);31;18
(5, 13, 14, 17, 18);31;18
(5, 13, 15, 16, 18);31;18
(5, 13, 15, 17, 18);31;18
(5, 13, 16, 17, 18);31;18
(5, 14, 15, 16, 18);32;31
(5, 14, 15, 17, 18);32;18
(5, 14, 16, 17, 18);32;18
(5, 15, 16, 17, 18);33;18
(6, 7, 8, 9, 18);27;18
(6, 7, 8, 10, 18);28;18
(6, 7, 8, 11, 18);29;54
(6, 7, 8, 12, 18);24;18
(6, 7, 8, 13, 18);24;18
(6, 7, 8, 14, 18);24;18
(6, 7, 8, 15, 18);23;37
(6, 7, 8, 16, 18);24;18
(6, 7, 8, 17, 18);25;18
(6, 7, 9, 10, 18);28;18
(6, 7, 9, 11, 18);29;38
(6, 7, 9, 12, 18);24;18
(6, 7, 9, 13, 18);24;18
(6, 7, 9, 14, 18);24;18
(6, 7, 9, 15, 18);24;18
(6, 7, 9, 16, 18);25;18
(6, 7, 9, 17, 18);26;25
(6, 7, 10, 11, 18);25;40
(6, 7, 10, 12, 18);24;18
(6, 7, 10, 13, 18);24;18
(6, 7, 10, 14, 18);24;18
(6, 7, 10, 15, 18);24;18
(6, 7, 10, 16, 18);24;18
(6, 7, 10, 17, 18);24;19
(6, 7, 11, 12, 18);24;18
(6, 7, 11, 13, 18);24;18
(6, 7, 11, 14, 18);24;18
(6, 7, 11, 15, 18);24;18
(6, 7, 11, 16, 18);24;18
(6, 7, 11, 17, 18);24;18
(6, 7, 12, 13, 18);24;18
(6, 7, 12, 14, 18);24;18
(6, 7, 12, 15, 18);24;18
(6, 7, 12, 16, 18);24;18
(6, 7, 12, 17, 18);24;18
(6, 7, 13, 14, 18);24;18
(6, 7, 13, 15, 18);24;18
(6, 7, 13, 16, 18);24;18
(6, 7, 13, 17, 18);24;18
(6, 7, 14, 15, 18);25;60
(6, 7, 14, 16, 18);32;74
(6, 7, 14, 17, 18);24;48
(6, 7, 15, 16, 18);11;35
(6, 7, 15, 17, 18);11;30
(6, 7, 16, 17, 18);23;36
(6, 8, 9, 10, 18);28;18
(6, 8, 9, 11, 18);17;44
(6, 8, 9, 12, 18);24;18
(6, 8, 9, 13, 18);24;18
(6, 8, 9, 14, 18);24;18
(6, 8, 9, 15, 18);24;18
(6, 8, 9, 16, 18);25;18
(6, 8, 9, 17, 18);26;18
(6, 8, 10, 11, 18);7;75
(6, 8, 10, 12, 18);24;18
(6, 8, 10, 13, 18);24;18
(6, 8, 10, 14, 18);24;18
(6, 8, 10, 15, 18);24;18
(6, 8, 10, 16, 18);24;18
(6, 8, 10, 17, 18);52;24
(6, 8, 11, 12, 18);24;18
(6, 8, 11, 13, 18);24;18
(6, 8, 11, 14, 18);24;18
(6, 8, 11, 15, 18);24;18
(6, 8, 11, 16, 18);24;18
(6, 8, 11, 17, 18);24;18
(6, 8, 12, 13, 18);24;18
(6, 8, 12, 14, 18);24;18
(6, 8, 12, 15, 18);24;18
(6, 8, 12, 16, 18);24;18
(6, 8, 12, 17, 18);24;18
(6, 8, 13, 14, 18);24;18
(6, 8, 13, 15, 18);24;18
(6, 8, 13, 16, 18);24;18
(6, 8, 13, 17, 18);24;18
(6, 8, 14, 15, 18);24;18
(6, 8, 14, 16, 18);24;18
(6, 8, 14, 17, 18);24;18
(6, 8, 15, 16, 18);23;59
(6, 8, 15, 17, 18);23;60
(6, 8, 16, 17, 18);24;18
(6, 9, 10, 11, 18);20;40
(6, 9, 10, 12, 18);24;18
(6, 9, 10, 13, 18);24;18
(6, 9, 10, 14, 18);24;18
(6, 9, 10, 15, 18);24;18
(6, 9, 10, 16, 18);24;18
(6, 9, 10, 17, 18);27;26
(6, 9, 11, 12, 18);24;18
(6, 9, 11, 13, 18);24;18
(6, 9, 11, 14, 18);24;18
(6, 9, 11, 15, 18);24;18
(6, 9, 11, 16, 18);24;18
(6, 9, 11, 17, 18);24;18
(6, 9, 12, 13, 18);24;18
(6, 9, 12, 14, 18);24;18
(6, 9, 12, 15, 18);24;18
(6, 9, 12, 16, 18);24;18
(6, 9, 12, 17, 18);24;18
(6, 9, 13, 14, 18);24;18
(6, 9, 13, 15, 18);24;18
(6, 9, 13, 16, 18);24;18
(6, 9, 13, 17, 18);24;18
(6, 9, 14, 15, 18);24;18
(6, 9, 14, 16, 18);24;18
(6, 9, 14, 17, 18);24;18
(6, 9, 15, 16, 18);24;18
(6, 9, 15, 17, 18);24;18
(6, 9, 16, 17, 18);25;48
(6, 10, 11, 12, 18);24;18
(6, 10, 11, 13, 18);24;18
(6, 10, 11, 14, 18);24;18
(6, 10, 11, 15, 18);24;18
(6, 10, 11, 16, 18);24;18
(6, 10, 11, 17, 18);24;18
(6, 10, 12, 13, 18);24;18
(6, 10, 12, 14, 18);24;18
(6, 10, 12, 15, 18);24;18
(6, 10, 12, 16, 18);24;18
(6, 10, 12, 17, 18);24;18
(6, 10, 13, 14, 18);24;18
(6, 10, 13, 15, 18);24;18
(6, 10, 13, 16, 18);24;18
(6, 10, 13, 17, 18);24;18
(6, 10, 14, 15, 18);24;18
(6, 10, 14, 16, 18);24;18
(6, 10, 14, 17, 18);24;18
(6, 10, 15, 16, 18);24;18
(6, 10, 15, 17, 18);24;18
(6, 10, 16, 17, 18);24;18
(6, 11, 12, 13, 18);24;18
(6, 11, 12, 14, 18);24;18
(6, 11, 12, 15, 18);24;18
(6, 11, 12, 16, 18);24;18
(6, 11, 12, 17, 18);24;18
(6, 11, 13, 14, 18);24;18
(6, 11, 13, 15, 18);24;18
(6, 11, 13, 16, 18);24;18
(6, 11, 13, 17, 18);24;18
(6, 11, 14, 15, 18);24;18
(6, 11, 14, 16, 18);24;18
(6, 11, 14, 17, 18);24;18
(6, 11, 15, 16, 18);24;18
(6, 11, 15, 17, 18);24;18
(6, 11, 16, 17, 18);24;18
(6, 12, 13, 14, 18);24;18
(6, 12, 13, 15, 18);24;18
(6, 12, 13, 16, 18);24;18
(6, 12, 13, 17, 18);24;18
(6, 12, 14, 15, 18);24;18
(6, 12, 14, 16, 18);24;18
(6, 12, 14, 17, 18);24;18
(6, 12, 15, 16, 18);24;18
(6, 12, 15, 17, 18);24;18
(6, 12, 16, 17, 18);24;18
(6, 13, 14, 15, 18);28;28
(6, 13, 14, 16, 18);56;78
(6, 13, 14, 17, 18);31;30
(6, 13, 15, 16, 18);31;60
(6, 13, 15, 17, 18);35;65
(6, 13, 16, 17, 18);34;63
(6, 14, 15, 16, 18);32;18
(6, 14, 15, 17, 18);32;18
(6, 14, 16, 17, 18);32;18
(6, 15, 16, 17, 18);33;18
(7, 8, 9, 10, 18);28;18
(7, 8, 9, 11, 18);25;18
(7, 8, 9, 12, 18);25;18
(7, 8, 9, 13, 18);25;18
(7, 8, 9, 14, 18);25;18
(7, 8, 9, 15, 18);25;18
(7, 8, 9, 16, 18);25;18
(7, 8, 9, 17, 18);26;18
(7, 8, 10, 11, 18);25;18
(7, 8, 10, 12, 18);25;18
(7, 8, 10, 13, 18);25;18
(7, 8, 10, 14, 18);25;18
(7, 8, 10, 15, 18);25;18
(7, 8, 10, 16, 18);25;18
(7, 8, 10, 17, 18);25;18
(7, 8, 11, 12, 18);25;18
(7, 8, 11, 13, 18);25;18
(7, 8, 11, 14, 18);25;18
(7, 8, 11, 15, 18);25;18
(7, 8, 11, 16, 18);25;18
(7, 8, 11, 17, 18);25;18
(7, 8, 12, 13, 18);25;18
(7, 8, 12, 14, 18);25;18
(7, 8, 12, 15, 18);25;18
(7, 8, 12, 16, 18);25;18
(7, 8, 12, 17, 18);25;18
(7, 8, 13, 14, 18);25;18
(7, 8, 13, 15, 18);25;18
(7, 8, 13, 16, 18);25;18
(7, 8, 13, 17, 18);25;18
(7, 8, 14, 15, 18);25;18
(7, 8, 14, 16, 18);25;18
(7, 8, 14, 17, 18);25;18
(7, 8, 15, 16, 18);25;18
(7, 8, 15, 17, 18);25;18
(7, 8, 16, 17, 18);24;39
(7, 9, 10, 11, 18);25;18
(7, 9, 10, 12, 18);25;18
(7, 9, 10, 13, 18);25;18
(7, 9, 10, 14, 18);25;18
(7, 9, 10, 15, 18);25;18
(7, 9, 10, 16, 18);25;18
(7, 9, 10, 17, 18);25;18
(7, 9, 11, 12, 18);25;18
(7, 9, 11, 13, 18);25;18
(7, 9, 11, 14, 18);25;18
(7, 9, 11, 15, 18);25;18
(7, 9, 11, 16, 18);25;18
(7, 9, 11, 17, 18);25;18
(7, 9, 12, 13, 18);25;18
(7, 9, 12, 14, 18);25;18
(7, 9, 12, 15, 18);25;18
(7, 9, 12, 16, 18);25;18
(7, 9, 12, 17, 18);25;18
(7, 9, 13, 14, 18);25;18
(7, 9, 13, 15, 18);25;18
(7, 9, 13, 16, 18);25;18
(7, 9, 13, 17, 18);25;18
(7, 9, 14, 15, 18);25;18
(7, 9, 14, 16, 18);25;18
(7, 9, 14, 17, 18);25;18
(7, 9, 15, 16, 18);25;18
(7, 9, 15, 17, 18);25;18
(7, 9, 16, 17, 18);25;18
(7, 10, 11, 12, 18);25;18
(7, 10, 11, 13, 18);25;18
(7, 10, 11, 14, 18);25;18
(7, 10, 11, 15, 18);25;18
(7, 10, 11, 16, 18);25;18
(7, 10, 11, 17, 18);25;18
(7, 10, 12, 13, 18);25;18
(7, 10, 12, 14, 18);25;18
(7, 10, 12, 15, 18);25;18
(7, 10, 12, 16, 18);25;18
(7, 10, 12, 17, 18);25;18
(7, 10, 13, 14, 18);25;18
(7, 10, 13, 15, 18);25;18
(7, 10, 13, 16, 18);25;18
(7, 10, 13, 17, 18);25;18
(7, 10, 14, 15, 18);25;18
(7, 10, 14, 16, 18);25;18
(7, 10, 14, 17, 18);25;18
(7, 10, 15, 16, 18);25;18
(7, 10, 15, 17, 18);25;18
(7, 10, 16, 17, 18);25;18
(7, 11, 12, 13, 18);25;18
(7, 11, 12, 14, 18);25;18
(7, 11, 12, 15, 18);25;18
(7, 11, 12, 16, 18);25;18
(7, 11, 12, 17, 18);25;18
(7, 11, 13, 14, 18);25;18
(7, 11, 13, 15, 18);25;18
(7, 11, 13, 16, 18);25;18
(7, 11, 13, 17, 18);25;18
(7, 11, 14, 15, 18);25;18
(7, 11, 14, 16, 18);25;18
(7, 11, 14, 17, 18);25;18
(7, 11, 15, 16, 18);25;18
(7, 11, 15, 17, 18);25;18
(7, 11, 16, 17, 18);25;18
(7, 12, 13, 14, 18);25;18
(7, 12, 13, 15, 18);25;18
(7, 12, 13, 16, 18);25;18
(7, 12, 13, 17, 18);25;18
(7, 12, 14, 15, 18);25;18
(7, 12, 14, 16, 18);25;18
(7, 12, 14, 17, 18);25;18
(7, 12, 15, 16, 18);25;18
(7, 12, 15, 17, 18);25;18
(7, 12, 16, 17, 18);25;18
(7, 13, 14, 15, 18);25;18
(7, 13, 14, 16, 18);25;18
(7, 13, 14, 17, 18);25;18
(7, 13, 15, 16, 18);25;18
(7, 13, 15, 17, 18);25;18
(7, 13, 16, 17, 18);25;18
(7, 14, 15, 16, 18);25;18
(7, 14, 15, 17, 18);25;18
(7, 14, 16, 17, 18);25;18
(7, 15, 16, 17, 18);11;32
(8, 9, 10, 11, 18);26;18
(8, 9, 10, 12, 18);26;18
(8, 9, 10, 13, 18);26;18
(8, 9, 10, 14, 18);26;18
(8, 9, 10, 15, 18);26;18
(8, 9, 10, 16, 18);26;18
(8, 9, 10, 17, 18);26;18
(8, 9, 11, 12, 18);26;18
(8, 9, 11, 13, 18);26;18
(8, 9, 11, 14, 18);26;18
(8, 9, 11, 15, 18);26;18
(8, 9, 11, 16, 18);26;18
(8, 9, 11, 17, 18);26;18
(8, 9, 12, 13, 18);26;18
(8, 9, 12, 14, 18);26;18
(8, 9, 12, 15, 18);26;18
(8, 9, 12, 16, 18);26;18
(8, 9, 12, 17, 18);26;18
(8, 9, 13, 14, 18);26;18
(8, 9, 13, 15, 18);26;18
(8, 9, 13, 16, 18);26;18
(8, 9, 13, 17, 18);26;18
(8, 9, 14, 15, 18);26;18
(8, 9, 14, 16, 18);26;18
(8, 9, 14, 17, 18);26;18
(8, 9, 15, 16, 18);26;18
(8, 9, 15, 17, 18);26;18
(8, 9, 16, 17, 18);26;18
(8, 10, 11, 12, 18);26;18
(8, 10, 11, 13, 18);26;18
(8, 10, 11, 14, 18);26;18
(8, 10, 11, 15, 18);26;18
(8, 10, 11, 16, 18);26;18
(8, 10, 11, 17, 18);26;18
(8, 10, 12, 13, 18);26;18
(8, 10, 12, 14, 18);26;18
(8, 10, 12, 15, 18);26;18
(8, 10, 12, 16, 18);26;18
(8, 10, 12, 17, 18);26;18
(8, 10, 13, 14, 18);26;18
(8, 10, 13, 15, 18);26;18
(8, 10, 13, 16, 18);26;18
(8, 10, 13, 17, 18);26;18
(8, 10, 14, 15, 18);26;18
(8, 10, 14, 16, 18);26;18
(8, 10, 14, 17, 18);26;18
(8, 10, 15, 16, 18);26;18
(8, 10, 15, 17, 18);26;18
(8, 10, 16, 17, 18);26;18
(8, 11, 12, 13, 18);26;18
(8, 11, 12, 14, 18);26;18
(8, 11, 12, 15, 18);26;18
(8, 11, 12, 16, 18);26;18
(8, 11, 12, 17, 18);26;18
(8, 11, 13, 14, 18);26;18
(8, 11, 13, 15, 18);26;18
(8, 11, 13, 16, 18);26;18
(8, 11, 13, 17, 18);26;18
(8, 11, 14, 15, 18);26;18
(8, 11, 14, 16, 18);26;18
(8, 11, 14, 17, 18);26;18
(8, 11, 15, 16, 18);26;18
(8, 11, 15, 17, 18);26;18
(8, 11, 16, 17, 18);26;18
(8, 12, 13, 14, 18);26;18
(8, 12, 13, 15, 18);26;18
(8, 12, 13, 16, 18);26;18
(8, 12, 13, 17, 18);26;18
(8, 12, 14, 15, 18);26;18
(8, 12, 14, 16, 18);26;18
(8, 12, 14, 17, 18);26;18
(8, 12, 15, 16, 18);26;18
(8, 12, 15, 17, 18);26;18
(8, 12, 16, 17, 18);26;18
(8, 13, 14, 15, 18);26;18
(8, 13, 14, 16, 18);26;18
(8, 13, 14, 17, 18);26;18
(8, 13, 15, 16, 18);26;18
(8, 13, 15, 17, 18);26;18
(8, 13, 16, 17, 18);26;18
(8, 14, 15, 16, 18);26;18
(8, 14, 15, 17, 18);26;18
(8, 14, 16, 17, 18);26;18
(8, 15, 16, 17, 18);26;18
(9, 10, 11, 12, 18);27;18
(9, 10, 11, 13, 18);27;18
(9, 10, 11, 14, 18);27;18
(9, 10, 11, 15, 18);27;18
(9, 10, 11, 16, 18);27;18
(9, 10, 11, 17, 18);27;18
(9, 10, 12, 13, 18);27;18
(9, 10, 12, 14, 18);27;18
(9, 10, 12, 15, 18);27;18
(9, 10, 12, 16, 18);27;18
(9, 10, 12, 17, 18);27;18
(9, 10, 13, 14, 18);27;18
(9, 10, 13, 15, 18);27;18
(9, 10, 13, 16, 18);27;18
(9, 10, 13, 17, 18);27;18
(9, 10, 14, 15, 18);27;18
(9, 10, 14, 16, 18);27;18
(9, 10, 14, 17, 18);27;18
(9, 10, 15, 16, 18);27;18
(9, 10, 15, 17, 18);27;18
(9, 10, 16, 17, 18);27;18
(9, 11, 12, 13, 18);27;18
(9, 11, 12, 14, 18);27;18
(9, 11, 12, 15, 18);27;18
(9, 11, 12, 16, 18);27;18
(9, 11, 12, 17, 18);27;18
(9, 11, 13, 14, 18);27;18
(9, 11, 13, 15, 18);27;18
(9, 11, 13, 16, 18);27;18
(9, 11, 13, 17, 18);27;18
(9, 11, 14, 15, 18);27;18
(9, 11, 14, 16, 18);27;18
(9, 11, 14, 17, 18);27;18
(9, 11, 15, 16, 18);27;18
(9, 11, 15, 17, 18);27;18
(9, 11, 16, 17, 18);27;18
(9, 12, 13, 14, 18);27;18
(9, 12, 13, 15, 18);27;18
(9, 12, 13, 16, 18);27;18
(9, 12, 13, 17, 18);27;18
(9, 12, 14, 15, 18);27;18
(9, 12, 14, 16, 18);27;18
(9, 12, 14, 17, 18);27;18
(9, 12, 15, 16, 18);27;18
(9, 12, 15, 17, 18);27;18
(9, 12, 16, 17, 18);27;18
(9, 13, 14, 15, 18);27;18
(9, 13, 14, 16, 18);27;18
(9, 13, 14, 17, 18);27;18
(9, 13, 15, 16, 18);27;18
(9, 13, 15, 17, 18);27;18
(9, 13, 16, 17, 18);27;18
(9, 14, 15, 16, 18);27;18
(9, 14, 15, 17, 18);27;18
(9, 14, 16, 17, 18);27;18
(9, 15, 16, 17, 18);27;18
(10, 11, 12, 13, 18);28;18
(10, 11, 12, 14, 18);28;18
(10, 11, 12, 15, 18);28;18
(10, 11, 12, 16, 18);28;18
(10, 11, 12, 17, 18);28;18
(10, 11, 13, 14, 18);28;18
(10, 11, 13, 15, 18);28;18
(10, 11, 13, 16, 18);28;18
(10, 11, 13, 17, 18);28;18
(10, 11, 14, 15, 18);28;18
(10, 11, 14, 16, 18);28;18
(10, 11, 14, 17, 18);28;18
(10, 11, 15, 16, 18);28;18
(10, 11, 15, 17, 18);28;18
(10, 11, 16, 17, 18);28;18
(10, 12, 13, 14, 18);28;18
(10, 12, 13, 15, 18);28;18
(10, 12, 13, 16, 18);28;18
(10, 12, 13, 17, 18);28;18
(10, 12, 14, 15, 18);28;18
(10, 12, 14, 16, 18);28;18
(10, 12, 14, 17, 18);28;18
(10, 12, 15, 16, 18);28;18
(10, 12, 15, 17, 18);28;18
(10, 12, 16, 17, 18);28;18
(10, 13, 14, 15, 18);28;18
(10, 13, 14, 16, 18);28;18
(10, 13, 14, 17, 18);28;18
(10, 13, 15, 16, 18);28;18
(10, 13, 15, 17, 18);28;18
(10, 13, 16, 17, 18);28;18
(10, 14, 15, 16, 18);28;18
(10, 14, 15, 17, 18);28;18
(10, 14, 16, 17, 18);28;18
(10, 15, 16, 17, 18);28;18
(11, 12, 13, 14, 18);29;18
(11, 12, 13, 15, 18);29;18
(11, 12, 13, 16, 18);29;18
(11, 12, 13, 17, 18);29;18
(11, 12, 14, 15, 18);29;18
(11, 12, 14, 16, 18);29;18
(11, 12, 14, 17, 18);29;18
(11, 12, 15, 16, 18);29;18
(11, 12, 15, 17, 18);29;18
(11, 12, 16, 17, 18);29;18
(11, 13, 14, 15, 18);29;18
(11, 13, 14, 16, 18);29;18
(11, 13, 14, 17, 18);29;18
(11, 13, 15, 16, 18);29;18
(11, 13, 15, 17, 18);29;18
(11, 13, 16, 17, 18);29;18
(11, 14, 15, 16, 18);29;18
(11, 14, 15, 17, 18);29;18
(11, 14, 16, 17, 18);29;18
(11, 15, 16, 17, 18);29;18
(12, 13, 14, 15, 18);30;18
(12, 13, 14, 16, 18);30;18
(12, 13, 14, 17, 18);30;18
(12, 13, 15, 16, 18);30;18
(12, 13, 15, 17, 18);30;18
(12, 13, 16, 17, 18);30;18
(12, 14, 15, 16, 18);30;18
(12, 14, 15, 17, 18);30;18
(12, 14, 16, 17, 18);30;18
(12, 15, 16, 17, 18);30;18
(13, 14, 15, 16, 18);31;18
(13, 14, 15, 17, 18);31;18
(13, 14, 16, 17, 18);31;18
(13, 15, 16, 17, 18);31;18
(14, 15, 16, 17, 18);32;18
