S;p;l
(1, 2, 3, 4, 13);5;13
(1, 2, 3, 5, 13);4;13
(1, 2, 3, 6, 13);4;13
(1, 2, 3, 7, 13);4;13
(1, 2, 3, 8, 13);14;13
(1, 2, 3, 9, 13);4;13
(1, 2, 3, 10, 13);4;13
(1, 2, 3, 11, 13);4;13
(1, 2, 3, 12, 13);14;13
(1, 2, 4, 5, 13);3;13
(1, 2, 4, 6, 13);15;13
(1, 2, 4, 7, 13);3;13
(1, 2, 4, 8, 13);3;13
(1, 2, 4, 9, 13);11;13
(1, 2, 4, 10, 13);3;13
(1, 2, 4, 11, 13);3;13
(1, 2, 4, 12, 13);14;13
(1, 2, 5, 6, 13);7;13
(1, 2, 5, 7, 13);3;13
(1, 2, 5, 8, 13);3;13
(1, 2, 5, 9, 13);14;13
(1, 2, 5, 10, 13);3;13
(1, 2, 5, 11, 13);3;13
(1, 2, 5, 12, 13);17;13
(1, 2, 6, 7, 13);19;13
(1, 2, 6, 8, 13);7;13
(1, 2, 6, 9, 13);7;13
(1, 2, 6, 10, 13);11;13
(1, 2, 6, 11, 13);12;13
(1, 2, 6, 12, 13);7;13
(1, 2, 7, 8, 13);3;13
(1, 2, 7, 9, 13);11;13
(1, 2, 7, 10, 13);3;13
(1, 2, 7, 11, 13);3;13
(1, 2, 7, 12, 13);14;13
(1, 2, 8, 9, 13);7;16
(1, 2, 8, 10, 13);3;13
(1, 2, 8, 11, 13);3;13
(1, 2, 8, 12, 13);20;13
(1, 2, 9, 10, 13);11;13
(1, 2, 9, 11, 13);22;13
(1, 2, 9, 12, 13);14;13
(1, 2, 10, 11, 13);3;13
(1, 2, 10, 12, 13);14;13
(1, 2, 11, 12, 13);23;13
(1, 3, 4, 5, 13);8;13
(1, 3, 4, 6, 13);7;13
(1, 3, 4, 7, 13);8;13
(1, 3, 4, 8, 13);7;13
(1, 3, 4, 9, 13);12;13
(1, 3, 4, 10, 13);7;13
(1, 3, 4, 11, 13);7;13
(1, 3, 4, 12, 13);16;13
(1, 3, 5, 6, 13);18;13
(1, 3, 5, 7, 13);2;13
(1, 3, 5, 8, 13);16;13
(1, 3, 5, 9, 13);2;13
(1, 3, 5, 10, 13);20;13
(1, 3, 5, 11, 13);2;13
(1, 3, 5, 12, 13);24;13
(1, 3, 6, 7, 13);12;13
(1, 3, 6, 8, 13);16;13
(1, 3, 6, 9, 13);12;13
(1, 3, 6, 10, 13);16;13
(1, 3, 6, 11, 13);14;13
(1, 3, 6, 12, 13);25;13
(1, 3, 7, 8, 13);16;13
(1, 3, 7, 9, 13);2;13
(1, 3, 7, 10, 13);20;13
(1, 3, 7, 11, 13);2;13
(1, 3, 7, 12, 13);24;13
(1, 3, 8, 9, 13);16;13
(1, 3, 8, 10, 13);16;42
(1, 3, 8, 11, 13);16;13
(1, 3, 8, 12, 13);20;19
(1, 3, 9, 10, 13);20;13
(1, 3, 9, 11, 13);2;13
(1, 3, 9, 12, 13);24;13
(1, 3, 10, 11, 13);20;13
(1, 3, 10, 12, 13);22;13
(1, 3, 11, 12, 13);24;13
(1, 4, 5, 6, 13);9;13
(1, 4, 5, 7, 13);8;13
(1, 4, 5, 8, 13);9;13
(1, 4, 5, 9, 13);8;13
(1, 4, 5, 10, 13);3;20
(1, 4, 5, 11, 13);8;13
(1, 4, 5, 12, 13);8;13
(1, 4, 6, 7, 13);19;13
(1, 4, 6, 8, 13);12;13
(1, 4, 6, 9, 13);22;13
(1, 4, 6, 10, 13);14;13
(1, 4, 6, 11, 13);17;13
(1, 4, 6, 12, 13);64;18
(1, 4, 7, 8, 13);14;14
(1, 4, 7, 9, 13);22;13
(1, 4, 7, 10, 13);14;13
(1, 4, 7, 11, 13);20;13
(1, 4, 7, 12, 13);25;15
(1, 4, 8, 9, 13);17;13
(1, 4, 8, 10, 13);14;13
(1, 4, 8, 11, 13);12;13
(1, 4, 8, 12, 13);5;80
(1, 4, 9, 10, 13);19;13
(1, 4, 9, 11, 13);22;13
(1, 4, 9, 12, 13);45;18
(1, 4, 10, 11, 13);7;14
(1, 4, 10, 12, 13);16;43
(1, 4, 11, 12, 13);24;13
(1, 5, 6, 7, 13);12;13
(1, 5, 6, 8, 13);7;14
(1, 5, 6, 9, 13);12;13
(1, 5, 6, 10, 13);18;13
(1, 5, 6, 11, 13);12;13
(1, 5, 6, 12, 13);18;13
(1, 5, 7, 8, 13);16;13
(1, 5, 7, 9, 13);2;13
(1, 5, 7, 10, 13);20;13
(1, 5, 7, 11, 13);2;13
(1, 5, 7, 12, 13);24;13
(1, 5, 8, 9, 13);16;13
(1, 5, 8, 10, 13);18;13
(1, 5, 8, 11, 13);16;13
(1, 5, 8, 12, 13);20;13
(1, 5, 9, 10, 13);20;13
(1, 5, 9, 11, 13);2;13
(1, 5, 9, 12, 13);24;13
(1, 5, 10, 11, 13);20;13
(1, 5, 10, 12, 13);22;13
(1, 5, 11, 12, 13);24;13
(1, 6, 7, 8, 13);14;13
(1, 6, 7, 9, 13);12;13
(1, 6, 7, 10, 13);16;13
(1, 6, 7, 11, 13);12;13
(1, 6, 7, 12, 13);18;13
(1, 6, 8, 9, 13);7;21
(1, 6, 8, 10, 13);23;13
(1, 6, 8, 11, 13);19;13
(1, 6, 8, 12, 13);25;13
(1, 6, 9, 10, 13);37;53
(1, 6, 9, 11, 13);22;13
(1, 6, 9, 12, 13);21;13
(1, 6, 10, 11, 13);21;13
(1, 6, 10, 12, 13);25;13
(1, 6, 11, 12, 13);23;13
(1, 7, 8, 9, 13);16;13
(1, 7, 8, 10, 13);18;13
(1, 7, 8, 11, 13);16;13
(1, 7, 8, 12, 13);20;13
(1, 7, 9, 10, 13);20;13
(1, 7, 9, 11, 13);2;13
(1, 7, 9, 12, 13);24;13
(1, 7, 10, 11, 13);20;13
(1, 7, 10, 12, 13);22;13
(1, 7, 11, 12, 13);24;13
(1, 8, 9, 10, 13);18;13
(1, 8, 9, 11, 13);16;13
(1, 8, 9, 12, 13);20;13
(1, 8, 10, 11, 13);21;13
(1, 8, 10, 12, 13);25;13
(1, 8, 11, 12, 13);23;13
(1, 9, 10, 11, 13);20;13
(1, 9, 10, 12, 13);22;13
(1, 9, 11, 12, 13);24;13
(1, 10, 11, 12, 13);22;13
(2, 3, 4, 5, 13);15;13
(2, 3, 4, 6, 13);8;13
(2, 3, 4, 7, 13);11;13
(2, 3, 4, 8, 13);17;13
(2, 3, 4, 9, 13);17;13
(2, 3, 4, 10, 13);23;13
(2, 3, 4, 11, 13);15;13
(2, 3, 4, 12, 13);15;13
(2, 3, 5, 6, 13);8;13
(2, 3, 5, 7, 13);9;13
(2, 3, 5, 8, 13);27;13
(2, 3, 5, 9, 13);4;19
(2, 3, 5, 10, 13);15;13
(2, 3, 5, 11, 13);15;13
(2, 3, 5, 12, 13);15;13
(2, 3, 6, 7, 13);19;13
(2, 3, 6, 8, 13);19;13
(2, 3, 6, 9, 13);4;32
(2, 3, 6, 10, 13);16;13
(2, 3, 6, 11, 13);24;21
(2, 3, 6, 12, 13);19;13
(2, 3, 7, 8, 13);5;13
(2, 3, 7, 9, 13);16;13
(2, 3, 7, 10, 13);37;31
(2, 3, 7, 11, 13);24;13
(2, 3, 7, 12, 13);5;13
(2, 3, 8, 9, 13);11;13
(2, 3, 8, 10, 13);32;31
(2, 3, 8, 11, 13);24;13
(2, 3, 8, 12, 13);5;13
(2, 3, 9, 10, 13);23;13
(2, 3, 9, 11, 13);20;13
(2, 3, 9, 12, 13);21;13
(2, 3, 10, 11, 13);20;36
(2, 3, 10, 12, 13);20;13
(2, 3, 11, 12, 13);24;13
(2, 4, 5, 6, 13);8;13
(2, 4, 5, 7, 13);9;13
(2, 4, 5, 8, 13);26;13
(2, 4, 5, 9, 13);25;13
(2, 4, 5, 10, 13);15;13
(2, 4, 5, 11, 13);15;13
(2, 4, 5, 12, 13);15;13
(2, 4, 6, 7, 13);9;13
(2, 4, 6, 8, 13);10;13
(2, 4, 6, 9, 13);26;13
(2, 4, 6, 10, 13);8;13
(2, 4, 6, 11, 13);8;13
(2, 4, 6, 12, 13);8;13
(2, 4, 7, 8, 13);11;13
(2, 4, 7, 9, 13);11;13
(2, 4, 7, 10, 13);3;13
(2, 4, 7, 11, 13);3;17
(2, 4, 7, 12, 13);14;17
(2, 4, 8, 9, 13);17;13
(2, 4, 8, 10, 13);3;20
(2, 4, 8, 11, 13);52;13
(2, 4, 8, 12, 13);16;13
(2, 4, 9, 10, 13);23;13
(2, 4, 9, 11, 13);21;13
(2, 4, 9, 12, 13);16;17
(2, 4, 10, 11, 13);3;38
(2, 4, 10, 12, 13);15;29
(2, 4, 11, 12, 13);15;13
(2, 5, 6, 7, 13);35;23
(2, 5, 6, 8, 13);7;17
(2, 5, 6, 9, 13);11;13
(2, 5, 6, 10, 13);15;13
(2, 5, 6, 11, 13);8;34
(2, 5, 6, 12, 13);18;13
(2, 5, 7, 8, 13);30;26
(2, 5, 7, 9, 13);26;13
(2, 5, 7, 10, 13);3;29
(2, 5, 7, 11, 13);18;13
(2, 5, 7, 12, 13);9;23
(2, 5, 8, 9, 13);21;13
(2, 5, 8, 10, 13);52;21
(2, 5, 8, 11, 13);40;13
(2, 5, 8, 12, 13);21;42
(2, 5, 9, 10, 13);15;34
(2, 5, 9, 11, 13);22;13
(2, 5, 9, 12, 13);25;13
(2, 5, 10, 11, 13);15;29
(2, 5, 10, 12, 13);22;19
(2, 5, 11, 12, 13);22;19
(2, 6, 7, 8, 13);15;13
(2, 6, 7, 9, 13);15;13
(2, 6, 7, 10, 13);20;13
(2, 6, 7, 11, 13);42;13
(2, 6, 7, 12, 13);19;13
(2, 6, 8, 9, 13);15;13
(2, 6, 8, 10, 13);34;13
(2, 6, 8, 11, 13);19;13
(2, 6, 8, 12, 13);19;19
(2, 6, 9, 10, 13);19;13
(2, 6, 9, 11, 13);42;13
(2, 6, 9, 12, 13);18;15
(2, 6, 10, 11, 13);23;13
(2, 6, 10, 12, 13);23;13
(2, 6, 11, 12, 13);23;13
(2, 7, 8, 9, 13);15;13
(2, 7, 8, 10, 13);3;42
(2, 7, 8, 11, 13);24;18
(2, 7, 8, 12, 13);5;17
(2, 7, 9, 10, 13);35;45
(2, 7, 9, 11, 13);19;13
(2, 7, 9, 12, 13);33;46
(2, 7, 10, 11, 13);24;23
(2, 7, 10, 12, 13);43;43
(2, 7, 11, 12, 13);24;13
(2, 8, 9, 10, 13);34;13
(2, 8, 9, 11, 13);19;13
(2, 8, 9, 12, 13);21;13
(2, 8, 10, 11, 13);19;13
(2, 8, 10, 12, 13);19;13
(2, 8, 11, 12, 13);24;18
(2, 9, 10, 11, 13);42;13
(2, 9, 10, 12, 13);22;13
(2, 9, 11, 12, 13);22;13
(2, 10, 11, 12, 13);23;13
(3, 4, 5, 6, 13);9;13
(3, 4, 5, 7, 13);10;13
(3, 4, 5, 8, 13);27;13
(3, 4, 5, 9, 13);8;31
(3, 4, 5, 10, 13);23;13
(3, 4, 5, 11, 13);8;13
(3, 4, 5, 12, 13);8;13
(3, 4, 6, 7, 13);10;13
(3, 4, 6, 8, 13);21;13
(3, 4, 6, 9, 13);12;17
(3, 4, 6, 10, 13);16;13
(3, 4, 6, 11, 13);17;13
(3, 4, 6, 12, 13);9;13
(3, 4, 7, 8, 13);11;33
(3, 4, 7, 9, 13);22;20
(3, 4, 7, 10, 13);16;13
(3, 4, 7, 11, 13);8;37
(3, 4, 7, 12, 13);16;13
(3, 4, 8, 9, 13);17;13
(3, 4, 8, 10, 13);7;25
(3, 4, 8, 11, 13);37;50
(3, 4, 8, 12, 13);16;13
(3, 4, 9, 10, 13);64;22
(3, 4, 9, 11, 13);22;13
(3, 4, 9, 12, 13);39;36
(3, 4, 10, 11, 13);23;13
(3, 4, 10, 12, 13);23;13
(3, 4, 11, 12, 13);8;19
(3, 5, 6, 7, 13);10;13
(3, 5, 6, 8, 13);21;13
(3, 5, 6, 9, 13);4;18
(3, 5, 6, 10, 13);16;13
(3, 5, 6, 11, 13);17;13
(3, 5, 6, 12, 13);9;13
(3, 5, 7, 8, 13);21;13
(3, 5, 7, 9, 13);2;18
(3, 5, 7, 10, 13);16;13
(3, 5, 7, 11, 13);2;18
(3, 5, 7, 12, 13);38;13
(3, 5, 8, 9, 13);16;40
(3, 5, 8, 10, 13);16;13
(3, 5, 8, 11, 13);16;13
(3, 5, 8, 12, 13);27;30
(3, 5, 9, 10, 13);20;31
(3, 5, 9, 11, 13);2;18
(3, 5, 9, 12, 13);24;24
(3, 5, 10, 11, 13);23;13
(3, 5, 10, 12, 13);23;13
(3, 5, 11, 12, 13);8;13
(3, 6, 7, 8, 13);19;14
(3, 6, 7, 9, 13);42;13
(3, 6, 7, 10, 13);16;13
(3, 6, 7, 11, 13);18;13
(3, 6, 7, 12, 13);19;13
(3, 6, 8, 9, 13);27;15
(3, 6, 8, 10, 13);16;13
(3, 6, 8, 11, 13);16;13
(3, 6, 8, 12, 13);25;16
(3, 6, 9, 10, 13);16;13
(3, 6, 9, 11, 13);16;13
(3, 6, 9, 12, 13);16;13
(3, 6, 10, 11, 13);16;13
(3, 6, 10, 12, 13);16;13
(3, 6, 11, 12, 13);17;13
(3, 7, 8, 9, 13);16;13
(3, 7, 8, 10, 13);54;13
(3, 7, 8, 11, 13);16;29
(3, 7, 8, 12, 13);5;16
(3, 7, 9, 10, 13);54;13
(3, 7, 9, 11, 13);2;18
(3, 7, 9, 12, 13);21;15
(3, 7, 10, 11, 13);20;20
(3, 7, 10, 12, 13);37;15
(3, 7, 11, 12, 13);24;13
(3, 8, 9, 10, 13);23;29
(3, 8, 9, 11, 13);21;41
(3, 8, 9, 12, 13);21;13
(3, 8, 10, 11, 13);21;13
(3, 8, 10, 12, 13);21;21
(3, 8, 11, 12, 13);37;31
(3, 9, 10, 11, 13);22;13
(3, 9, 10, 12, 13);22;13
(3, 9, 11, 12, 13);22;13
(3, 10, 11, 12, 13);22;13
(4, 5, 6, 7, 13);20;13
(4, 5, 6, 8, 13);21;19
(4, 5, 6, 9, 13);17;13
(4, 5, 6, 10, 13);17;13
(4, 5, 6, 11, 13);17;13
(4, 5, 6, 12, 13);18;13
(4, 5, 7, 8, 13);3;24
(4, 5, 7, 9, 13);17;13
(4, 5, 7, 10, 13);17;13
(4, 5, 7, 11, 13);17;13
(4, 5, 7, 12, 13);17;17
(4, 5, 8, 9, 13);17;13
(4, 5, 8, 10, 13);17;13
(4, 5, 8, 11, 13);17;13
(4, 5, 8, 12, 13);17;13
(4, 5, 9, 10, 13);17;13
(4, 5, 9, 11, 13);17;13
(4, 5, 9, 12, 13);17;13
(4, 5, 10, 11, 13);23;24
(4, 5, 10, 12, 13);17;13
(4, 5, 11, 12, 13);8;25
(4, 6, 7, 8, 13);5;24
(4, 6, 7, 9, 13);17;13
(4, 6, 7, 10, 13);17;13
(4, 6, 7, 11, 13);17;13
(4, 6, 7, 12, 13);19;13
(4, 6, 8, 9, 13);17;13
(4, 6, 8, 10, 13);17;13
(4, 6, 8, 11, 13);17;13
(4, 6, 8, 12, 13);17;13
(4, 6, 9, 10, 13);17;13
(4, 6, 9, 11, 13);17;13
(4, 6, 9, 12, 13);17;13
(4, 6, 10, 11, 13);17;13
(4, 6, 10, 12, 13);17;13
(4, 6, 11, 12, 13);17;13
(4, 7, 8, 9, 13);17;13
(4, 7, 8, 10, 13);17;13
(4, 7, 8, 11, 13);17;13
(4, 7, 8, 12, 13);17;13
(4, 7, 9, 10, 13);17;13
(4, 7, 9, 11, 13);17;13
(4, 7, 9, 12, 13);17;13
(4, 7, 10, 11, 13);17;13
(4, 7, 10, 12, 13);17;13
(4, 7, 11, 12, 13);17;13
(4, 8, 9, 10, 13);17;13
(4, 8, 9, 11, 13);17;13
(4, 8, 9, 12, 13);17;13
(4, 8, 10, 11, 13);17;13
(4, 8, 10, 12, 13);17;13
(4, 8, 11, 12, 13);17;13
(4, 9, 10, 11, 13);20;22
(4, 9, 10, 12, 13);22;22
(4, 9, 11, 12, 13);40;20
(4, 10, 11, 12, 13);23;13
(5, 6, 7, 8, 13);18;13
(5, 6, 7, 9, 13);18;13
(5, 6, 7, 10, 13);18;13
(5, 6, 7, 11, 13);18;13
(5, 6, 7, 12, 13);18;13
(5, 6, 8, 9, 13);18;13
(5, 6, 8, 10, 13);18;13
(5, 6, 8, 11, 13);18;13
(5, 6, 8, 12, 13);18;13
(5, 6, 9, 10, 13);18;13
(5, 6, 9, 11, 13);18;13
(5, 6, 9, 12, 13);18;13
(5, 6, 10, 11, 13);18;13
(5, 6, 10, 12, 13);18;13
(5, 6, 11, 12, 13);18;13
(5, 7, 8, 9, 13);18;13
(5, 7, 8, 10, 13);18;13
(5, 7, 8, 11, 13);18;13
(5, 7, 8, 12, 13);18;13
(5, 7, 9, 10, 13);18;13
(5, 7, 9, 11, 13);18;13
(5, 7, 9, 12, 13);18;13
(5, 7, 10, 11, 13);18;13
(5, 7, 10, 12, 13);18;13
(5, 7, 11, 12, 13);18;13
(5, 8, 9, 10, 13);18;13
(5, 8, 9, 11, 13);18;13
(5, 8, 9, 12, 13);18;13
(5, 8, 10, 11, 13);18;13
(5, 8, 10, 12, 13);18;13
(5, 8, 11, 12, 13);18;13
(5, 9, 10, 11, 13);18;13
(5, 9, 10, 12, 13);18;13
(5, 9, 11, 12, 13);18;13
(5, 10, 11, 12, 13);18;13
(6, 7, 8, 9, 13);19;13
(6, 7, 8, 10, 13);19;13
(6, 7, 8, 11, 13);19;13
(6, 7, 8, 12, 13);19;13
(6, 7, 9, 10, 13);19;13
(6, 7, 9, 11, 13);19;13
(6, 7, 9, 12, 13);19;13
(6, 7, 10, 11, 13);19;13
(6, 7, 10, 12, 13);19;13
(6, 7, 11, 12, 13);19;13
(6, 8, 9, 10, 13);19;13
(6, 8, 9, 11, 13);19;13
(6, 8, 9, 12, 13);19;13
(6, 8, 10, 11, 13);19;13
(6, 8, 10, 12, 13);19;13
(6, 8, 11, 12, 13);19;13
(6, 9, 10, 11, 13);19;13
(6, 9, 10, 12, 13);19;13
(6, 9, 11, 12, 13);19;13
(6, 10, 11, 12, 13);19;13
(7, 8, 9, 10, 13);20;13
(7, 8, 9, 11, 13);20;13
(7, 8, 9, 12, 13);20;13
(7, 8, 10, 11, 13);20;13
(7, 8, 10, 12, 13);20;13
(7, 8, 11, 12, 13);20;13
(7, 9, 10, 11, 13);20;13
(7, 9, 10, 12, 13);20;13
(7, 9, 11, 12, 13);20;13
(7, 10, 11, 12, 13);20;13
(8, 9, 10, 11, 13);21;13
(8, 9, 10, 12, 13);21;13
(8, 9, 11, 12, 13);21;13
(8, 10, 11, 12, 13);21;13
(9, 10, 11, 12, 13);22;13
