S;p;l
(1, 2, 3, 4, 11);5;11
(1, 2, 3, 5, 11);4;11
(1, 2, 3, 6, 11);4;11
(1, 2, 3, 7, 11);4;11
(1, 2, 3, 8, 11);9;11
(1, 2, 3, 9, 11);4;11
(1, 2, 3, 10, 11);4;11
(1, 2, 4, 5, 11);3;11
(1, 2, 4, 6, 11);13;11
(1, 2, 4, 7, 11);3;11
(1, 2, 4, 8, 11);3;11
(1, 2, 4, 9, 11);13;11
(1, 2, 4, 10, 11);3;11
(1, 2, 5, 6, 11);17;11
(1, 2, 5, 7, 11);3;11
(1, 2, 5, 8, 11);3;11
(1, 2, 5, 9, 11);10;11
(1, 2, 5, 10, 11);3;11
(1, 2, 6, 7, 11);4;11
(1, 2, 6, 8, 11);17;11
(1, 2, 6, 9, 11);20;11
(1, 2, 6, 10, 11);12;11
(1, 2, 7, 8, 11);3;11
(1, 2, 7, 9, 11);16;11
(1, 2, 7, 10, 11);3;11
(1, 2, 8, 9, 11);10;11
(1, 2, 8, 10, 11);3;11
(1, 2, 9, 10, 11);18;11
(1, 3, 4, 5, 11);8;11
(1, 3, 4, 6, 11);7;11
(1, 3, 4, 7, 11);8;11
(1, 3, 4, 8, 11);7;11
(1, 3, 4, 9, 11);12;11
(1, 3, 4, 10, 11);7;11
(1, 3, 5, 6, 11);12;11
(1, 3, 5, 7, 11);2;11
(1, 3, 5, 8, 11);16;11
(1, 3, 5, 9, 11);2;11
(1, 3, 5, 10, 11);20;11
(1, 3, 6, 7, 11);12;11
(1, 3, 6, 8, 11);14;11
(1, 3, 6, 9, 11);12;11
(1, 3, 6, 10, 11);7;22
(1, 3, 7, 8, 11);16;11
(1, 3, 7, 9, 11);2;11
(1, 3, 7, 10, 11);20;11
(1, 3, 8, 9, 11);16;11
(1, 3, 8, 10, 11);18;11
(1, 3, 9, 10, 11);20;11
(1, 4, 5, 6, 11);19;12
(1, 4, 5, 7, 11);8;11
(1, 4, 5, 8, 11);3;18
(1, 4, 5, 9, 11);8;11
(1, 4, 5, 10, 11);14;11
(1, 4, 6, 7, 11);18;11
(1, 4, 6, 8, 11);12;11
(1, 4, 6, 9, 11);5;11
(1, 4, 6, 10, 11);7;14
(1, 4, 7, 8, 11);29;25
(1, 4, 7, 9, 11);18;11
(1, 4, 7, 10, 11);34;11
(1, 4, 8, 9, 11);17;11
(1, 4, 8, 10, 11);7;14
(1, 4, 9, 10, 11);19;11
(1, 5, 6, 7, 11);12;11
(1, 5, 6, 8, 11);14;11
(1, 5, 6, 9, 11);12;11
(1, 5, 6, 10, 11);16;11
(1, 5, 7, 8, 11);16;11
(1, 5, 7, 9, 11);2;11
(1, 5, 7, 10, 11);20;11
(1, 5, 8, 9, 11);16;11
(1, 5, 8, 10, 11);18;11
(1, 5, 9, 10, 11);20;11
(1, 6, 7, 8, 11);14;11
(1, 6, 7, 9, 11);12;11
(1, 6, 7, 10, 11);16;11
(1, 6, 8, 9, 11);17;11
(1, 6, 8, 10, 11);21;11
(1, 6, 9, 10, 11);19;11
(1, 7, 8, 9, 11);16;11
(1, 7, 8, 10, 11);18;11
(1, 7, 9, 10, 11);20;11
(1, 8, 9, 10, 11);18;11
(2, 3, 4, 5, 11);7;11
(2, 3, 4, 6, 11);8;11
(2, 3, 4, 7, 11);14;11
(2, 3, 4, 8, 11);19;11
(2, 3, 4, 9, 11);13;11
(2, 3, 4, 10, 11);13;11
(2, 3, 5, 6, 11);8;11
(2, 3, 5, 7, 11);9;11
(2, 3, 5, 8, 11);13;11
(2, 3, 5, 9, 11);7;11
(2, 3, 5, 10, 11);7;11
(2, 3, 6, 7, 11);9;11
(2, 3, 6, 8, 11);14;11
(2, 3, 6, 9, 11);5;34
(2, 3, 6, 10, 11);13;11
(2, 3, 7, 8, 11);19;11
(2, 3, 7, 9, 11);18;11
(2, 3, 7, 10, 11);13;29
(2, 3, 8, 9, 11);18;16
(2, 3, 8, 10, 11);18;41
(2, 3, 9, 10, 11);13;15
(2, 4, 5, 6, 11);8;11
(2, 4, 5, 7, 11);9;11
(2, 4, 5, 8, 11);3;11
(2, 4, 5, 9, 11);7;11
(2, 4, 5, 10, 11);7;11
(2, 4, 6, 7, 11);9;11
(2, 4, 6, 8, 11);10;12
(2, 4, 6, 9, 11);13;12
(2, 4, 6, 10, 11);8;11
(2, 4, 7, 8, 11);15;11
(2, 4, 7, 9, 11);32;11
(2, 4, 7, 10, 11);14;11
(2, 4, 8, 9, 11);19;11
(2, 4, 8, 10, 11);19;11
(2, 4, 9, 10, 11);13;11
(2, 5, 6, 7, 11);13;11
(2, 5, 6, 8, 11);13;11
(2, 5, 6, 9, 11);36;16
(2, 5, 6, 10, 11);16;11
(2, 5, 7, 8, 11);13;12
(2, 5, 7, 9, 11);30;11
(2, 5, 7, 10, 11);4;29
(2, 5, 8, 9, 11);20;11
(2, 5, 8, 10, 11);32;11
(2, 5, 9, 10, 11);20;11
(2, 6, 7, 8, 11);13;11
(2, 6, 7, 9, 11);17;11
(2, 6, 7, 10, 11);17;11
(2, 6, 8, 9, 11);17;11
(2, 6, 8, 10, 11);17;11
(2, 6, 9, 10, 11);20;11
(2, 7, 8, 9, 11);17;11
(2, 7, 8, 10, 11);17;11
(2, 7, 9, 10, 11);17;11
(2, 8, 9, 10, 11);17;11
(3, 4, 5, 6, 11);17;11
(3, 4, 5, 7, 11);8;16
(3, 4, 5, 8, 11);14;11
(3, 4, 5, 9, 11);14;11
(3, 4, 5, 10, 11);15;11
(3, 4, 6, 7, 11);5;18
(3, 4, 6, 8, 11);14;11
(3, 4, 6, 9, 11);14;11
(3, 4, 6, 10, 11);7;14
(3, 4, 7, 8, 11);14;11
(3, 4, 7, 9, 11);14;11
(3, 4, 7, 10, 11);14;11
(3, 4, 8, 9, 11);19;16
(3, 4, 8, 10, 11);7;13
(3, 4, 9, 10, 11);20;11
(3, 5, 6, 7, 11);4;16
(3, 5, 6, 8, 11);14;11
(3, 5, 6, 9, 11);14;11
(3, 5, 6, 10, 11);16;11
(3, 5, 7, 8, 11);14;11
(3, 5, 7, 9, 11);14;11
(3, 5, 7, 10, 11);14;11
(3, 5, 8, 9, 11);14;11
(3, 5, 8, 10, 11);14;11
(3, 5, 9, 10, 11);14;11
(3, 6, 7, 8, 11);14;11
(3, 6, 7, 9, 11);14;11
(3, 6, 7, 10, 11);14;11
(3, 6, 8, 9, 11);14;11
(3, 6, 8, 10, 11);14;11
(3, 6, 9, 10, 11);14;11
(3, 7, 8, 9, 11);16;34
(3, 7, 8, 10, 11);33;18
(3, 7, 9, 10, 11);32;12
(3, 8, 9, 10, 11);19;11
(4, 5, 6, 7, 11);15;11
(4, 5, 6, 8, 11);15;11
(4, 5, 6, 9, 11);15;11
(4, 5, 6, 10, 11);15;11
(4, 5, 7, 8, 11);15;11
(4, 5, 7, 9, 11);15;11
(4, 5, 7, 10, 11);15;11
(4, 5, 8, 9, 11);15;11
(4, 5, 8, 10, 11);15;11
(4, 5, 9, 10, 11);15;11
(4, 6, 7, 8, 11);15;11
(4, 6, 7, 9, 11);15;11
(4, 6, 7, 10, 11);15;11
(4, 6, 8, 9, 11);15;11
(4, 6, 8, 10, 11);15;11
(4, 6, 9, 10, 11);15;11
(4, 7, 8, 9, 11);15;11
(4, 7, 8, 10, 11);15;11
(4, 7, 9, 10, 11);15;11
(4, 8, 9, 10, 11);15;11
(5, 6, 7, 8, 11);16;11
(5, 6, 7, 9, 11);16;11
(5, 6, 7, 10, 11);16;11
(5, 6, 8, 9, 11);16;11
(5, 6, 8, 10, 11);16;11
(5, 6, 9, 10, 11);16;11
(5, 7, 8, 9, 11);16;11
(5, 7, 8, 10, 11);16;11
(5, 7, 9, 10, 11);16;11
(5, 8, 9, 10, 11);16;11
(6, 7, 8, 9, 11);17;11
(6, 7, 8, 10, 11);17;11
(6, 7, 9, 10, 11);17;11
(6, 8, 9, 10, 11);17;11
(7, 8, 9, 10, 11);18;11
