S;p;l
(1, 2, 3, 4, 15);16;15
(1, 2, 3, 5, 15);4;15
(1, 2, 3, 6, 15);4;15
(1, 2, 3, 7, 15);4;15
(1, 2, 3, 8, 15);9;15
(1, 2, 3, 9, 15);4;15
(1, 2, 3, 10, 15);4;15
(1, 2, 3, 11, 15);4;15
(1, 2, 3, 12, 15);13;15
(1, 2, 3, 13, 15);4;15
(1, 2, 3, 14, 15);4;15
(1, 2, 4, 5, 15);19;15
(1, 2, 4, 6, 15);8;15
(1, 2, 4, 7, 15);17;15
(1, 2, 4, 8, 15);19;15
(1, 2, 4, 9, 15);11;15
(1, 2, 4, 10, 15);17;15
(1, 2, 4, 11, 15);19;15
(1, 2, 4, 12, 15);14;15
(1, 2, 4, 13, 15);17;15
(1, 2, 4, 14, 15);19;15
(1, 2, 5, 6, 15);7;15
(1, 2, 5, 7, 15);20;15
(1, 2, 5, 8, 15);16;15
(1, 2, 5, 9, 15);10;15
(1, 2, 5, 10, 15);20;15
(1, 2, 5, 11, 15);16;15
(1, 2, 5, 12, 15);13;15
(1, 2, 5, 13, 15);20;15
(1, 2, 5, 14, 15);16;15
(1, 2, 6, 7, 15);8;15
(1, 2, 6, 8, 15);7;15
(1, 2, 6, 9, 15);7;15
(1, 2, 6, 10, 15);16;15
(1, 2, 6, 11, 15);17;15
(1, 2, 6, 12, 15);7;15
(1, 2, 6, 13, 15);7;15
(1, 2, 6, 14, 15);16;23
(1, 2, 7, 8, 15);22;15
(1, 2, 7, 9, 15);11;15
(1, 2, 7, 10, 15);17;15
(1, 2, 7, 11, 15);22;15
(1, 2, 7, 12, 15);14;15
(1, 2, 7, 13, 15);17;15
(1, 2, 7, 14, 15);22;15
(1, 2, 8, 9, 15);10;15
(1, 2, 8, 10, 15);23;15
(1, 2, 8, 11, 15);16;15
(1, 2, 8, 12, 15);13;15
(1, 2, 8, 13, 15);23;15
(1, 2, 8, 14, 15);16;15
(1, 2, 9, 10, 15);11;15
(1, 2, 9, 11, 15);10;15
(1, 2, 9, 12, 15);10;15
(1, 2, 9, 13, 15);14;15
(1, 2, 9, 14, 15);23;15
(1, 2, 10, 11, 15);25;15
(1, 2, 10, 12, 15);14;15
(1, 2, 10, 13, 15);17;15
(1, 2, 10, 14, 15);25;15
(1, 2, 11, 12, 15);13;15
(1, 2, 11, 13, 15);26;15
(1, 2, 11, 14, 15);16;15
(1, 2, 12, 13, 15);14;15
(1, 2, 12, 14, 15);13;15
(1, 2, 13, 14, 15);28;15
(1, 3, 4, 5, 15);8;15
(1, 3, 4, 6, 15);7;15
(1, 3, 4, 7, 15);8;15
(1, 3, 4, 8, 15);7;15
(1, 3, 4, 9, 15);12;15
(1, 3, 4, 10, 15);7;15
(1, 3, 4, 11, 15);7;15
(1, 3, 4, 12, 15);16;15
(1, 3, 4, 13, 15);7;15
(1, 3, 4, 14, 15);18;15
(1, 3, 5, 6, 15);20;15
(1, 3, 5, 7, 15);2;15
(1, 3, 5, 8, 15);20;15
(1, 3, 5, 9, 15);2;15
(1, 3, 5, 10, 15);20;15
(1, 3, 5, 11, 15);2;15
(1, 3, 5, 12, 15);24;15
(1, 3, 5, 13, 15);2;15
(1, 3, 5, 14, 15);28;15
(1, 3, 6, 7, 15);12;15
(1, 3, 6, 8, 15);9;15
(1, 3, 6, 9, 15);12;15
(1, 3, 6, 10, 15);9;15
(1, 3, 6, 11, 15);14;15
(1, 3, 6, 12, 15);9;15
(1, 3, 6, 13, 15);16;15
(1, 3, 6, 14, 15);29;15
(1, 3, 7, 8, 15);16;15
(1, 3, 7, 9, 15);2;15
(1, 3, 7, 10, 15);20;15
(1, 3, 7, 11, 15);2;15
(1, 3, 7, 12, 15);24;15
(1, 3, 7, 13, 15);2;15
(1, 3, 7, 14, 15);28;15
(1, 3, 8, 9, 15);16;15
(1, 3, 8, 10, 15);18;15
(1, 3, 8, 11, 15);16;15
(1, 3, 8, 12, 15);9;17
(1, 3, 8, 13, 15);16;15
(1, 3, 8, 14, 15);29;15
(1, 3, 9, 10, 15);20;15
(1, 3, 9, 11, 15);2;15
(1, 3, 9, 12, 15);24;15
(1, 3, 9, 13, 15);2;15
(1, 3, 9, 14, 15);28;15
(1, 3, 10, 11, 15);20;15
(1, 3, 10, 12, 15);48;47
(1, 3, 10, 13, 15);20;15
(1, 3, 10, 14, 15);24;23
(1, 3, 11, 12, 15);24;15
(1, 3, 11, 13, 15);2;15
(1, 3, 11, 14, 15);28;15
(1, 3, 12, 13, 15);24;15
(1, 3, 12, 14, 15);26;15
(1, 3, 13, 14, 15);28;15
(1, 4, 5, 6, 15);9;15
(1, 4, 5, 7, 15);8;15
(1, 4, 5, 8, 15);9;15
(1, 4, 5, 9, 15);8;15
(1, 4, 5, 10, 15);20;15
(1, 4, 5, 11, 15);8;15
(1, 4, 5, 12, 15);8;15
(1, 4, 5, 13, 15);8;15
(1, 4, 5, 14, 15);18;15
(1, 4, 6, 7, 15);21;15
(1, 4, 6, 8, 15);19;15
(1, 4, 6, 9, 15);21;31
(1, 4, 6, 10, 15);14;15
(1, 4, 6, 11, 15);19;19
(1, 4, 6, 12, 15);21;15
(1, 4, 6, 13, 15);19;15
(1, 4, 6, 14, 15);51;20
(1, 4, 7, 8, 15);25;15
(1, 4, 7, 9, 15);8;15
(1, 4, 7, 10, 15);11;15
(1, 4, 7, 11, 15);8;47
(1, 4, 7, 12, 15);8;15
(1, 4, 7, 13, 15);14;15
(1, 4, 7, 14, 15);29;15
(1, 4, 8, 9, 15);23;15
(1, 4, 8, 10, 15);14;15
(1, 4, 8, 11, 15);19;15
(1, 4, 8, 12, 15);16;15
(1, 4, 8, 13, 15);19;15
(1, 4, 8, 14, 15);23;15
(1, 4, 9, 10, 15);19;36
(1, 4, 9, 11, 15);24;15
(1, 4, 9, 12, 15);8;17
(1, 4, 9, 13, 15);24;15
(1, 4, 9, 14, 15);46;15
(1, 4, 10, 11, 15);7;15
(1, 4, 10, 12, 15);11;27
(1, 4, 10, 13, 15);14;15
(1, 4, 10, 14, 15);24;15
(1, 4, 11, 12, 15);26;15
(1, 4, 11, 13, 15);19;19
(1, 4, 11, 14, 15);28;25
(1, 4, 12, 13, 15);16;46
(1, 4, 12, 14, 15);29;15
(1, 4, 13, 14, 15);28;15
(1, 5, 6, 7, 15);12;15
(1, 5, 6, 8, 15);20;15
(1, 5, 6, 9, 15);12;15
(1, 5, 6, 10, 15);20;15
(1, 5, 6, 11, 15);12;15
(1, 5, 6, 12, 15);20;15
(1, 5, 6, 13, 15);7;15
(1, 5, 6, 14, 15);20;15
(1, 5, 7, 8, 15);16;15
(1, 5, 7, 9, 15);2;15
(1, 5, 7, 10, 15);20;15
(1, 5, 7, 11, 15);2;15
(1, 5, 7, 12, 15);24;15
(1, 5, 7, 13, 15);2;15
(1, 5, 7, 14, 15);28;15
(1, 5, 8, 9, 15);16;15
(1, 5, 8, 10, 15);20;15
(1, 5, 8, 11, 15);16;15
(1, 5, 8, 12, 15);20;15
(1, 5, 8, 13, 15);16;15
(1, 5, 8, 14, 15);20;52
(1, 5, 9, 10, 15);20;15
(1, 5, 9, 11, 15);2;15
(1, 5, 9, 12, 15);24;15
(1, 5, 9, 13, 15);2;15
(1, 5, 9, 14, 15);28;15
(1, 5, 10, 11, 15);20;15
(1, 5, 10, 12, 15);22;15
(1, 5, 10, 13, 15);20;15
(1, 5, 10, 14, 15);24;15
(1, 5, 11, 12, 15);24;15
(1, 5, 11, 13, 15);2;15
(1, 5, 11, 14, 15);28;15
(1, 5, 12, 13, 15);24;15
(1, 5, 12, 14, 15);26;15
(1, 5, 13, 14, 15);28;15
(1, 6, 7, 8, 15);41;32
(1, 6, 7, 9, 15);12;15
(1, 6, 7, 10, 15);16;28
(1, 6, 7, 11, 15);12;15
(1, 6, 7, 12, 15);21;38
(1, 6, 7, 13, 15);12;15
(1, 6, 7, 14, 15);20;15
(1, 6, 8, 9, 15);7;21
(1, 6, 8, 10, 15);16;15
(1, 6, 8, 11, 15);26;15
(1, 6, 8, 12, 15);9;18
(1, 6, 8, 13, 15);7;15
(1, 6, 8, 14, 15);29;20
(1, 6, 9, 10, 15);55;49
(1, 6, 9, 11, 15);24;22
(1, 6, 9, 12, 15);21;17
(1, 6, 9, 13, 15);24;15
(1, 6, 9, 14, 15);69;15
(1, 6, 10, 11, 15);21;15
(1, 6, 10, 12, 15);9;18
(1, 6, 10, 13, 15);23;15
(1, 6, 10, 14, 15);29;20
(1, 6, 11, 12, 15);23;15
(1, 6, 11, 13, 15);26;15
(1, 6, 11, 14, 15);53;22
(1, 6, 12, 13, 15);25;15
(1, 6, 12, 14, 15);29;20
(1, 6, 13, 14, 15);27;15
(1, 7, 8, 9, 15);16;15
(1, 7, 8, 10, 15);18;15
(1, 7, 8, 11, 15);16;15
(1, 7, 8, 12, 15);20;15
(1, 7, 8, 13, 15);16;15
(1, 7, 8, 14, 15);22;15
(1, 7, 9, 10, 15);20;15
(1, 7, 9, 11, 15);2;15
(1, 7, 9, 12, 15);24;15
(1, 7, 9, 13, 15);2;15
(1, 7, 9, 14, 15);28;15
(1, 7, 10, 11, 15);20;15
(1, 7, 10, 12, 15);22;15
(1, 7, 10, 13, 15);20;15
(1, 7, 10, 14, 15);24;15
(1, 7, 11, 12, 15);24;15
(1, 7, 11, 13, 15);2;15
(1, 7, 11, 14, 15);28;15
(1, 7, 12, 13, 15);24;15
(1, 7, 12, 14, 15);26;15
(1, 7, 13, 14, 15);28;15
(1, 8, 9, 10, 15);18;15
(1, 8, 9, 11, 15);16;15
(1, 8, 9, 12, 15);20;15
(1, 8, 9, 13, 15);16;15
(1, 8, 9, 14, 15);22;15
(1, 8, 10, 11, 15);25;17
(1, 8, 10, 12, 15);27;15
(1, 8, 10, 13, 15);23;15
(1, 8, 10, 14, 15);29;15
(1, 8, 11, 12, 15);45;65
(1, 8, 11, 13, 15);26;23
(1, 8, 11, 14, 15);25;15
(1, 8, 12, 13, 15);25;15
(1, 8, 12, 14, 15);29;15
(1, 8, 13, 14, 15);27;15
(1, 9, 10, 11, 15);20;15
(1, 9, 10, 12, 15);22;15
(1, 9, 10, 13, 15);20;15
(1, 9, 10, 14, 15);24;15
(1, 9, 11, 12, 15);24;15
(1, 9, 11, 13, 15);2;15
(1, 9, 11, 14, 15);28;15
(1, 9, 12, 13, 15);24;15
(1, 9, 12, 14, 15);26;15
(1, 9, 13, 14, 15);28;15
(1, 10, 11, 12, 15);22;15
(1, 10, 11, 13, 15);20;15
(1, 10, 11, 14, 15);24;15
(1, 10, 12, 13, 15);25;15
(1, 10, 12, 14, 15);29;15
(1, 10, 13, 14, 15);27;15
(1, 11, 12, 13, 15);24;15
(1, 11, 12, 14, 15);26;15
(1, 11, 13, 14, 15);28;15
(1, 12, 13, 14, 15);26;15
(2, 3, 4, 5, 15);20;15
(2, 3, 4, 6, 15);17;15
(2, 3, 4, 7, 15);11;15
(2, 3, 4, 8, 15);6;15
(2, 3, 4, 9, 15);6;15
(2, 3, 4, 10, 15);6;15
(2, 3, 4, 11, 15);13;15
(2, 3, 4, 12, 15);27;24
(2, 3, 4, 13, 15);17;15
(2, 3, 4, 14, 15);6;15
(2, 3, 5, 6, 15);17;15
(2, 3, 5, 7, 15);9;15
(2, 3, 5, 8, 15);17;28
(2, 3, 5, 9, 15);24;38
(2, 3, 5, 10, 15);20;15
(2, 3, 5, 11, 15);20;15
(2, 3, 5, 12, 15);24;20
(2, 3, 5, 13, 15);17;15
(2, 3, 5, 14, 15);17;15
(2, 3, 6, 7, 15);9;15
(2, 3, 6, 8, 15);23;15
(2, 3, 6, 9, 15);12;15
(2, 3, 6, 10, 15);13;15
(2, 3, 6, 11, 15);9;15
(2, 3, 6, 12, 15);9;15
(2, 3, 6, 13, 15);28;30
(2, 3, 6, 14, 15);17;15
(2, 3, 7, 8, 15);22;15
(2, 3, 7, 9, 15);22;15
(2, 3, 7, 10, 15);13;31
(2, 3, 7, 11, 15);18;15
(2, 3, 7, 12, 15);9;33
(2, 3, 7, 13, 15);22;19
(2, 3, 7, 14, 15);22;15
(2, 3, 8, 9, 15);17;15
(2, 3, 8, 10, 15);6;15
(2, 3, 8, 11, 15);23;15
(2, 3, 8, 12, 15);23;33
(2, 3, 8, 13, 15);28;19
(2, 3, 8, 14, 15);17;19
(2, 3, 9, 10, 15);12;15
(2, 3, 9, 11, 15);48;15
(2, 3, 9, 12, 15);24;15
(2, 3, 9, 13, 15);28;15
(2, 3, 9, 14, 15);17;15
(2, 3, 10, 11, 15);13;15
(2, 3, 10, 12, 15);22;34
(2, 3, 10, 13, 15);23;15
(2, 3, 10, 14, 15);12;15
(2, 3, 11, 12, 15);9;18
(2, 3, 11, 13, 15);26;15
(2, 3, 11, 14, 15);17;61
(2, 3, 12, 13, 15);27;15
(2, 3, 12, 14, 15);27;15
(2, 3, 13, 14, 15);28;19
(2, 4, 5, 6, 15);17;15
(2, 4, 5, 7, 15);9;15
(2, 4, 5, 8, 15);19;15
(2, 4, 5, 9, 15);20;15
(2, 4, 5, 10, 15);20;15
(2, 4, 5, 11, 15);26;15
(2, 4, 5, 12, 15);17;15
(2, 4, 5, 13, 15);17;15
(2, 4, 5, 14, 15);17;15
(2, 4, 6, 7, 15);9;15
(2, 4, 6, 8, 15);10;15
(2, 4, 6, 9, 15);29;15
(2, 4, 6, 10, 15);8;19
(2, 4, 6, 11, 15);17;15
(2, 4, 6, 12, 15);17;15
(2, 4, 6, 13, 15);17;15
(2, 4, 6, 14, 15);17;15
(2, 4, 7, 8, 15);11;15
(2, 4, 7, 9, 15);11;15
(2, 4, 7, 10, 15);17;15
(2, 4, 7, 11, 15);22;18
(2, 4, 7, 12, 15);14;15
(2, 4, 7, 13, 15);17;15
(2, 4, 7, 14, 15);28;15
(2, 4, 8, 9, 15);6;15
(2, 4, 8, 10, 15);6;15
(2, 4, 8, 11, 15);19;15
(2, 4, 8, 12, 15);16;19
(2, 4, 8, 13, 15);17;15
(2, 4, 8, 14, 15);6;15
(2, 4, 9, 10, 15);6;15
(2, 4, 9, 11, 15);13;15
(2, 4, 9, 12, 15);11;16
(2, 4, 9, 13, 15);17;15
(2, 4, 9, 14, 15);6;15
(2, 4, 10, 11, 15);13;15
(2, 4, 10, 12, 15);14;30
(2, 4, 10, 13, 15);23;15
(2, 4, 10, 14, 15);6;15
(2, 4, 11, 12, 15);35;35
(2, 4, 11, 13, 15);23;15
(2, 4, 11, 14, 15);25;15
(2, 4, 12, 13, 15);17;50
(2, 4, 12, 14, 15);16;57
(2, 4, 13, 14, 15);17;15
(2, 5, 6, 7, 15);21;15
(2, 5, 6, 8, 15);7;16
(2, 5, 6, 9, 15);21;50
(2, 5, 6, 10, 15);20;15
(2, 5, 6, 11, 15);17;15
(2, 5, 6, 12, 15);21;15
(2, 5, 6, 13, 15);28;15
(2, 5, 6, 14, 15);20;15
(2, 5, 7, 8, 15);23;15
(2, 5, 7, 9, 15);4;24
(2, 5, 7, 10, 15);12;39
(2, 5, 7, 11, 15);22;15
(2, 5, 7, 12, 15);37;45
(2, 5, 7, 13, 15);38;15
(2, 5, 7, 14, 15);30;15
(2, 5, 8, 9, 15);17;15
(2, 5, 8, 10, 15);13;63
(2, 5, 8, 11, 15);13;15
(2, 5, 8, 12, 15);10;15
(2, 5, 8, 13, 15);47;33
(2, 5, 8, 14, 15);29;29
(2, 5, 9, 10, 15);20;15
(2, 5, 9, 11, 15);20;15
(2, 5, 9, 12, 15);24;15
(2, 5, 9, 13, 15);28;15
(2, 5, 9, 14, 15);47;21
(2, 5, 10, 11, 15);20;15
(2, 5, 10, 12, 15);65;16
(2, 5, 10, 13, 15);48;30
(2, 5, 10, 14, 15);20;53
(2, 5, 11, 12, 15);23;23
(2, 5, 11, 13, 15);24;15
(2, 5, 11, 14, 15);29;26
(2, 5, 12, 13, 15);28;15
(2, 5, 12, 14, 15);44;21
(2, 5, 13, 14, 15);27;15
(2, 6, 7, 8, 15);40;15
(2, 6, 7, 9, 15);17;15
(2, 6, 7, 10, 15);17;15
(2, 6, 7, 11, 15);13;15
(2, 6, 7, 12, 15);9;16
(2, 6, 7, 13, 15);46;15
(2, 6, 7, 14, 15);21;15
(2, 6, 8, 9, 15);17;15
(2, 6, 8, 10, 15);17;15
(2, 6, 8, 11, 15);30;15
(2, 6, 8, 12, 15);7;20
(2, 6, 8, 13, 15);21;15
(2, 6, 8, 14, 15);54;59
(2, 6, 9, 10, 15);24;15
(2, 6, 9, 11, 15);38;15
(2, 6, 9, 12, 15);21;15
(2, 6, 9, 13, 15);50;15
(2, 6, 9, 14, 15);24;15
(2, 6, 10, 11, 15);21;15
(2, 6, 10, 12, 15);46;15
(2, 6, 10, 13, 15);54;15
(2, 6, 10, 14, 15);29;15
(2, 6, 11, 12, 15);17;32
(2, 6, 11, 13, 15);25;15
(2, 6, 11, 14, 15);25;15
(2, 6, 12, 13, 15);25;15
(2, 6, 12, 14, 15);25;15
(2, 6, 13, 14, 15);28;15
(2, 7, 8, 9, 15);17;15
(2, 7, 8, 10, 15);17;15
(2, 7, 8, 11, 15);23;15
(2, 7, 8, 12, 15);23;21
(2, 7, 8, 13, 15);69;15
(2, 7, 8, 14, 15);22;26
(2, 7, 9, 10, 15);17;15
(2, 7, 9, 11, 15);17;15
(2, 7, 9, 12, 15);11;45
(2, 7, 9, 13, 15);21;15
(2, 7, 9, 14, 15);16;53
(2, 7, 10, 11, 15);17;15
(2, 7, 10, 12, 15);22;15
(2, 7, 10, 13, 15);46;15
(2, 7, 10, 14, 15);21;15
(2, 7, 11, 12, 15);27;15
(2, 7, 11, 13, 15);26;15
(2, 7, 11, 14, 15);21;24
(2, 7, 12, 13, 15);26;24
(2, 7, 12, 14, 15);26;15
(2, 7, 13, 14, 15);47;15
(2, 8, 9, 10, 15);17;15
(2, 8, 9, 11, 15);17;15
(2, 8, 9, 12, 15);17;18
(2, 8, 9, 13, 15);7;53
(2, 8, 9, 14, 15);17;27
(2, 8, 10, 11, 15);17;15
(2, 8, 10, 12, 15);38;15
(2, 8, 10, 13, 15);21;15
(2, 8, 10, 14, 15);41;55
(2, 8, 11, 12, 15);23;15
(2, 8, 11, 13, 15);26;24
(2, 8, 11, 14, 15);22;41
(2, 8, 12, 13, 15);27;15
(2, 8, 12, 14, 15);27;15
(2, 8, 13, 14, 15);27;15
(2, 9, 10, 11, 15);21;15
(2, 9, 10, 12, 15);21;15
(2, 9, 10, 13, 15);28;28
(2, 9, 10, 14, 15);24;15
(2, 9, 11, 12, 15);21;15
(2, 9, 11, 13, 15);46;15
(2, 9, 11, 14, 15);65;33
(2, 9, 12, 13, 15);28;15
(2, 9, 12, 14, 15);48;15
(2, 9, 13, 14, 15);28;15
(2, 10, 11, 12, 15);21;15
(2, 10, 11, 13, 15);25;15
(2, 10, 11, 14, 15);25;15
(2, 10, 12, 13, 15);25;15
(2, 10, 12, 14, 15);25;15
(2, 10, 13, 14, 15);28;15
(2, 11, 12, 13, 15);25;15
(2, 11, 12, 14, 15);25;15
(2, 11, 13, 14, 15);25;15
(2, 12, 13, 14, 15);25;15
(3, 4, 5, 6, 15);9;15
(3, 4, 5, 7, 15);10;15
(3, 4, 5, 8, 15);11;15
(3, 4, 5, 9, 15);20;15
(3, 4, 5, 10, 15);20;15
(3, 4, 5, 11, 15);26;15
(3, 4, 5, 12, 15);9;21
(3, 4, 5, 13, 15);18;15
(3, 4, 5, 14, 15);18;15
(3, 4, 6, 7, 15);10;15
(3, 4, 6, 8, 15);11;15
(3, 4, 6, 9, 15);12;15
(3, 4, 6, 10, 15);21;15
(3, 4, 6, 11, 15);26;15
(3, 4, 6, 12, 15);9;15
(3, 4, 6, 13, 15);9;15
(3, 4, 6, 14, 15);9;15
(3, 4, 7, 8, 15);11;15
(3, 4, 7, 9, 15);12;15
(3, 4, 7, 10, 15);25;22
(3, 4, 7, 11, 15);18;15
(3, 4, 7, 12, 15);19;15
(3, 4, 7, 13, 15);10;15
(3, 4, 7, 14, 15);10;15
(3, 4, 8, 9, 15);12;15
(3, 4, 8, 10, 15);18;15
(3, 4, 8, 11, 15);19;15
(3, 4, 8, 12, 15);16;36
(3, 4, 8, 13, 15);17;27
(3, 4, 8, 14, 15);18;15
(3, 4, 9, 10, 15);19;15
(3, 4, 9, 11, 15);26;15
(3, 4, 9, 12, 15);24;15
(3, 4, 9, 13, 15);60;15
(3, 4, 9, 14, 15);18;15
(3, 4, 10, 11, 15);26;24
(3, 4, 10, 12, 15);25;15
(3, 4, 10, 13, 15);25;15
(3, 4, 10, 14, 15);6;47
(3, 4, 11, 12, 15);25;22
(3, 4, 11, 13, 15);25;22
(3, 4, 11, 14, 15);25;57
(3, 4, 12, 13, 15);16;57
(3, 4, 12, 14, 15);9;21
(3, 4, 13, 14, 15);18;21
(3, 5, 6, 7, 15);10;15
(3, 5, 6, 8, 15);11;15
(3, 5, 6, 9, 15);12;15
(3, 5, 6, 10, 15);20;15
(3, 5, 6, 11, 15);26;15
(3, 5, 6, 12, 15);9;15
(3, 5, 6, 13, 15);9;15
(3, 5, 6, 14, 15);9;15
(3, 5, 7, 8, 15);11;15
(3, 5, 7, 9, 15);12;15
(3, 5, 7, 10, 15);4;25
(3, 5, 7, 11, 15);2;20
(3, 5, 7, 12, 15);19;15
(3, 5, 7, 13, 15);10;15
(3, 5, 7, 14, 15);10;15
(3, 5, 8, 9, 15);12;15
(3, 5, 8, 10, 15);13;22
(3, 5, 8, 11, 15);16;32
(3, 5, 8, 12, 15);20;20
(3, 5, 8, 13, 15);38;48
(3, 5, 8, 14, 15);11;15
(3, 5, 9, 10, 15);20;15
(3, 5, 9, 11, 15);2;20
(3, 5, 9, 12, 15);24;16
(3, 5, 9, 13, 15);18;15
(3, 5, 9, 14, 15);48;15
(3, 5, 10, 11, 15);20;59
(3, 5, 10, 12, 15);110;146
(3, 5, 10, 13, 15);70;69
(3, 5, 10, 14, 15);19;40
(3, 5, 11, 12, 15);26;15
(3, 5, 11, 13, 15);26;15
(3, 5, 11, 14, 15);26;15
(3, 5, 12, 13, 15);9;21
(3, 5, 12, 14, 15);9;21
(3, 5, 13, 14, 15);18;15
(3, 6, 7, 8, 15);11;15
(3, 6, 7, 9, 15);12;15
(3, 6, 7, 10, 15);13;16
(3, 6, 7, 11, 15);9;16
(3, 6, 7, 12, 15);19;15
(3, 6, 7, 13, 15);10;15
(3, 6, 7, 14, 15);10;15
(3, 6, 8, 9, 15);12;15
(3, 6, 8, 10, 15);9;30
(3, 6, 8, 11, 15);23;17
(3, 6, 8, 12, 15);9;20
(3, 6, 8, 13, 15);21;15
(3, 6, 8, 14, 15);11;15
(3, 6, 9, 10, 15);12;16
(3, 6, 9, 11, 15);12;34
(3, 6, 9, 12, 15);18;15
(3, 6, 9, 13, 15);12;36
(3, 6, 9, 14, 15);12;18
(3, 6, 10, 11, 15);13;17
(3, 6, 10, 12, 15);9;20
(3, 6, 10, 13, 15);16;23
(3, 6, 10, 14, 15);29;18
(3, 6, 11, 12, 15);9;21
(3, 6, 11, 13, 15);26;15
(3, 6, 11, 14, 15);26;15
(3, 6, 12, 13, 15);9;15
(3, 6, 12, 14, 15);9;15
(3, 6, 13, 14, 15);9;15
(3, 7, 8, 9, 15);22;15
(3, 7, 8, 10, 15);18;15
(3, 7, 8, 11, 15);18;15
(3, 7, 8, 12, 15);60;131
(3, 7, 8, 13, 15);22;49
(3, 7, 8, 14, 15);22;15
(3, 7, 9, 10, 15);48;15
(3, 7, 9, 11, 15);18;15
(3, 7, 9, 12, 15);24;18
(3, 7, 9, 13, 15);2;20
(3, 7, 9, 14, 15);22;15
(3, 7, 10, 11, 15);18;17
(3, 7, 10, 12, 15);22;32
(3, 7, 10, 13, 15);20;38
(3, 7, 10, 14, 15);17;50
(3, 7, 11, 12, 15);9;19
(3, 7, 11, 13, 15);2;20
(3, 7, 11, 14, 15);62;15
(3, 7, 12, 13, 15);28;15
(3, 7, 12, 14, 15);19;40
(3, 7, 13, 14, 15);28;15
(3, 8, 9, 10, 15);18;15
(3, 8, 9, 11, 15);60;15
(3, 8, 9, 12, 15);24;15
(3, 8, 9, 13, 15);28;15
(3, 8, 9, 14, 15);23;15
(3, 8, 10, 11, 15);18;34
(3, 8, 10, 12, 15);9;68
(3, 8, 10, 13, 15);23;15
(3, 8, 10, 14, 15);6;30
(3, 8, 11, 12, 15);66;15
(3, 8, 11, 13, 15);23;46
(3, 8, 11, 14, 15);64;15
(3, 8, 12, 13, 15);25;69
(3, 8, 12, 14, 15);51;24
(3, 8, 13, 14, 15);28;15
(3, 9, 10, 11, 15);26;15
(3, 9, 10, 12, 15);24;15
(3, 9, 10, 13, 15);24;15
(3, 9, 10, 14, 15);24;15
(3, 9, 11, 12, 15);24;15
(3, 9, 11, 13, 15);24;15
(3, 9, 11, 14, 15);24;15
(3, 9, 12, 13, 15);24;15
(3, 9, 12, 14, 15);24;15
(3, 9, 13, 14, 15);28;15
(3, 10, 11, 12, 15);24;15
(3, 10, 11, 13, 15);24;15
(3, 10, 11, 14, 15);24;15
(3, 10, 12, 13, 15);24;15
(3, 10, 12, 14, 15);24;15
(3, 10, 13, 14, 15);24;15
(3, 11, 12, 13, 15);24;15
(3, 11, 12, 14, 15);24;15
(3, 11, 13, 14, 15);24;15
(3, 12, 13, 14, 15);24;15
(4, 5, 6, 7, 15);11;15
(4, 5, 6, 8, 15);23;15
(4, 5, 6, 9, 15);31;40
(4, 5, 6, 10, 15);9;124
(4, 5, 6, 11, 15);39;28
(4, 5, 6, 12, 15);9;17
(4, 5, 6, 13, 15);19;15
(4, 5, 6, 14, 15);10;15
(4, 5, 7, 8, 15);23;15
(4, 5, 7, 9, 15);24;15
(4, 5, 7, 10, 15);20;40
(4, 5, 7, 11, 15);19;15
(4, 5, 7, 12, 15);19;15
(4, 5, 7, 13, 15);20;15
(4, 5, 7, 14, 15);21;15
(4, 5, 8, 9, 15);13;24
(4, 5, 8, 10, 15);9;38
(4, 5, 8, 11, 15);19;15
(4, 5, 8, 12, 15);19;15
(4, 5, 8, 13, 15);28;19
(4, 5, 8, 14, 15);19;19
(4, 5, 9, 10, 15);20;40
(4, 5, 9, 11, 15);19;15
(4, 5, 9, 12, 15);19;15
(4, 5, 9, 13, 15);19;15
(4, 5, 9, 14, 15);67;95
(4, 5, 10, 11, 15);88;40
(4, 5, 10, 12, 15);17;164
(4, 5, 10, 13, 15);60;31
(4, 5, 10, 14, 15);85;19
(4, 5, 11, 12, 15);26;21
(4, 5, 11, 13, 15);26;15
(4, 5, 11, 14, 15);19;17
(4, 5, 12, 13, 15);27;15
(4, 5, 12, 14, 15);27;15
(4, 5, 13, 14, 15);28;15
(4, 6, 7, 8, 15);23;15
(4, 6, 7, 9, 15);24;15
(4, 6, 7, 10, 15);8;37
(4, 6, 7, 11, 15);19;15
(4, 6, 7, 12, 15);19;15
(4, 6, 7, 13, 15);20;15
(4, 6, 7, 14, 15);21;15
(4, 6, 8, 9, 15);24;15
(4, 6, 8, 10, 15);7;21
(4, 6, 8, 11, 15);19;15
(4, 6, 8, 12, 15);19;15
(4, 6, 8, 13, 15);19;35
(4, 6, 8, 14, 15);22;15
(4, 6, 9, 10, 15);70;25
(4, 6, 9, 11, 15);19;15
(4, 6, 9, 12, 15);19;15
(4, 6, 9, 13, 15);19;15
(4, 6, 9, 14, 15);41;58
(4, 6, 10, 11, 15);19;15
(4, 6, 10, 12, 15);19;15
(4, 6, 10, 13, 15);19;15
(4, 6, 10, 14, 15);19;15
(4, 6, 11, 12, 15);26;31
(4, 6, 11, 13, 15);19;39
(4, 6, 11, 14, 15);29;15
(4, 6, 12, 13, 15);9;17
(4, 6, 12, 14, 15);9;17
(4, 6, 13, 14, 15);19;15
(4, 7, 8, 9, 15);11;21
(4, 7, 8, 10, 15);17;22
(4, 7, 8, 11, 15);19;15
(4, 7, 8, 12, 15);19;15
(4, 7, 8, 13, 15);21;15
(4, 7, 8, 14, 15);22;15
(4, 7, 9, 10, 15);19;22
(4, 7, 9, 11, 15);19;15
(4, 7, 9, 12, 15);19;15
(4, 7, 9, 13, 15);19;15
(4, 7, 9, 14, 15);29;35
(4, 7, 10, 11, 15);19;15
(4, 7, 10, 12, 15);19;15
(4, 7, 10, 13, 15);19;15
(4, 7, 10, 14, 15);19;15
(4, 7, 11, 12, 15);19;15
(4, 7, 11, 13, 15);19;15
(4, 7, 11, 14, 15);19;15
(4, 7, 12, 13, 15);19;15
(4, 7, 12, 14, 15);19;15
(4, 7, 13, 14, 15);20;15
(4, 8, 9, 10, 15);6;36
(4, 8, 9, 11, 15);19;15
(4, 8, 9, 12, 15);19;15
(4, 8, 9, 13, 15);19;15
(4, 8, 9, 14, 15);6;23
(4, 8, 10, 11, 15);19;15
(4, 8, 10, 12, 15);19;15
(4, 8, 10, 13, 15);19;15
(4, 8, 10, 14, 15);19;15
(4, 8, 11, 12, 15);19;15
(4, 8, 11, 13, 15);19;15
(4, 8, 11, 14, 15);19;15
(4, 8, 12, 13, 15);19;15
(4, 8, 12, 14, 15);19;15
(4, 8, 13, 14, 15);40;15
(4, 9, 10, 11, 15);26;20
(4, 9, 10, 12, 15);19;33
(4, 9, 10, 13, 15);82;19
(4, 9, 10, 14, 15);6;38
(4, 9, 11, 12, 15);24;45
(4, 9, 11, 13, 15);46;24
(4, 9, 11, 14, 15);25;15
(4, 9, 12, 13, 15);22;41
(4, 9, 12, 14, 15);29;23
(4, 9, 13, 14, 15);18;65
(4, 10, 11, 12, 15);65;58
(4, 10, 11, 13, 15);25;15
(4, 10, 11, 14, 15);71;50
(4, 10, 12, 13, 15);25;15
(4, 10, 12, 14, 15);25;15
(4, 10, 13, 14, 15);44;15
(4, 11, 12, 13, 15);26;38
(4, 11, 12, 14, 15);26;15
(4, 11, 13, 14, 15);26;15
(4, 12, 13, 14, 15);27;15
(5, 6, 7, 8, 15);23;15
(5, 6, 7, 9, 15);24;45
(5, 6, 7, 10, 15);20;15
(5, 6, 7, 11, 15);20;15
(5, 6, 7, 12, 15);20;15
(5, 6, 7, 13, 15);20;15
(5, 6, 7, 14, 15);21;15
(5, 6, 8, 9, 15);7;61
(5, 6, 8, 10, 15);20;15
(5, 6, 8, 11, 15);20;15
(5, 6, 8, 12, 15);20;15
(5, 6, 8, 13, 15);20;15
(5, 6, 8, 14, 15);20;15
(5, 6, 9, 10, 15);20;15
(5, 6, 9, 11, 15);20;15
(5, 6, 9, 12, 15);20;15
(5, 6, 9, 13, 15);20;15
(5, 6, 9, 14, 15);20;15
(5, 6, 10, 11, 15);20;15
(5, 6, 10, 12, 15);20;15
(5, 6, 10, 13, 15);20;15
(5, 6, 10, 14, 15);20;15
(5, 6, 11, 12, 15);20;15
(5, 6, 11, 13, 15);20;15
(5, 6, 11, 14, 15);20;15
(5, 6, 12, 13, 15);9;29
(5, 6, 12, 14, 15);20;15
(5, 6, 13, 14, 15);19;30
(5, 7, 8, 9, 15);16;61
(5, 7, 8, 10, 15);20;15
(5, 7, 8, 11, 15);20;15
(5, 7, 8, 12, 15);20;15
(5, 7, 8, 13, 15);20;15
(5, 7, 8, 14, 15);22;15
(5, 7, 9, 10, 15);20;15
(5, 7, 9, 11, 15);20;15
(5, 7, 9, 12, 15);20;15
(5, 7, 9, 13, 15);20;15
(5, 7, 9, 14, 15);20;15
(5, 7, 10, 11, 15);20;15
(5, 7, 10, 12, 15);20;15
(5, 7, 10, 13, 15);20;15
(5, 7, 10, 14, 15);20;15
(5, 7, 11, 12, 15);20;15
(5, 7, 11, 13, 15);20;15
(5, 7, 11, 14, 15);20;15
(5, 7, 12, 13, 15);20;15
(5, 7, 12, 14, 15);20;15
(5, 7, 13, 14, 15);20;15
(5, 8, 9, 10, 15);20;15
(5, 8, 9, 11, 15);20;15
(5, 8, 9, 12, 15);20;15
(5, 8, 9, 13, 15);20;15
(5, 8, 9, 14, 15);20;15
(5, 8, 10, 11, 15);20;15
(5, 8, 10, 12, 15);20;15
(5, 8, 10, 13, 15);20;15
(5, 8, 10, 14, 15);20;15
(5, 8, 11, 12, 15);20;15
(5, 8, 11, 13, 15);20;15
(5, 8, 11, 14, 15);20;15
(5, 8, 12, 13, 15);20;15
(5, 8, 12, 14, 15);20;15
(5, 8, 13, 14, 15);20;15
(5, 9, 10, 11, 15);20;15
(5, 9, 10, 12, 15);20;15
(5, 9, 10, 13, 15);20;15
(5, 9, 10, 14, 15);20;15
(5, 9, 11, 12, 15);20;15
(5, 9, 11, 13, 15);20;15
(5, 9, 11, 14, 15);20;15
(5, 9, 12, 13, 15);20;15
(5, 9, 12, 14, 15);20;15
(5, 9, 13, 14, 15);20;15
(5, 10, 11, 12, 15);20;15
(5, 10, 11, 13, 15);20;15
(5, 10, 11, 14, 15);20;15
(5, 10, 12, 13, 15);20;15
(5, 10, 12, 14, 15);20;15
(5, 10, 13, 14, 15);20;15
(5, 11, 12, 13, 15);24;44
(5, 11, 12, 14, 15);26;23
(5, 11, 13, 14, 15);28;25
(5, 12, 13, 14, 15);27;15
(6, 7, 8, 9, 15);21;15
(6, 7, 8, 10, 15);21;15
(6, 7, 8, 11, 15);21;15
(6, 7, 8, 12, 15);21;15
(6, 7, 8, 13, 15);21;15
(6, 7, 8, 14, 15);21;15
(6, 7, 9, 10, 15);21;15
(6, 7, 9, 11, 15);21;15
(6, 7, 9, 12, 15);21;15
(6, 7, 9, 13, 15);21;15
(6, 7, 9, 14, 15);21;15
(6, 7, 10, 11, 15);21;15
(6, 7, 10, 12, 15);21;15
(6, 7, 10, 13, 15);21;15
(6, 7, 10, 14, 15);21;15
(6, 7, 11, 12, 15);21;15
(6, 7, 11, 13, 15);21;15
(6, 7, 11, 14, 15);21;15
(6, 7, 12, 13, 15);21;15
(6, 7, 12, 14, 15);21;15
(6, 7, 13, 14, 15);21;15
(6, 8, 9, 10, 15);21;15
(6, 8, 9, 11, 15);21;15
(6, 8, 9, 12, 15);21;15
(6, 8, 9, 13, 15);21;15
(6, 8, 9, 14, 15);21;15
(6, 8, 10, 11, 15);21;15
(6, 8, 10, 12, 15);21;15
(6, 8, 10, 13, 15);21;15
(6, 8, 10, 14, 15);21;15
(6, 8, 11, 12, 15);21;15
(6, 8, 11, 13, 15);21;15
(6, 8, 11, 14, 15);21;15
(6, 8, 12, 13, 15);21;15
(6, 8, 12, 14, 15);21;15
(6, 8, 13, 14, 15);21;15
(6, 9, 10, 11, 15);21;15
(6, 9, 10, 12, 15);21;15
(6, 9, 10, 13, 15);21;15
(6, 9, 10, 14, 15);21;15
(6, 9, 11, 12, 15);21;15
(6, 9, 11, 13, 15);21;15
(6, 9, 11, 14, 15);21;15
(6, 9, 12, 13, 15);21;15
(6, 9, 12, 14, 15);21;15
(6, 9, 13, 14, 15);21;15
(6, 10, 11, 12, 15);21;15
(6, 10, 11, 13, 15);21;15
(6, 10, 11, 14, 15);21;15
(6, 10, 12, 13, 15);21;15
(6, 10, 12, 14, 15);21;15
(6, 10, 13, 14, 15);21;15
(6, 11, 12, 13, 15);21;15
(6, 11, 12, 14, 15);21;15
(6, 11, 13, 14, 15);21;15
(6, 12, 13, 14, 15);21;15
(7, 8, 9, 10, 15);22;15
(7, 8, 9, 11, 15);22;15
(7, 8, 9, 12, 15);22;15
(7, 8, 9, 13, 15);22;15
(7, 8, 9, 14, 15);22;15
(7, 8, 10, 11, 15);22;15
(7, 8, 10, 12, 15);22;15
(7, 8, 10, 13, 15);22;15
(7, 8, 10, 14, 15);22;15
(7, 8, 11, 12, 15);22;15
(7, 8, 11, 13, 15);22;15
(7, 8, 11, 14, 15);22;15
(7, 8, 12, 13, 15);22;15
(7, 8, 12, 14, 15);22;15
(7, 8, 13, 14, 15);22;15
(7, 9, 10, 11, 15);22;15
(7, 9, 10, 12, 15);22;15
(7, 9, 10, 13, 15);22;15
(7, 9, 10, 14, 15);22;15
(7, 9, 11, 12, 15);22;15
(7, 9, 11, 13, 15);22;15
(7, 9, 11, 14, 15);22;15
(7, 9, 12, 13, 15);22;15
(7, 9, 12, 14, 15);22;15
(7, 9, 13, 14, 15);22;15
(7, 10, 11, 12, 15);22;15
(7, 10, 11, 13, 15);22;15
(7, 10, 11, 14, 15);22;15
(7, 10, 12, 13, 15);22;15
(7, 10, 12, 14, 15);22;15
(7, 10, 13, 14, 15);22;15
(7, 11, 12, 13, 15);22;15
(7, 11, 12, 14, 15);22;15
(7, 11, 13, 14, 15);22;15
(7, 12, 13, 14, 15);22;15
(8, 9, 10, 11, 15);23;15
(8, 9, 10, 12, 15);23;15
(8, 9, 10, 13, 15);23;15
(8, 9, 10, 14, 15);23;15
(8, 9, 11, 12, 15);23;15
(8, 9, 11, 13, 15);23;15
(8, 9, 11, 14, 15);23;15
(8, 9, 12, 13, 15);23;15
(8, 9, 12, 14, 15);23;15
(8, 9, 13, 14, 15);23;15
(8, 10, 11, 12, 15);23;15
(8, 10, 11, 13, 15);23;15
(8, 10, 11, 14, 15);23;15
(8, 10, 12, 13, 15);23;15
(8, 10, 12, 14, 15);23;15
(8, 10, 13, 14, 15);23;15
(8, 11, 12, 13, 15);23;15
(8, 11, 12, 14, 15);23;15
(8, 11, 13, 14, 15);23;15
(8, 12, 13, 14, 15);23;15
(9, 10, 11, 12, 15);24;15
(9, 10, 11, 13, 15);24;15
(9, 10, 11, 14, 15);24;15
(9, 10, 12, 13, 15);24;15
(9, 10, 12, 14, 15);24;15
(9, 10, 13, 14, 15);24;15
(9, 11, 12, 13, 15);24;15
(9, 11, 12, 14, 15);24;15
(9, 11, 13, 14, 15);24;15
(9, 12, 13, 14, 15);24;15
(10, 11, 12, 13, 15);25;15
(10, 11, 12, 14, 15);25;15
(10, 11, 13, 14, 15);25;15
(10, 12, 13, 14, 15);25;15
(11, 12, 13, 14, 15);26;15
