S;p;l
(1, 2, 3, 4, 9);5;9
(1, 2, 3, 5, 9);4;9
(1, 2, 3, 6, 9);4;9
(1, 2, 3, 7, 9);4;9
(1, 2, 3, 8, 9);10;9
(1, 2, 4, 5, 9);13;9
(1, 2, 4, 6, 9);8;9
(1, 2, 4, 7, 9);11;9
(1, 2, 4, 8, 9);13;9
(1, 2, 5, 6, 9);7;9
(1, 2, 5, 7, 9);14;9
(1, 2, 5, 8, 9);10;9
(1, 2, 6, 7, 9);8;9
(1, 2, 6, 8, 9);7;9
(1, 2, 7, 8, 9);16;9
(1, 3, 4, 5, 9);8;9
(1, 3, 4, 6, 9);12;9
(1, 3, 4, 7, 9);8;9
(1, 3, 4, 8, 9);12;9
(1, 3, 5, 6, 9);12;9
(1, 3, 5, 7, 9);2;9
(1, 3, 5, 8, 9);16;9
(1, 3, 6, 7, 9);12;9
(1, 3, 6, 8, 9);14;9
(1, 3, 7, 8, 9);16;9
(1, 4, 5, 6, 9);10;9
(1, 4, 5, 7, 9);8;9
(1, 4, 5, 8, 9);12;9
(1, 4, 6, 7, 9);13;9
(1, 4, 6, 8, 9);17;9
(1, 4, 7, 8, 9);15;9
(1, 5, 6, 7, 9);12;9
(1, 5, 6, 8, 9);14;9
(1, 5, 7, 8, 9);16;9
(1, 6, 7, 8, 9);14;9
(2, 3, 4, 5, 9);7;9
(2, 3, 4, 6, 9);5;12
(2, 3, 4, 7, 9);11;9
(2, 3, 4, 8, 9);6;9
(2, 3, 5, 6, 9);4;14
(2, 3, 5, 7, 9);11;9
(2, 3, 5, 8, 9);17;24
(2, 3, 6, 7, 9);28;12
(2, 3, 6, 8, 9);27;27
(2, 3, 7, 8, 9);16;9
(2, 4, 5, 6, 9);18;9
(2, 4, 5, 7, 9);11;9
(2, 4, 5, 8, 9);13;9
(2, 4, 6, 7, 9);11;9
(2, 4, 6, 8, 9);11;9
(2, 4, 7, 8, 9);11;9
(2, 5, 6, 7, 9);26;9
(2, 5, 6, 8, 9);14;9
(2, 5, 7, 8, 9);14;9
(2, 6, 7, 8, 9);15;9
(3, 4, 5, 6, 9);12;9
(3, 4, 5, 7, 9);12;9
(3, 4, 5, 8, 9);12;9
(3, 4, 6, 7, 9);12;9
(3, 4, 6, 8, 9);12;9
(3, 4, 7, 8, 9);12;9
(3, 5, 6, 7, 9);12;9
(3, 5, 6, 8, 9);12;9
(3, 5, 7, 8, 9);12;9
(3, 6, 7, 8, 9);12;9
(4, 5, 6, 7, 9);13;9
(4, 5, 6, 8, 9);13;9
(4, 5, 7, 8, 9);13;9
(4, 6, 7, 8, 9);13;9
(5, 6, 7, 8, 9);14;9
