S;p;l
(1, 2, 3, 4, 8);5;8
(1, 2, 3, 5, 8);10;8
(1, 2, 3, 6, 8);9;8
(1, 2, 3, 7, 8);9;8
(1, 2, 4, 5, 8);3;8
(1, 2, 4, 6, 8);10;8
(1, 2, 4, 7, 8);3;8
(1, 2, 5, 6, 8);7;8
(1, 2, 5, 7, 8);3;8
(1, 2, 6, 7, 8);12;8
(1, 3, 4, 5, 8);9;8
(1, 3, 4, 6, 8);7;8
(1, 3, 4, 7, 8);11;8
(1, 3, 5, 6, 8);11;8
(1, 3, 5, 7, 8);15;8
(1, 3, 6, 7, 8);13;8
(1, 4, 5, 6, 8);9;8
(1, 4, 5, 7, 8);11;8
(1, 4, 6, 7, 8);14;8
(1, 5, 6, 7, 8);13;8
(2, 3, 4, 5, 8);13;8
(2, 3, 4, 6, 8);10;8
(2, 3, 4, 7, 8);11;8
(2, 3, 5, 6, 8);10;8
(2, 3, 5, 7, 8);10;8
(2, 3, 6, 7, 8);14;8
(2, 4, 5, 6, 8);10;8
(2, 4, 5, 7, 8);10;8
(2, 4, 6, 7, 8);10;8
(2, 5, 6, 7, 8);13;8
(3, 4, 5, 6, 8);11;8
(3, 4, 5, 7, 8);11;8
(3, 4, 6, 7, 8);11;8
(3, 5, 6, 7, 8);11;8
(4, 5, 6, 7, 8);12;8
