S;p;l
(1, 2, 3, 4, 16);5;16
(1, 2, 3, 5, 16);18;16
(1, 2, 3, 6, 16);17;16
(1, 2, 3, 7, 16);17;16
(1, 2, 3, 8, 16);9;16
(1, 2, 3, 9, 16);18;16
(1, 2, 3, 10, 16);17;16
(1, 2, 3, 11, 16);17;16
(1, 2, 3, 12, 16);13;16
(1, 2, 3, 13, 16);18;16
(1, 2, 3, 14, 16);17;16
(1, 2, 3, 15, 16);17;16
(1, 2, 4, 5, 16);3;16
(1, 2, 4, 6, 16);18;16
(1, 2, 4, 7, 16);3;16
(1, 2, 4, 8, 16);3;16
(1, 2, 4, 9, 16);18;16
(1, 2, 4, 10, 16);3;16
(1, 2, 4, 11, 16);3;16
(1, 2, 4, 12, 16);14;16
(1, 2, 4, 13, 16);3;16
(1, 2, 4, 14, 16);3;16
(1, 2, 4, 15, 16);17;16
(1, 2, 5, 6, 16);7;16
(1, 2, 5, 7, 16);3;16
(1, 2, 5, 8, 16);3;16
(1, 2, 5, 9, 16);17;16
(1, 2, 5, 10, 16);3;16
(1, 2, 5, 11, 16);3;16
(1, 2, 5, 12, 16);17;16
(1, 2, 5, 13, 16);3;16
(1, 2, 5, 14, 16);3;16
(1, 2, 5, 15, 16);20;16
(1, 2, 6, 7, 16);20;16
(1, 2, 6, 8, 16);7;16
(1, 2, 6, 9, 16);7;16
(1, 2, 6, 10, 16);11;16
(1, 2, 6, 11, 16);17;16
(1, 2, 6, 12, 16);7;16
(1, 2, 6, 13, 16);7;16
(1, 2, 6, 14, 16);15;16
(1, 2, 6, 15, 16);7;16
(1, 2, 7, 8, 16);3;16
(1, 2, 7, 9, 16);25;16
(1, 2, 7, 10, 16);3;16
(1, 2, 7, 11, 16);3;16
(1, 2, 7, 12, 16);14;16
(1, 2, 7, 13, 16);3;16
(1, 2, 7, 14, 16);3;16
(1, 2, 7, 15, 16);17;16
(1, 2, 8, 9, 16);17;16
(1, 2, 8, 10, 16);3;16
(1, 2, 8, 11, 16);3;16
(1, 2, 8, 12, 16);17;19
(1, 2, 8, 13, 16);3;16
(1, 2, 8, 14, 16);3;16
(1, 2, 8, 15, 16);23;16
(1, 2, 9, 10, 16);25;16
(1, 2, 9, 11, 16);35;16
(1, 2, 9, 12, 16);17;16
(1, 2, 9, 13, 16);14;16
(1, 2, 9, 14, 16);43;16
(1, 2, 9, 15, 16);17;16
(1, 2, 10, 11, 16);3;16
(1, 2, 10, 12, 16);14;16
(1, 2, 10, 13, 16);3;16
(1, 2, 10, 14, 16);3;16
(1, 2, 10, 15, 16);17;16
(1, 2, 11, 12, 16);27;19
(1, 2, 11, 13, 16);3;16
(1, 2, 11, 14, 16);3;16
(1, 2, 11, 15, 16);26;16
(1, 2, 12, 13, 16);14;16
(1, 2, 12, 14, 16);28;16
(1, 2, 12, 15, 16);17;16
(1, 2, 13, 14, 16);3;16
(1, 2, 13, 15, 16);17;16
(1, 2, 14, 15, 16);29;16
(1, 3, 4, 5, 16);17;16
(1, 3, 4, 6, 16);19;16
(1, 3, 4, 7, 16);19;16
(1, 3, 4, 8, 16);19;16
(1, 3, 4, 9, 16);12;16
(1, 3, 4, 10, 16);20;16
(1, 3, 4, 11, 16);19;16
(1, 3, 4, 12, 16);15;16
(1, 3, 4, 13, 16);19;16
(1, 3, 4, 14, 16);15;16
(1, 3, 4, 15, 16);19;16
(1, 3, 5, 6, 16);11;16
(1, 3, 5, 7, 16);23;16
(1, 3, 5, 8, 16);13;16
(1, 3, 5, 9, 16);25;16
(1, 3, 5, 10, 16);15;16
(1, 3, 5, 11, 16);27;16
(1, 3, 5, 12, 16);17;16
(1, 3, 5, 13, 16);29;16
(1, 3, 5, 14, 16);19;16
(1, 3, 5, 15, 16);31;16
(1, 3, 6, 7, 16);22;16
(1, 3, 6, 8, 16);22;16
(1, 3, 6, 9, 16);12;35
(1, 3, 6, 10, 16);22;16
(1, 3, 6, 11, 16);19;16
(1, 3, 6, 12, 16);22;16
(1, 3, 6, 13, 16);19;16
(1, 3, 6, 14, 16);17;25
(1, 3, 6, 15, 16);51;16
(1, 3, 7, 8, 16);15;16
(1, 3, 7, 9, 16);25;16
(1, 3, 7, 10, 16);17;16
(1, 3, 7, 11, 16);27;16
(1, 3, 7, 12, 16);19;16
(1, 3, 7, 13, 16);29;16
(1, 3, 7, 14, 16);21;16
(1, 3, 7, 15, 16);31;16
(1, 3, 8, 9, 16);17;16
(1, 3, 8, 10, 16);24;16
(1, 3, 8, 11, 16);19;16
(1, 3, 8, 12, 16);24;16
(1, 3, 8, 13, 16);89;57
(1, 3, 8, 14, 16);24;16
(1, 3, 8, 15, 16);31;62
(1, 3, 9, 10, 16);19;16
(1, 3, 9, 11, 16);27;16
(1, 3, 9, 12, 16);21;16
(1, 3, 9, 13, 16);29;16
(1, 3, 9, 14, 16);23;16
(1, 3, 9, 15, 16);31;16
(1, 3, 10, 11, 16);21;16
(1, 3, 10, 12, 16);13;16
(1, 3, 10, 13, 16);23;16
(1, 3, 10, 14, 16);13;16
(1, 3, 10, 15, 16);25;31
(1, 3, 11, 12, 16);23;16
(1, 3, 11, 13, 16);29;16
(1, 3, 11, 14, 16);25;16
(1, 3, 11, 15, 16);31;16
(1, 3, 12, 13, 16);25;16
(1, 3, 12, 14, 16);15;16
(1, 3, 12, 15, 16);27;16
(1, 3, 13, 14, 16);27;16
(1, 3, 13, 15, 16);31;16
(1, 3, 14, 15, 16);29;16
(1, 4, 5, 6, 16);19;16
(1, 4, 5, 7, 16);19;16
(1, 4, 5, 8, 16);20;16
(1, 4, 5, 9, 16);20;16
(1, 4, 5, 10, 16);3;23
(1, 4, 5, 11, 16);3;38
(1, 4, 5, 12, 16);17;16
(1, 4, 5, 13, 16);17;16
(1, 4, 5, 14, 16);17;16
(1, 4, 5, 15, 16);19;16
(1, 4, 6, 7, 16);23;16
(1, 4, 6, 8, 16);12;16
(1, 4, 6, 9, 16);5;16
(1, 4, 6, 10, 16);34;31
(1, 4, 6, 11, 16);5;16
(1, 4, 6, 12, 16);28;16
(1, 4, 6, 13, 16);17;16
(1, 4, 6, 14, 16);5;16
(1, 4, 6, 15, 16);31;19
(1, 4, 7, 8, 16);3;26
(1, 4, 7, 9, 16);23;16
(1, 4, 7, 10, 16);17;18
(1, 4, 7, 11, 16);20;17
(1, 4, 7, 12, 16);49;38
(1, 4, 7, 13, 16);17;18
(1, 4, 7, 14, 16);23;16
(1, 4, 7, 15, 16);49;16
(1, 4, 8, 9, 16);17;16
(1, 4, 8, 10, 16);3;40
(1, 4, 8, 11, 16);12;16
(1, 4, 8, 12, 16);20;16
(1, 4, 8, 13, 16);12;16
(1, 4, 8, 14, 16);22;16
(1, 4, 8, 15, 16);31;16
(1, 4, 9, 10, 16);13;57
(1, 4, 9, 11, 16);5;16
(1, 4, 9, 12, 16);28;16
(1, 4, 9, 13, 16);22;16
(1, 4, 9, 14, 16);5;16
(1, 4, 9, 15, 16);24;24
(1, 4, 10, 11, 16);34;33
(1, 4, 10, 12, 16);13;46
(1, 4, 10, 13, 16);17;28
(1, 4, 10, 14, 16);46;20
(1, 4, 10, 15, 16);50;48
(1, 4, 11, 12, 16);28;16
(1, 4, 11, 13, 16);17;16
(1, 4, 11, 14, 16);5;16
(1, 4, 11, 15, 16);31;19
(1, 4, 12, 13, 16);49;45
(1, 4, 12, 14, 16);28;16
(1, 4, 12, 15, 16);54;21
(1, 4, 13, 14, 16);27;16
(1, 4, 13, 15, 16);31;19
(1, 4, 14, 15, 16);29;16
(1, 5, 6, 7, 16);22;16
(1, 5, 6, 8, 16);11;16
(1, 5, 6, 9, 16);22;16
(1, 5, 6, 10, 16);11;16
(1, 5, 6, 11, 16);41;17
(1, 5, 6, 12, 16);11;16
(1, 5, 6, 13, 16);21;16
(1, 5, 6, 14, 16);11;16
(1, 5, 6, 15, 16);21;16
(1, 5, 7, 8, 16);15;16
(1, 5, 7, 9, 16);25;16
(1, 5, 7, 10, 16);17;16
(1, 5, 7, 11, 16);27;16
(1, 5, 7, 12, 16);19;16
(1, 5, 7, 13, 16);29;16
(1, 5, 7, 14, 16);21;16
(1, 5, 7, 15, 16);31;16
(1, 5, 8, 9, 16);17;16
(1, 5, 8, 10, 16);13;16
(1, 5, 8, 11, 16);19;16
(1, 5, 8, 12, 16);13;16
(1, 5, 8, 13, 16);21;16
(1, 5, 8, 14, 16);13;16
(1, 5, 8, 15, 16);31;32
(1, 5, 9, 10, 16);19;16
(1, 5, 9, 11, 16);27;16
(1, 5, 9, 12, 16);21;16
(1, 5, 9, 13, 16);29;16
(1, 5, 9, 14, 16);23;16
(1, 5, 9, 15, 16);31;16
(1, 5, 10, 11, 16);21;16
(1, 5, 10, 12, 16);15;16
(1, 5, 10, 13, 16);23;16
(1, 5, 10, 14, 16);15;16
(1, 5, 10, 15, 16);25;16
(1, 5, 11, 12, 16);23;16
(1, 5, 11, 13, 16);29;16
(1, 5, 11, 14, 16);25;16
(1, 5, 11, 15, 16);31;16
(1, 5, 12, 13, 16);25;16
(1, 5, 12, 14, 16);17;16
(1, 5, 12, 15, 16);27;16
(1, 5, 13, 14, 16);27;16
(1, 5, 13, 15, 16);31;16
(1, 5, 14, 15, 16);29;16
(1, 6, 7, 8, 16);13;16
(1, 6, 7, 9, 16);35;56
(1, 6, 7, 10, 16);13;16
(1, 6, 7, 11, 16);22;17
(1, 6, 7, 12, 16);13;16
(1, 6, 7, 13, 16);22;16
(1, 6, 7, 14, 16);23;44
(1, 6, 7, 15, 16);22;16
(1, 6, 8, 9, 16);17;16
(1, 6, 8, 10, 16);22;16
(1, 6, 8, 11, 16);24;16
(1, 6, 8, 12, 16);22;16
(1, 6, 8, 13, 16);24;18
(1, 6, 8, 14, 16);22;16
(1, 6, 8, 15, 16);31;16
(1, 6, 9, 10, 16);11;22
(1, 6, 9, 11, 16);5;16
(1, 6, 9, 12, 16);28;22
(1, 6, 9, 13, 16);22;16
(1, 6, 9, 14, 16);15;16
(1, 6, 9, 15, 16);24;43
(1, 6, 10, 11, 16);46;59
(1, 6, 10, 12, 16);22;16
(1, 6, 10, 13, 16);26;16
(1, 6, 10, 14, 16);22;16
(1, 6, 10, 15, 16);28;23
(1, 6, 11, 12, 16);61;16
(1, 6, 11, 13, 16);29;16
(1, 6, 11, 14, 16);5;16
(1, 6, 11, 15, 16);31;16
(1, 6, 12, 13, 16);26;23
(1, 6, 12, 14, 16);22;16
(1, 6, 12, 15, 16);28;16
(1, 6, 13, 14, 16);45;16
(1, 6, 13, 15, 16);31;16
(1, 6, 14, 15, 16);28;51
(1, 7, 8, 9, 16);17;16
(1, 7, 8, 10, 16);15;16
(1, 7, 8, 11, 16);19;16
(1, 7, 8, 12, 16);15;16
(1, 7, 8, 13, 16);21;16
(1, 7, 8, 14, 16);15;16
(1, 7, 8, 15, 16);23;16
(1, 7, 9, 10, 16);19;16
(1, 7, 9, 11, 16);27;16
(1, 7, 9, 12, 16);21;16
(1, 7, 9, 13, 16);29;16
(1, 7, 9, 14, 16);23;16
(1, 7, 9, 15, 16);31;16
(1, 7, 10, 11, 16);21;16
(1, 7, 10, 12, 16);17;16
(1, 7, 10, 13, 16);23;16
(1, 7, 10, 14, 16);17;16
(1, 7, 10, 15, 16);25;16
(1, 7, 11, 12, 16);23;16
(1, 7, 11, 13, 16);29;16
(1, 7, 11, 14, 16);25;16
(1, 7, 11, 15, 16);31;16
(1, 7, 12, 13, 16);25;16
(1, 7, 12, 14, 16);19;16
(1, 7, 12, 15, 16);27;16
(1, 7, 13, 14, 16);27;16
(1, 7, 13, 15, 16);31;16
(1, 7, 14, 15, 16);29;16
(1, 8, 9, 10, 16);17;16
(1, 8, 9, 11, 16);19;16
(1, 8, 9, 12, 16);17;16
(1, 8, 9, 13, 16);21;16
(1, 8, 9, 14, 16);17;16
(1, 8, 9, 15, 16);23;16
(1, 8, 10, 11, 16);26;26
(1, 8, 10, 12, 16);24;16
(1, 8, 10, 13, 16);26;16
(1, 8, 10, 14, 16);24;16
(1, 8, 10, 15, 16);30;25
(1, 8, 11, 12, 16);41;39
(1, 8, 11, 13, 16);24;26
(1, 8, 11, 14, 16);66;17
(1, 8, 11, 15, 16);26;16
(1, 8, 12, 13, 16);26;25
(1, 8, 12, 14, 16);24;16
(1, 8, 12, 15, 16);30;25
(1, 8, 13, 14, 16);47;16
(1, 8, 13, 15, 16);54;43
(1, 8, 14, 15, 16);30;16
(1, 9, 10, 11, 16);21;16
(1, 9, 10, 12, 16);19;16
(1, 9, 10, 13, 16);23;16
(1, 9, 10, 14, 16);19;16
(1, 9, 10, 15, 16);25;16
(1, 9, 11, 12, 16);23;16
(1, 9, 11, 13, 16);29;16
(1, 9, 11, 14, 16);25;16
(1, 9, 11, 15, 16);31;16
(1, 9, 12, 13, 16);25;16
(1, 9, 12, 14, 16);21;16
(1, 9, 12, 15, 16);27;16
(1, 9, 13, 14, 16);27;16
(1, 9, 13, 15, 16);31;16
(1, 9, 14, 15, 16);29;16
(1, 10, 11, 12, 16);21;16
(1, 10, 11, 13, 16);23;16
(1, 10, 11, 14, 16);21;16
(1, 10, 11, 15, 16);25;16
(1, 10, 12, 13, 16);28;16
(1, 10, 12, 14, 16);26;16
(1, 10, 12, 15, 16);30;27
(1, 10, 13, 14, 16);49;16
(1, 10, 13, 15, 16);28;16
(1, 10, 14, 15, 16);30;16
(1, 11, 12, 13, 16);25;16
(1, 11, 12, 14, 16);23;16
(1, 11, 12, 15, 16);27;16
(1, 11, 13, 14, 16);27;16
(1, 11, 13, 15, 16);31;16
(1, 11, 14, 15, 16);29;16
(1, 12, 13, 14, 16);25;16
(1, 12, 13, 15, 16);27;16
(1, 12, 14, 15, 16);30;16
(1, 13, 14, 15, 16);29;16
(2, 3, 4, 5, 16);7;16
(2, 3, 4, 6, 16);18;16
(2, 3, 4, 7, 16);20;16
(2, 3, 4, 8, 16);6;16
(2, 3, 4, 9, 16);6;16
(2, 3, 4, 10, 16);6;16
(2, 3, 4, 11, 16);13;16
(2, 3, 4, 12, 16);14;16
(2, 3, 4, 13, 16);29;16
(2, 3, 4, 14, 16);6;16
(2, 3, 4, 15, 16);6;16
(2, 3, 5, 6, 16);18;16
(2, 3, 5, 7, 16);9;16
(2, 3, 5, 8, 16);28;20
(2, 3, 5, 9, 16);7;16
(2, 3, 5, 10, 16);7;16
(2, 3, 5, 11, 16);7;16
(2, 3, 5, 12, 16);7;16
(2, 3, 5, 13, 16);33;46
(2, 3, 5, 14, 16);18;16
(2, 3, 5, 15, 16);18;16
(2, 3, 6, 7, 16);9;16
(2, 3, 6, 8, 16);14;16
(2, 3, 6, 9, 16);5;46
(2, 3, 6, 10, 16);13;16
(2, 3, 6, 11, 16);9;16
(2, 3, 6, 12, 16);9;16
(2, 3, 6, 13, 16);19;16
(2, 3, 6, 14, 16);30;29
(2, 3, 6, 15, 16);9;16
(2, 3, 7, 8, 16);24;16
(2, 3, 7, 9, 16);23;21
(2, 3, 7, 10, 16);13;23
(2, 3, 7, 11, 16);14;16
(2, 3, 7, 12, 16);19;16
(2, 3, 7, 13, 16);29;16
(2, 3, 7, 14, 16);101;21
(2, 3, 7, 15, 16);18;39
(2, 3, 8, 9, 16);6;20
(2, 3, 8, 10, 16);18;16
(2, 3, 8, 11, 16);19;16
(2, 3, 8, 12, 16);24;16
(2, 3, 8, 13, 16);29;16
(2, 3, 8, 14, 16);50;33
(2, 3, 8, 15, 16);23;56
(2, 3, 9, 10, 16);6;16
(2, 3, 9, 11, 16);18;18
(2, 3, 9, 12, 16);43;21
(2, 3, 9, 13, 16);29;16
(2, 3, 9, 14, 16);6;20
(2, 3, 9, 15, 16);18;16
(2, 3, 10, 11, 16);13;16
(2, 3, 10, 12, 16);33;16
(2, 3, 10, 13, 16);29;37
(2, 3, 10, 14, 16);6;36
(2, 3, 10, 15, 16);6;16
(2, 3, 11, 12, 16);14;16
(2, 3, 11, 13, 16);24;16
(2, 3, 11, 14, 16);5;140
(2, 3, 11, 15, 16);18;16
(2, 3, 12, 13, 16);29;16
(2, 3, 12, 14, 16);28;16
(2, 3, 12, 15, 16);9;28
(2, 3, 13, 14, 16);28;26
(2, 3, 13, 15, 16);28;61
(2, 3, 14, 15, 16);6;55
(2, 4, 5, 6, 16);18;16
(2, 4, 5, 7, 16);9;16
(2, 4, 5, 8, 16);30;16
(2, 4, 5, 9, 16);7;16
(2, 4, 5, 10, 16);7;16
(2, 4, 5, 11, 16);7;16
(2, 4, 5, 12, 16);7;16
(2, 4, 5, 13, 16);25;16
(2, 4, 5, 14, 16);18;16
(2, 4, 5, 15, 16);20;16
(2, 4, 6, 7, 16);9;16
(2, 4, 6, 8, 16);10;16
(2, 4, 6, 9, 16);18;16
(2, 4, 6, 10, 16);20;16
(2, 4, 6, 11, 16);18;20
(2, 4, 6, 12, 16);18;16
(2, 4, 6, 13, 16);18;16
(2, 4, 6, 14, 16);18;16
(2, 4, 6, 15, 16);18;16
(2, 4, 7, 8, 16);3;32
(2, 4, 7, 9, 16);23;16
(2, 4, 7, 10, 16);3;16
(2, 4, 7, 11, 16);23;16
(2, 4, 7, 12, 16);14;16
(2, 4, 7, 13, 16);3;16
(2, 4, 7, 14, 16);3;20
(2, 4, 7, 15, 16);17;20
(2, 4, 8, 9, 16);6;16
(2, 4, 8, 10, 16);6;16
(2, 4, 8, 11, 16);19;16
(2, 4, 8, 12, 16);20;16
(2, 4, 8, 13, 16);3;20
(2, 4, 8, 14, 16);6;16
(2, 4, 8, 15, 16);6;16
(2, 4, 9, 10, 16);6;16
(2, 4, 9, 11, 16);13;16
(2, 4, 9, 12, 16);7;18
(2, 4, 9, 13, 16);29;16
(2, 4, 9, 14, 16);6;16
(2, 4, 9, 15, 16);6;16
(2, 4, 10, 11, 16);13;16
(2, 4, 10, 12, 16);14;16
(2, 4, 10, 13, 16);3;16
(2, 4, 10, 14, 16);6;16
(2, 4, 10, 15, 16);6;16
(2, 4, 11, 12, 16);14;16
(2, 4, 11, 13, 16);3;23
(2, 4, 11, 14, 16);25;16
(2, 4, 11, 15, 16);13;16
(2, 4, 12, 13, 16);14;46
(2, 4, 12, 14, 16);24;16
(2, 4, 12, 15, 16);14;24
(2, 4, 13, 14, 16);3;26
(2, 4, 13, 15, 16);29;16
(2, 4, 14, 15, 16);6;16
(2, 5, 6, 7, 16);21;16
(2, 5, 6, 8, 16);14;16
(2, 5, 6, 9, 16);11;16
(2, 5, 6, 10, 16);26;16
(2, 5, 6, 11, 16);73;41
(2, 5, 6, 12, 16);18;16
(2, 5, 6, 13, 16);11;16
(2, 5, 6, 14, 16);30;16
(2, 5, 6, 15, 16);21;16
(2, 5, 7, 8, 16);23;16
(2, 5, 7, 9, 16);40;17
(2, 5, 7, 10, 16);3;38
(2, 5, 7, 11, 16);31;16
(2, 5, 7, 12, 16);37;32
(2, 5, 7, 13, 16);18;16
(2, 5, 7, 14, 16);40;17
(2, 5, 7, 15, 16);31;16
(2, 5, 8, 9, 16);24;16
(2, 5, 8, 10, 16);18;42
(2, 5, 8, 11, 16);27;16
(2, 5, 8, 12, 16);24;16
(2, 5, 8, 13, 16);21;16
(2, 5, 8, 14, 16);78;22
(2, 5, 8, 15, 16);24;20
(2, 5, 9, 10, 16);26;24
(2, 5, 9, 11, 16);7;27
(2, 5, 9, 12, 16);7;16
(2, 5, 9, 13, 16);18;16
(2, 5, 9, 14, 16);47;21
(2, 5, 9, 15, 16);31;16
(2, 5, 10, 11, 16);21;16
(2, 5, 10, 12, 16);7;17
(2, 5, 10, 13, 16);26;58
(2, 5, 10, 14, 16);19;42
(2, 5, 10, 15, 16);70;125
(2, 5, 11, 12, 16);7;27
(2, 5, 11, 13, 16);68;19
(2, 5, 11, 14, 16);25;16
(2, 5, 11, 15, 16);27;16
(2, 5, 12, 13, 16);25;16
(2, 5, 12, 14, 16);54;20
(2, 5, 12, 15, 16);31;16
(2, 5, 13, 14, 16);47;21
(2, 5, 13, 15, 16);28;16
(2, 5, 14, 15, 16);28;16
(2, 6, 7, 8, 16);14;16
(2, 6, 7, 9, 16);18;17
(2, 6, 7, 10, 16);26;16
(2, 6, 7, 11, 16);22;16
(2, 6, 7, 12, 16);18;16
(2, 6, 7, 13, 16);83;23
(2, 6, 7, 14, 16);30;16
(2, 6, 7, 15, 16);22;16
(2, 6, 8, 9, 16);14;17
(2, 6, 8, 10, 16);18;16
(2, 6, 8, 11, 16);14;18
(2, 6, 8, 12, 16);14;16
(2, 6, 8, 13, 16);7;21
(2, 6, 8, 14, 16);22;16
(2, 6, 8, 15, 16);23;20
(2, 6, 9, 10, 16);26;16
(2, 6, 9, 11, 16);61;28
(2, 6, 9, 12, 16);18;16
(2, 6, 9, 13, 16);22;16
(2, 6, 9, 14, 16);30;16
(2, 6, 9, 15, 16);68;16
(2, 6, 10, 11, 16);26;16
(2, 6, 10, 12, 16);22;16
(2, 6, 10, 13, 16);26;16
(2, 6, 10, 14, 16);30;16
(2, 6, 10, 15, 16);26;20
(2, 6, 11, 12, 16);18;16
(2, 6, 11, 13, 16);71;35
(2, 6, 11, 14, 16);30;16
(2, 6, 11, 15, 16);22;20
(2, 6, 12, 13, 16);18;25
(2, 6, 12, 14, 16);26;16
(2, 6, 12, 15, 16);9;26
(2, 6, 13, 14, 16);30;16
(2, 6, 13, 15, 16);55;16
(2, 6, 14, 15, 16);30;16
(2, 7, 8, 9, 16);43;16
(2, 7, 8, 10, 16);18;16
(2, 7, 8, 11, 16);19;18
(2, 7, 8, 12, 16);24;16
(2, 7, 8, 13, 16);29;23
(2, 7, 8, 14, 16);50;18
(2, 7, 8, 15, 16);23;16
(2, 7, 9, 10, 16);18;16
(2, 7, 9, 11, 16);18;16
(2, 7, 9, 12, 16);61;37
(2, 7, 9, 13, 16);51;76
(2, 7, 9, 14, 16);22;16
(2, 7, 9, 15, 16);18;68
(2, 7, 10, 11, 16);26;16
(2, 7, 10, 12, 16);22;16
(2, 7, 10, 13, 16);23;16
(2, 7, 10, 14, 16);30;16
(2, 7, 10, 15, 16);26;16
(2, 7, 11, 12, 16);23;16
(2, 7, 11, 13, 16);3;53
(2, 7, 11, 14, 16);58;22
(2, 7, 11, 15, 16);31;16
(2, 7, 12, 13, 16);29;16
(2, 7, 12, 14, 16);27;23
(2, 7, 12, 15, 16);27;16
(2, 7, 13, 14, 16);27;16
(2, 7, 13, 15, 16);27;24
(2, 7, 14, 15, 16);30;16
(2, 8, 9, 10, 16);18;16
(2, 8, 9, 11, 16);18;16
(2, 8, 9, 12, 16);24;17
(2, 8, 9, 13, 16);21;21
(2, 8, 9, 14, 16);50;19
(2, 8, 9, 15, 16);6;52
(2, 8, 10, 11, 16);18;16
(2, 8, 10, 12, 16);18;16
(2, 8, 10, 13, 16);18;19
(2, 8, 10, 14, 16);22;16
(2, 8, 10, 15, 16);18;20
(2, 8, 11, 12, 16);19;18
(2, 8, 11, 13, 16);24;16
(2, 8, 11, 14, 16);72;16
(2, 8, 11, 15, 16);23;16
(2, 8, 12, 13, 16);29;25
(2, 8, 12, 14, 16);28;16
(2, 8, 12, 15, 16);24;26
(2, 8, 13, 14, 16);50;26
(2, 8, 13, 15, 16);78;43
(2, 8, 14, 15, 16);50;16
(2, 9, 10, 11, 16);22;16
(2, 9, 10, 12, 16);22;16
(2, 9, 10, 13, 16);26;16
(2, 9, 10, 14, 16);30;16
(2, 9, 10, 15, 16);25;16
(2, 9, 11, 12, 16);18;22
(2, 9, 11, 13, 16);22;16
(2, 9, 11, 14, 16);48;16
(2, 9, 11, 15, 16);43;67
(2, 9, 12, 13, 16);25;16
(2, 9, 12, 14, 16);26;24
(2, 9, 12, 15, 16);31;18
(2, 9, 13, 14, 16);29;25
(2, 9, 13, 15, 16);29;39
(2, 9, 14, 15, 16);29;16
(2, 10, 11, 12, 16);22;16
(2, 10, 11, 13, 16);49;35
(2, 10, 11, 14, 16);30;16
(2, 10, 11, 15, 16);26;16
(2, 10, 12, 13, 16);22;25
(2, 10, 12, 14, 16);26;16
(2, 10, 12, 15, 16);22;26
(2, 10, 13, 14, 16);30;16
(2, 10, 13, 15, 16);55;16
(2, 10, 14, 15, 16);30;16
(2, 11, 12, 13, 16);22;25
(2, 11, 12, 14, 16);26;16
(2, 11, 12, 15, 16);27;16
(2, 11, 13, 14, 16);26;16
(2, 11, 13, 15, 16);26;16
(2, 11, 14, 15, 16);30;16
(2, 12, 13, 14, 16);26;16
(2, 12, 13, 15, 16);26;16
(2, 12, 14, 15, 16);26;16
(2, 13, 14, 15, 16);29;16
(3, 4, 5, 6, 16);19;16
(3, 4, 5, 7, 16);10;16
(3, 4, 5, 8, 16);11;16
(3, 4, 5, 9, 16);7;16
(3, 4, 5, 10, 16);21;16
(3, 4, 5, 11, 16);21;43
(3, 4, 5, 12, 16);28;27
(3, 4, 5, 13, 16);19;22
(3, 4, 5, 14, 16);19;16
(3, 4, 5, 15, 16);19;16
(3, 4, 6, 7, 16);10;16
(3, 4, 6, 8, 16);11;16
(3, 4, 6, 9, 16);12;16
(3, 4, 6, 10, 16);34;16
(3, 4, 6, 11, 16);19;27
(3, 4, 6, 12, 16);28;16
(3, 4, 6, 13, 16);19;16
(3, 4, 6, 14, 16);19;16
(3, 4, 6, 15, 16);19;16
(3, 4, 7, 8, 16);11;16
(3, 4, 7, 9, 16);12;16
(3, 4, 7, 10, 16);13;16
(3, 4, 7, 11, 16);5;28
(3, 4, 7, 12, 16);19;16
(3, 4, 7, 13, 16);10;16
(3, 4, 7, 14, 16);10;16
(3, 4, 7, 15, 16);10;16
(3, 4, 8, 9, 16);12;16
(3, 4, 8, 10, 16);6;16
(3, 4, 8, 11, 16);19;16
(3, 4, 8, 12, 16);20;16
(3, 4, 8, 13, 16);19;18
(3, 4, 8, 14, 16);6;22
(3, 4, 8, 15, 16);12;16
(3, 4, 9, 10, 16);13;16
(3, 4, 9, 11, 16);20;16
(3, 4, 9, 12, 16);7;27
(3, 4, 9, 13, 16);12;93
(3, 4, 9, 14, 16);6;34
(3, 4, 9, 15, 16);19;16
(3, 4, 10, 11, 16);27;16
(3, 4, 10, 12, 16);28;16
(3, 4, 10, 13, 16);26;16
(3, 4, 10, 14, 16);46;26
(3, 4, 10, 15, 16);19;42
(3, 4, 11, 12, 16);28;16
(3, 4, 11, 13, 16);26;23
(3, 4, 11, 14, 16);26;23
(3, 4, 11, 15, 16);26;23
(3, 4, 12, 13, 16);26;23
(3, 4, 12, 14, 16);26;49
(3, 4, 12, 15, 16);26;23
(3, 4, 13, 14, 16);17;78
(3, 4, 13, 15, 16);19;57
(3, 4, 14, 15, 16);19;22
(3, 5, 6, 7, 16);10;16
(3, 5, 6, 8, 16);11;16
(3, 5, 6, 9, 16);12;16
(3, 5, 6, 10, 16);33;16
(3, 5, 6, 11, 16);70;16
(3, 5, 6, 12, 16);28;16
(3, 5, 6, 13, 16);19;16
(3, 5, 6, 14, 16);19;16
(3, 5, 6, 15, 16);19;16
(3, 5, 7, 8, 16);11;16
(3, 5, 7, 9, 16);12;16
(3, 5, 7, 10, 16);13;16
(3, 5, 7, 11, 16);32;19
(3, 5, 7, 12, 16);19;16
(3, 5, 7, 13, 16);10;16
(3, 5, 7, 14, 16);10;16
(3, 5, 7, 15, 16);10;16
(3, 5, 8, 9, 16);12;16
(3, 5, 8, 10, 16);13;16
(3, 5, 8, 11, 16);13;23
(3, 5, 8, 12, 16);13;54
(3, 5, 8, 13, 16);21;16
(3, 5, 8, 14, 16);11;16
(3, 5, 8, 15, 16);11;16
(3, 5, 9, 10, 16);7;16
(3, 5, 9, 11, 16);7;16
(3, 5, 9, 12, 16);21;17
(3, 5, 9, 13, 16);44;16
(3, 5, 9, 14, 16);67;16
(3, 5, 9, 15, 16);32;16
(3, 5, 10, 11, 16);21;16
(3, 5, 10, 12, 16);7;20
(3, 5, 10, 13, 16);26;16
(3, 5, 10, 14, 16);85;23
(3, 5, 10, 15, 16);20;16
(3, 5, 11, 12, 16);23;68
(3, 5, 11, 13, 16);27;16
(3, 5, 11, 14, 16);27;16
(3, 5, 11, 15, 16);20;58
(3, 5, 12, 13, 16);28;27
(3, 5, 12, 14, 16);28;27
(3, 5, 12, 15, 16);28;27
(3, 5, 13, 14, 16);19;22
(3, 5, 13, 15, 16);19;22
(3, 5, 14, 15, 16);19;16
(3, 6, 7, 8, 16);11;16
(3, 6, 7, 9, 16);12;16
(3, 6, 7, 10, 16);13;16
(3, 6, 7, 11, 16);9;16
(3, 6, 7, 12, 16);9;16
(3, 6, 7, 13, 16);10;16
(3, 6, 7, 14, 16);10;16
(3, 6, 7, 15, 16);10;16
(3, 6, 8, 9, 16);12;16
(3, 6, 8, 10, 16);13;16
(3, 6, 8, 11, 16);14;17
(3, 6, 8, 12, 16);42;16
(3, 6, 8, 13, 16);21;16
(3, 6, 8, 14, 16);11;16
(3, 6, 8, 15, 16);11;16
(3, 6, 9, 10, 16);13;16
(3, 6, 9, 11, 16);12;32
(3, 6, 9, 12, 16);15;36
(3, 6, 9, 13, 16);19;18
(3, 6, 9, 14, 16);17;40
(3, 6, 9, 15, 16);12;16
(3, 6, 10, 11, 16);13;38
(3, 6, 10, 12, 16);22;20
(3, 6, 10, 13, 16);66;16
(3, 6, 10, 14, 16);20;16
(3, 6, 10, 15, 16);33;16
(3, 6, 11, 12, 16);9;22
(3, 6, 11, 13, 16);19;27
(3, 6, 11, 14, 16);27;16
(3, 6, 11, 15, 16);9;25
(3, 6, 12, 13, 16);28;16
(3, 6, 12, 14, 16);28;16
(3, 6, 12, 15, 16);28;16
(3, 6, 13, 14, 16);19;16
(3, 6, 13, 15, 16);19;16
(3, 6, 14, 15, 16);19;16
(3, 7, 8, 9, 16);23;16
(3, 7, 8, 10, 16);32;16
(3, 7, 8, 11, 16);19;16
(3, 7, 8, 12, 16);24;20
(3, 7, 8, 13, 16);62;35
(3, 7, 8, 14, 16);32;16
(3, 7, 8, 15, 16);23;16
(3, 7, 9, 10, 16);31;25
(3, 7, 9, 11, 16);32;73
(3, 7, 9, 12, 16);19;27
(3, 7, 9, 13, 16);110;32
(3, 7, 9, 14, 16);23;16
(3, 7, 9, 15, 16);60;16
(3, 7, 10, 11, 16);32;17
(3, 7, 10, 12, 16);19;17
(3, 7, 10, 13, 16);63;16
(3, 7, 10, 14, 16);17;52
(3, 7, 10, 15, 16);31;28
(3, 7, 11, 12, 16);14;16
(3, 7, 11, 13, 16);24;22
(3, 7, 11, 14, 16);25;44
(3, 7, 11, 15, 16);18;19
(3, 7, 12, 13, 16);29;16
(3, 7, 12, 14, 16);19;52
(3, 7, 12, 15, 16);19;43
(3, 7, 13, 14, 16);10;36
(3, 7, 13, 15, 16);10;36
(3, 7, 14, 15, 16);52;52
(3, 8, 9, 10, 16);6;36
(3, 8, 9, 11, 16);19;16
(3, 8, 9, 12, 16);44;16
(3, 8, 9, 13, 16);29;36
(3, 8, 9, 14, 16);6;33
(3, 8, 9, 15, 16);24;16
(3, 8, 10, 11, 16);19;16
(3, 8, 10, 12, 16);64;16
(3, 8, 10, 13, 16);49;24
(3, 8, 10, 14, 16);24;16
(3, 8, 10, 15, 16);6;36
(3, 8, 11, 12, 16);19;74
(3, 8, 11, 13, 16);69;16
(3, 8, 11, 14, 16);67;16
(3, 8, 11, 15, 16);19;43
(3, 8, 12, 13, 16);25;28
(3, 8, 12, 14, 16);24;35
(3, 8, 12, 15, 16);48;16
(3, 8, 13, 14, 16);29;28
(3, 8, 13, 15, 16);29;16
(3, 8, 14, 15, 16);6;81
(3, 9, 10, 11, 16);20;17
(3, 9, 10, 12, 16);19;78
(3, 9, 10, 13, 16);25;16
(3, 9, 10, 14, 16);6;48
(3, 9, 10, 15, 16);25;16
(3, 9, 11, 12, 16);44;16
(3, 9, 11, 13, 16);25;16
(3, 9, 11, 14, 16);25;16
(3, 9, 11, 15, 16);26;16
(3, 9, 12, 13, 16);25;16
(3, 9, 12, 14, 16);25;16
(3, 9, 12, 15, 16);25;16
(3, 9, 13, 14, 16);27;54
(3, 9, 13, 15, 16);55;24
(3, 9, 14, 15, 16);30;16
(3, 10, 11, 12, 16);28;16
(3, 10, 11, 13, 16);25;16
(3, 10, 11, 14, 16);25;16
(3, 10, 11, 15, 16);26;16
(3, 10, 12, 13, 16);25;16
(3, 10, 12, 14, 16);25;16
(3, 10, 12, 15, 16);25;16
(3, 10, 13, 14, 16);25;16
(3, 10, 13, 15, 16);25;16
(3, 10, 14, 15, 16);6;48
(3, 11, 12, 13, 16);25;16
(3, 11, 12, 14, 16);25;16
(3, 11, 12, 15, 16);25;16
(3, 11, 13, 14, 16);25;16
(3, 11, 13, 15, 16);25;16
(3, 11, 14, 15, 16);25;16
(3, 12, 13, 14, 16);25;16
(3, 12, 13, 15, 16);25;16
(3, 12, 14, 15, 16);25;16
(3, 13, 14, 15, 16);29;16
(4, 5, 6, 7, 16);11;16
(4, 5, 6, 8, 16);12;16
(4, 5, 6, 9, 16);25;16
(4, 5, 6, 10, 16);34;26
(4, 5, 6, 11, 16);49;48
(4, 5, 6, 12, 16);28;16
(4, 5, 6, 13, 16);29;16
(4, 5, 6, 14, 16);10;16
(4, 5, 6, 15, 16);10;16
(4, 5, 7, 8, 16);12;16
(4, 5, 7, 9, 16);25;16
(4, 5, 7, 10, 16);3;26
(4, 5, 7, 11, 16);3;48
(4, 5, 7, 12, 16);19;17
(4, 5, 7, 13, 16);20;16
(4, 5, 7, 14, 16);21;16
(4, 5, 7, 15, 16);11;16
(4, 5, 8, 9, 16);25;16
(4, 5, 8, 10, 16);13;25
(4, 5, 8, 11, 16);34;40
(4, 5, 8, 12, 16);20;16
(4, 5, 8, 13, 16);21;16
(4, 5, 8, 14, 16);22;16
(4, 5, 8, 15, 16);23;16
(4, 5, 9, 10, 16);7;25
(4, 5, 9, 11, 16);7;60
(4, 5, 9, 12, 16);20;16
(4, 5, 9, 13, 16);20;16
(4, 5, 9, 14, 16);41;51
(4, 5, 9, 15, 16);20;33
(4, 5, 10, 11, 16);21;16
(4, 5, 10, 12, 16);26;80
(4, 5, 10, 13, 16);3;31
(4, 5, 10, 14, 16);66;51
(4, 5, 10, 15, 16);20;16
(4, 5, 11, 12, 16);50;71
(4, 5, 11, 13, 16);3;30
(4, 5, 11, 14, 16);27;112
(4, 5, 11, 15, 16);49;20
(4, 5, 12, 13, 16);28;16
(4, 5, 12, 14, 16);28;16
(4, 5, 12, 15, 16);28;16
(4, 5, 13, 14, 16);29;16
(4, 5, 13, 15, 16);29;16
(4, 5, 14, 15, 16);10;24
(4, 6, 7, 8, 16);12;16
(4, 6, 7, 9, 16);25;16
(4, 6, 7, 10, 16);34;51
(4, 6, 7, 11, 16);23;46
(4, 6, 7, 12, 16);19;17
(4, 6, 7, 13, 16);20;16
(4, 6, 7, 14, 16);21;16
(4, 6, 7, 15, 16);11;16
(4, 6, 8, 9, 16);25;16
(4, 6, 8, 10, 16);26;16
(4, 6, 8, 11, 16);12;22
(4, 6, 8, 12, 16);20;16
(4, 6, 8, 13, 16);21;16
(4, 6, 8, 14, 16);22;16
(4, 6, 8, 15, 16);23;16
(4, 6, 9, 10, 16);27;45
(4, 6, 9, 11, 16);5;37
(4, 6, 9, 12, 16);20;16
(4, 6, 9, 13, 16);20;16
(4, 6, 9, 14, 16);5;55
(4, 6, 9, 15, 16);31;20
(4, 6, 10, 11, 16);34;73
(4, 6, 10, 12, 16);20;16
(4, 6, 10, 13, 16);20;16
(4, 6, 10, 14, 16);20;16
(4, 6, 10, 15, 16);54;66
(4, 6, 11, 12, 16);28;22
(4, 6, 11, 13, 16);17;22
(4, 6, 11, 14, 16);5;42
(4, 6, 11, 15, 16);49;65
(4, 6, 12, 13, 16);28;16
(4, 6, 12, 14, 16);28;16
(4, 6, 12, 15, 16);28;16
(4, 6, 13, 14, 16);29;16
(4, 6, 13, 15, 16);29;16
(4, 6, 14, 15, 16);10;16
(4, 7, 8, 9, 16);25;16
(4, 7, 8, 10, 16);3;32
(4, 7, 8, 11, 16);74;88
(4, 7, 8, 12, 16);20;16
(4, 7, 8, 13, 16);21;16
(4, 7, 8, 14, 16);22;16
(4, 7, 8, 15, 16);23;16
(4, 7, 9, 10, 16);25;43
(4, 7, 9, 11, 16);20;75
(4, 7, 9, 12, 16);20;16
(4, 7, 9, 13, 16);20;16
(4, 7, 9, 14, 16);23;23
(4, 7, 9, 15, 16);48;16
(4, 7, 10, 11, 16);35;67
(4, 7, 10, 12, 16);20;16
(4, 7, 10, 13, 16);20;16
(4, 7, 10, 14, 16);20;16
(4, 7, 10, 15, 16);31;38
(4, 7, 11, 12, 16);20;16
(4, 7, 11, 13, 16);20;16
(4, 7, 11, 14, 16);20;16
(4, 7, 11, 15, 16);20;16
(4, 7, 12, 13, 16);19;17
(4, 7, 12, 14, 16);19;17
(4, 7, 12, 15, 16);19;17
(4, 7, 13, 14, 16);20;16
(4, 7, 13, 15, 16);20;16
(4, 7, 14, 15, 16);21;16
(4, 8, 9, 10, 16);6;18
(4, 8, 9, 11, 16);19;17
(4, 8, 9, 12, 16);20;16
(4, 8, 9, 13, 16);20;16
(4, 8, 9, 14, 16);6;70
(4, 8, 9, 15, 16);12;24
(4, 8, 10, 11, 16);19;17
(4, 8, 10, 12, 16);20;16
(4, 8, 10, 13, 16);20;16
(4, 8, 10, 14, 16);20;16
(4, 8, 10, 15, 16);43;16
(4, 8, 11, 12, 16);20;16
(4, 8, 11, 13, 16);20;16
(4, 8, 11, 14, 16);20;16
(4, 8, 11, 15, 16);20;16
(4, 8, 12, 13, 16);20;16
(4, 8, 12, 14, 16);20;16
(4, 8, 12, 15, 16);20;16
(4, 8, 13, 14, 16);21;16
(4, 8, 13, 15, 16);21;16
(4, 8, 14, 15, 16);22;16
(4, 9, 10, 11, 16);20;16
(4, 9, 10, 12, 16);7;40
(4, 9, 10, 13, 16);20;20
(4, 9, 10, 14, 16);46;32
(4, 9, 10, 15, 16);19;20
(4, 9, 11, 12, 16);7;40
(4, 9, 11, 13, 16);20;78
(4, 9, 11, 14, 16);5;50
(4, 9, 11, 15, 16);26;20
(4, 9, 12, 13, 16);25;22
(4, 9, 12, 14, 16);28;25
(4, 9, 12, 15, 16);51;158
(4, 9, 13, 14, 16);23;58
(4, 9, 13, 15, 16);47;118
(4, 9, 14, 15, 16);6;50
(4, 10, 11, 12, 16);28;16
(4, 10, 11, 13, 16);20;46
(4, 10, 11, 14, 16);46;25
(4, 10, 11, 15, 16);26;47
(4, 10, 12, 13, 16);28;25
(4, 10, 12, 14, 16);26;16
(4, 10, 12, 15, 16);27;16
(4, 10, 13, 14, 16);72;43
(4, 10, 13, 15, 16);116;36
(4, 10, 14, 15, 16);46;16
(4, 11, 12, 13, 16);27;25
(4, 11, 12, 14, 16);27;26
(4, 11, 12, 15, 16);27;16
(4, 11, 13, 14, 16);27;16
(4, 11, 13, 15, 16);27;27
(4, 11, 14, 15, 16);27;27
(4, 12, 13, 14, 16);28;16
(4, 12, 13, 15, 16);28;16
(4, 12, 14, 15, 16);28;16
(4, 13, 14, 15, 16);29;24
(5, 6, 7, 8, 16);24;16
(5, 6, 7, 9, 16);25;16
(5, 6, 7, 10, 16);23;23
(5, 6, 7, 11, 16);21;16
(5, 6, 7, 12, 16);21;16
(5, 6, 7, 13, 16);20;32
(5, 6, 7, 14, 16);21;16
(5, 6, 7, 15, 16);22;16
(5, 6, 8, 9, 16);25;16
(5, 6, 8, 10, 16);11;29
(5, 6, 8, 11, 16);21;16
(5, 6, 8, 12, 16);21;16
(5, 6, 8, 13, 16);21;16
(5, 6, 8, 14, 16);22;16
(5, 6, 8, 15, 16);23;16
(5, 6, 9, 10, 16);26;30
(5, 6, 9, 11, 16);21;16
(5, 6, 9, 12, 16);21;16
(5, 6, 9, 13, 16);21;16
(5, 6, 9, 14, 16);21;16
(5, 6, 9, 15, 16);21;21
(5, 6, 10, 11, 16);21;16
(5, 6, 10, 12, 16);21;16
(5, 6, 10, 13, 16);21;16
(5, 6, 10, 14, 16);21;16
(5, 6, 10, 15, 16);21;16
(5, 6, 11, 12, 16);21;16
(5, 6, 11, 13, 16);21;16
(5, 6, 11, 14, 16);21;16
(5, 6, 11, 15, 16);21;16
(5, 6, 12, 13, 16);18;52
(5, 6, 12, 14, 16);28;41
(5, 6, 12, 15, 16);21;21
(5, 6, 13, 14, 16);29;30
(5, 6, 13, 15, 16);29;26
(5, 6, 14, 15, 16);10;31
(5, 7, 8, 9, 16);25;16
(5, 7, 8, 10, 16);3;29
(5, 7, 8, 11, 16);21;16
(5, 7, 8, 12, 16);21;16
(5, 7, 8, 13, 16);21;16
(5, 7, 8, 14, 16);22;16
(5, 7, 8, 15, 16);23;16
(5, 7, 9, 10, 16);26;25
(5, 7, 9, 11, 16);21;16
(5, 7, 9, 12, 16);21;16
(5, 7, 9, 13, 16);21;16
(5, 7, 9, 14, 16);21;16
(5, 7, 9, 15, 16);46;16
(5, 7, 10, 11, 16);21;16
(5, 7, 10, 12, 16);21;16
(5, 7, 10, 13, 16);21;16
(5, 7, 10, 14, 16);21;16
(5, 7, 10, 15, 16);21;16
(5, 7, 11, 12, 16);21;16
(5, 7, 11, 13, 16);21;16
(5, 7, 11, 14, 16);21;16
(5, 7, 11, 15, 16);21;16
(5, 7, 12, 13, 16);21;16
(5, 7, 12, 14, 16);21;16
(5, 7, 12, 15, 16);21;16
(5, 7, 13, 14, 16);20;51
(5, 7, 13, 15, 16);20;52
(5, 7, 14, 15, 16);21;36
(5, 8, 9, 10, 16);13;30
(5, 8, 9, 11, 16);21;16
(5, 8, 9, 12, 16);21;16
(5, 8, 9, 13, 16);21;16
(5, 8, 9, 14, 16);21;16
(5, 8, 9, 15, 16);24;23
(5, 8, 10, 11, 16);21;16
(5, 8, 10, 12, 16);21;16
(5, 8, 10, 13, 16);21;16
(5, 8, 10, 14, 16);21;16
(5, 8, 10, 15, 16);21;16
(5, 8, 11, 12, 16);21;16
(5, 8, 11, 13, 16);21;16
(5, 8, 11, 14, 16);21;16
(5, 8, 11, 15, 16);21;16
(5, 8, 12, 13, 16);21;16
(5, 8, 12, 14, 16);21;16
(5, 8, 12, 15, 16);21;16
(5, 8, 13, 14, 16);21;16
(5, 8, 13, 15, 16);21;16
(5, 8, 14, 15, 16);22;20
(5, 9, 10, 11, 16);21;16
(5, 9, 10, 12, 16);21;16
(5, 9, 10, 13, 16);21;16
(5, 9, 10, 14, 16);21;16
(5, 9, 10, 15, 16);21;16
(5, 9, 11, 12, 16);21;16
(5, 9, 11, 13, 16);21;16
(5, 9, 11, 14, 16);21;16
(5, 9, 11, 15, 16);21;16
(5, 9, 12, 13, 16);21;16
(5, 9, 12, 14, 16);21;16
(5, 9, 12, 15, 16);21;16
(5, 9, 13, 14, 16);21;16
(5, 9, 13, 15, 16);21;16
(5, 9, 14, 15, 16);21;16
(5, 10, 11, 12, 16);21;16
(5, 10, 11, 13, 16);21;16
(5, 10, 11, 14, 16);21;16
(5, 10, 11, 15, 16);21;16
(5, 10, 12, 13, 16);21;16
(5, 10, 12, 14, 16);21;16
(5, 10, 12, 15, 16);21;16
(5, 10, 13, 14, 16);21;16
(5, 10, 13, 15, 16);21;16
(5, 10, 14, 15, 16);21;16
(5, 11, 12, 13, 16);24;24
(5, 11, 12, 14, 16);23;64
(5, 11, 12, 15, 16);27;27
(5, 11, 13, 14, 16);49;36
(5, 11, 13, 15, 16);51;24
(5, 11, 14, 15, 16);49;16
(5, 12, 13, 14, 16);28;16
(5, 12, 13, 15, 16);28;16
(5, 12, 14, 15, 16);28;16
(5, 13, 14, 15, 16);29;16
(6, 7, 8, 9, 16);25;16
(6, 7, 8, 10, 16);22;16
(6, 7, 8, 11, 16);22;16
(6, 7, 8, 12, 16);22;16
(6, 7, 8, 13, 16);22;16
(6, 7, 8, 14, 16);22;16
(6, 7, 8, 15, 16);23;16
(6, 7, 9, 10, 16);22;16
(6, 7, 9, 11, 16);22;16
(6, 7, 9, 12, 16);22;16
(6, 7, 9, 13, 16);22;16
(6, 7, 9, 14, 16);22;16
(6, 7, 9, 15, 16);22;16
(6, 7, 10, 11, 16);22;16
(6, 7, 10, 12, 16);22;16
(6, 7, 10, 13, 16);22;16
(6, 7, 10, 14, 16);22;16
(6, 7, 10, 15, 16);22;16
(6, 7, 11, 12, 16);22;16
(6, 7, 11, 13, 16);22;16
(6, 7, 11, 14, 16);22;16
(6, 7, 11, 15, 16);22;16
(6, 7, 12, 13, 16);22;16
(6, 7, 12, 14, 16);22;16
(6, 7, 12, 15, 16);22;16
(6, 7, 13, 14, 16);22;16
(6, 7, 13, 15, 16);22;16
(6, 7, 14, 15, 16);21;34
(6, 8, 9, 10, 16);22;16
(6, 8, 9, 11, 16);22;16
(6, 8, 9, 12, 16);22;16
(6, 8, 9, 13, 16);22;16
(6, 8, 9, 14, 16);22;16
(6, 8, 9, 15, 16);22;16
(6, 8, 10, 11, 16);22;16
(6, 8, 10, 12, 16);22;16
(6, 8, 10, 13, 16);22;16
(6, 8, 10, 14, 16);22;16
(6, 8, 10, 15, 16);22;16
(6, 8, 11, 12, 16);22;16
(6, 8, 11, 13, 16);22;16
(6, 8, 11, 14, 16);22;16
(6, 8, 11, 15, 16);22;16
(6, 8, 12, 13, 16);22;16
(6, 8, 12, 14, 16);22;16
(6, 8, 12, 15, 16);22;16
(6, 8, 13, 14, 16);22;16
(6, 8, 13, 15, 16);22;16
(6, 8, 14, 15, 16);22;16
(6, 9, 10, 11, 16);22;16
(6, 9, 10, 12, 16);22;16
(6, 9, 10, 13, 16);22;16
(6, 9, 10, 14, 16);22;16
(6, 9, 10, 15, 16);22;16
(6, 9, 11, 12, 16);22;16
(6, 9, 11, 13, 16);22;16
(6, 9, 11, 14, 16);22;16
(6, 9, 11, 15, 16);22;16
(6, 9, 12, 13, 16);22;16
(6, 9, 12, 14, 16);22;16
(6, 9, 12, 15, 16);22;16
(6, 9, 13, 14, 16);22;16
(6, 9, 13, 15, 16);22;16
(6, 9, 14, 15, 16);22;16
(6, 10, 11, 12, 16);22;16
(6, 10, 11, 13, 16);22;16
(6, 10, 11, 14, 16);22;16
(6, 10, 11, 15, 16);22;16
(6, 10, 12, 13, 16);22;16
(6, 10, 12, 14, 16);22;16
(6, 10, 12, 15, 16);22;16
(6, 10, 13, 14, 16);22;16
(6, 10, 13, 15, 16);22;16
(6, 10, 14, 15, 16);22;16
(6, 11, 12, 13, 16);22;16
(6, 11, 12, 14, 16);22;16
(6, 11, 12, 15, 16);22;16
(6, 11, 13, 14, 16);22;16
(6, 11, 13, 15, 16);22;16
(6, 11, 14, 15, 16);22;16
(6, 12, 13, 14, 16);22;16
(6, 12, 13, 15, 16);22;16
(6, 12, 14, 15, 16);22;16
(6, 13, 14, 15, 16);29;28
(7, 8, 9, 10, 16);23;16
(7, 8, 9, 11, 16);23;16
(7, 8, 9, 12, 16);23;16
(7, 8, 9, 13, 16);23;16
(7, 8, 9, 14, 16);23;16
(7, 8, 9, 15, 16);23;16
(7, 8, 10, 11, 16);23;16
(7, 8, 10, 12, 16);23;16
(7, 8, 10, 13, 16);23;16
(7, 8, 10, 14, 16);23;16
(7, 8, 10, 15, 16);23;16
(7, 8, 11, 12, 16);23;16
(7, 8, 11, 13, 16);23;16
(7, 8, 11, 14, 16);23;16
(7, 8, 11, 15, 16);23;16
(7, 8, 12, 13, 16);23;16
(7, 8, 12, 14, 16);23;16
(7, 8, 12, 15, 16);23;16
(7, 8, 13, 14, 16);23;16
(7, 8, 13, 15, 16);23;16
(7, 8, 14, 15, 16);23;16
(7, 9, 10, 11, 16);23;16
(7, 9, 10, 12, 16);23;16
(7, 9, 10, 13, 16);23;16
(7, 9, 10, 14, 16);23;16
(7, 9, 10, 15, 16);23;16
(7, 9, 11, 12, 16);23;16
(7, 9, 11, 13, 16);23;16
(7, 9, 11, 14, 16);23;16
(7, 9, 11, 15, 16);23;16
(7, 9, 12, 13, 16);23;16
(7, 9, 12, 14, 16);23;16
(7, 9, 12, 15, 16);23;16
(7, 9, 13, 14, 16);23;16
(7, 9, 13, 15, 16);23;16
(7, 9, 14, 15, 16);23;16
(7, 10, 11, 12, 16);23;16
(7, 10, 11, 13, 16);23;16
(7, 10, 11, 14, 16);23;16
(7, 10, 11, 15, 16);23;16
(7, 10, 12, 13, 16);23;16
(7, 10, 12, 14, 16);23;16
(7, 10, 12, 15, 16);23;16
(7, 10, 13, 14, 16);23;16
(7, 10, 13, 15, 16);23;16
(7, 10, 14, 15, 16);23;16
(7, 11, 12, 13, 16);23;16
(7, 11, 12, 14, 16);23;16
(7, 11, 12, 15, 16);23;16
(7, 11, 13, 14, 16);23;16
(7, 11, 13, 15, 16);23;16
(7, 11, 14, 15, 16);23;16
(7, 12, 13, 14, 16);23;16
(7, 12, 13, 15, 16);23;16
(7, 12, 14, 15, 16);23;16
(7, 13, 14, 15, 16);23;16
(8, 9, 10, 11, 16);24;16
(8, 9, 10, 12, 16);24;16
(8, 9, 10, 13, 16);24;16
(8, 9, 10, 14, 16);24;16
(8, 9, 10, 15, 16);24;16
(8, 9, 11, 12, 16);24;16
(8, 9, 11, 13, 16);24;16
(8, 9, 11, 14, 16);24;16
(8, 9, 11, 15, 16);24;16
(8, 9, 12, 13, 16);24;16
(8, 9, 12, 14, 16);24;16
(8, 9, 12, 15, 16);24;16
(8, 9, 13, 14, 16);24;16
(8, 9, 13, 15, 16);24;16
(8, 9, 14, 15, 16);24;16
(8, 10, 11, 12, 16);24;16
(8, 10, 11, 13, 16);24;16
(8, 10, 11, 14, 16);24;16
(8, 10, 11, 15, 16);24;16
(8, 10, 12, 13, 16);24;16
(8, 10, 12, 14, 16);24;16
(8, 10, 12, 15, 16);24;16
(8, 10, 13, 14, 16);24;16
(8, 10, 13, 15, 16);24;16
(8, 10, 14, 15, 16);24;16
(8, 11, 12, 13, 16);24;16
(8, 11, 12, 14, 16);24;16
(8, 11, 12, 15, 16);24;16
(8, 11, 13, 14, 16);24;16
(8, 11, 13, 15, 16);24;16
(8, 11, 14, 15, 16);24;16
(8, 12, 13, 14, 16);24;16
(8, 12, 13, 15, 16);24;16
(8, 12, 14, 15, 16);24;16
(8, 13, 14, 15, 16);24;16
(9, 10, 11, 12, 16);25;16
(9, 10, 11, 13, 16);25;16
(9, 10, 11, 14, 16);25;16
(9, 10, 11, 15, 16);25;16
(9, 10, 12, 13, 16);25;16
(9, 10, 12, 14, 16);25;16
(9, 10, 12, 15, 16);25;16
(9, 10, 13, 14, 16);25;16
(9, 10, 13, 15, 16);25;16
(9, 10, 14, 15, 16);25;16
(9, 11, 12, 13, 16);25;16
(9, 11, 12, 14, 16);25;16
(9, 11, 12, 15, 16);25;16
(9, 11, 13, 14, 16);25;16
(9, 11, 13, 15, 16);25;16
(9, 11, 14, 15, 16);25;16
(9, 12, 13, 14, 16);25;16
(9, 12, 13, 15, 16);25;16
(9, 12, 14, 15, 16);25;16
(9, 13, 14, 15, 16);25;16
(10, 11, 12, 13, 16);26;16
(10, 11, 12, 14, 16);26;16
(10, 11, 12, 15, 16);26;16
(10, 11, 13, 14, 16);26;16
(10, 11, 13, 15, 16);26;16
(10, 11, 14, 15, 16);26;16
(10, 12, 13, 14, 16);26;16
(10, 12, 13, 15, 16);26;16
(10, 12, 14, 15, 16);26;16
(10, 13, 14, 15, 16);26;16
(11, 12, 13, 14, 16);27;16
(11, 12, 13, 15, 16);27;16
(11, 12, 14, 15, 16);27;16
(11, 13, 14, 15, 16);27;16
(12, 13, 14, 15, 16);28;16
