S;p;l
(1, 2, 3, 4, 17);5;17
(1, 2, 3, 5, 17);4;17
(1, 2, 3, 6, 17);4;17
(1, 2, 3, 7, 17);4;17
(1, 2, 3, 8, 17);9;17
(1, 2, 3, 9, 17);4;17
(1, 2, 3, 10, 17);4;17
(1, 2, 3, 11, 17);4;17
(1, 2, 3, 12, 17);18;17
(1, 2, 3, 13, 17);4;17
(1, 2, 3, 14, 17);4;17
(1, 2, 3, 15, 17);4;17
(1, 2, 3, 16, 17);18;17
(1, 2, 4, 5, 17);3;17
(1, 2, 4, 6, 17);8;17
(1, 2, 4, 7, 17);3;17
(1, 2, 4, 8, 17);3;17
(1, 2, 4, 9, 17);19;17
(1, 2, 4, 10, 17);3;17
(1, 2, 4, 11, 17);3;17
(1, 2, 4, 12, 17);19;17
(1, 2, 4, 13, 17);3;17
(1, 2, 4, 14, 17);3;17
(1, 2, 4, 15, 17);19;17
(1, 2, 4, 16, 17);3;17
(1, 2, 5, 6, 17);18;17
(1, 2, 5, 7, 17);3;17
(1, 2, 5, 8, 17);3;17
(1, 2, 5, 9, 17);18;28
(1, 2, 5, 10, 17);3;17
(1, 2, 5, 11, 17);3;17
(1, 2, 5, 12, 17);29;17
(1, 2, 5, 13, 17);3;17
(1, 2, 5, 14, 17);3;17
(1, 2, 5, 15, 17);16;17
(1, 2, 5, 16, 17);3;17
(1, 2, 6, 7, 17);8;17
(1, 2, 6, 8, 17);23;17
(1, 2, 6, 9, 17);18;17
(1, 2, 6, 10, 17);11;17
(1, 2, 6, 11, 17);34;17
(1, 2, 6, 12, 17);18;17
(1, 2, 6, 13, 17);18;17
(1, 2, 6, 14, 17);15;17
(1, 2, 6, 15, 17);23;17
(1, 2, 6, 16, 17);18;17
(1, 2, 7, 8, 17);3;17
(1, 2, 7, 9, 17);19;17
(1, 2, 7, 10, 17);3;17
(1, 2, 7, 11, 17);3;17
(1, 2, 7, 12, 17);19;17
(1, 2, 7, 13, 17);3;17
(1, 2, 7, 14, 17);3;17
(1, 2, 7, 15, 17);22;17
(1, 2, 7, 16, 17);3;17
(1, 2, 8, 9, 17);26;17
(1, 2, 8, 10, 17);3;17
(1, 2, 8, 11, 17);3;17
(1, 2, 8, 12, 17);29;17
(1, 2, 8, 13, 17);3;17
(1, 2, 8, 14, 17);3;17
(1, 2, 8, 15, 17);16;17
(1, 2, 8, 16, 17);3;17
(1, 2, 9, 10, 17);11;17
(1, 2, 9, 11, 17);26;17
(1, 2, 9, 12, 17);29;17
(1, 2, 9, 13, 17);18;17
(1, 2, 9, 14, 17);26;17
(1, 2, 9, 15, 17);19;24
(1, 2, 9, 16, 17);18;17
(1, 2, 10, 11, 17);3;17
(1, 2, 10, 12, 17);19;20
(1, 2, 10, 13, 17);3;17
(1, 2, 10, 14, 17);3;17
(1, 2, 10, 15, 17);25;17
(1, 2, 10, 16, 17);3;17
(1, 2, 11, 12, 17);29;17
(1, 2, 11, 13, 17);3;17
(1, 2, 11, 14, 17);3;17
(1, 2, 11, 15, 17);16;17
(1, 2, 11, 16, 17);3;17
(1, 2, 12, 13, 17);18;52
(1, 2, 12, 14, 17);29;17
(1, 2, 12, 15, 17);32;17
(1, 2, 12, 16, 17);57;19
(1, 2, 13, 14, 17);3;17
(1, 2, 13, 15, 17);28;17
(1, 2, 13, 16, 17);3;17
(1, 2, 14, 15, 17);16;17
(1, 2, 14, 16, 17);3;17
(1, 2, 15, 16, 17);30;17
(1, 3, 4, 5, 17);8;17
(1, 3, 4, 6, 17);7;17
(1, 3, 4, 7, 17);8;17
(1, 3, 4, 8, 17);7;17
(1, 3, 4, 9, 17);20;17
(1, 3, 4, 10, 17);7;17
(1, 3, 4, 11, 17);7;17
(1, 3, 4, 12, 17);41;19
(1, 3, 4, 13, 17);7;17
(1, 3, 4, 14, 17);33;18
(1, 3, 4, 15, 17);7;17
(1, 3, 4, 16, 17);20;17
(1, 3, 5, 6, 17);11;17
(1, 3, 5, 7, 17);2;17
(1, 3, 5, 8, 17);22;17
(1, 3, 5, 9, 17);2;17
(1, 3, 5, 10, 17);22;17
(1, 3, 5, 11, 17);2;17
(1, 3, 5, 12, 17);24;17
(1, 3, 5, 13, 17);2;17
(1, 3, 5, 14, 17);28;17
(1, 3, 5, 15, 17);2;17
(1, 3, 5, 16, 17);32;17
(1, 3, 6, 7, 17);12;17
(1, 3, 6, 8, 17);9;17
(1, 3, 6, 9, 17);12;17
(1, 3, 6, 10, 17);9;17
(1, 3, 6, 11, 17);14;17
(1, 3, 6, 12, 17);9;17
(1, 3, 6, 13, 17);16;17
(1, 3, 6, 14, 17);20;17
(1, 3, 6, 15, 17);9;17
(1, 3, 6, 16, 17);11;22
(1, 3, 7, 8, 17);24;20
(1, 3, 7, 9, 17);2;17
(1, 3, 7, 10, 17);20;17
(1, 3, 7, 11, 17);2;17
(1, 3, 7, 12, 17);24;17
(1, 3, 7, 13, 17);2;17
(1, 3, 7, 14, 17);28;17
(1, 3, 7, 15, 17);2;17
(1, 3, 7, 16, 17);32;17
(1, 3, 8, 9, 17);16;17
(1, 3, 8, 10, 17);20;17
(1, 3, 8, 11, 17);16;17
(1, 3, 8, 12, 17);20;17
(1, 3, 8, 13, 17);16;17
(1, 3, 8, 14, 17);31;17
(1, 3, 8, 15, 17);18;17
(1, 3, 8, 16, 17);33;17
(1, 3, 9, 10, 17);20;17
(1, 3, 9, 11, 17);2;17
(1, 3, 9, 12, 17);24;17
(1, 3, 9, 13, 17);2;17
(1, 3, 9, 14, 17);28;17
(1, 3, 9, 15, 17);2;17
(1, 3, 9, 16, 17);32;17
(1, 3, 10, 11, 17);20;17
(1, 3, 10, 12, 17);20;19
(1, 3, 10, 13, 17);20;17
(1, 3, 10, 14, 17);31;19
(1, 3, 10, 15, 17);18;30
(1, 3, 10, 16, 17);33;17
(1, 3, 11, 12, 17);24;17
(1, 3, 11, 13, 17);2;17
(1, 3, 11, 14, 17);28;17
(1, 3, 11, 15, 17);2;17
(1, 3, 11, 16, 17);32;17
(1, 3, 12, 13, 17);24;17
(1, 3, 12, 14, 17);54;26
(1, 3, 12, 15, 17);24;17
(1, 3, 12, 16, 17);54;96
(1, 3, 13, 14, 17);28;17
(1, 3, 13, 15, 17);2;17
(1, 3, 13, 16, 17);32;17
(1, 3, 14, 15, 17);28;17
(1, 3, 14, 16, 17);30;17
(1, 3, 15, 16, 17);32;17
(1, 4, 5, 6, 17);9;17
(1, 4, 5, 7, 17);8;17
(1, 4, 5, 8, 17);9;17
(1, 4, 5, 9, 17);8;17
(1, 4, 5, 10, 17);3;44
(1, 4, 5, 11, 17);8;17
(1, 4, 5, 12, 17);8;17
(1, 4, 5, 13, 17);8;17
(1, 4, 5, 14, 17);18;17
(1, 4, 5, 15, 17);8;17
(1, 4, 5, 16, 17);20;17
(1, 4, 6, 7, 17);13;17
(1, 4, 6, 8, 17);21;17
(1, 4, 6, 9, 17);23;17
(1, 4, 6, 10, 17);7;17
(1, 4, 6, 11, 17);28;17
(1, 4, 6, 12, 17);18;17
(1, 4, 6, 13, 17);26;24
(1, 4, 6, 14, 17);23;17
(1, 4, 6, 15, 17);21;17
(1, 4, 6, 16, 17);33;17
(1, 4, 7, 8, 17);25;17
(1, 4, 7, 9, 17);8;17
(1, 4, 7, 10, 17);27;17
(1, 4, 7, 11, 17);18;17
(1, 4, 7, 12, 17);8;17
(1, 4, 7, 13, 17);8;47
(1, 4, 7, 14, 17);21;17
(1, 4, 7, 15, 17);8;17
(1, 4, 7, 16, 17);23;21
(1, 4, 8, 9, 17);41;22
(1, 4, 8, 10, 17);7;17
(1, 4, 8, 11, 17);7;21
(1, 4, 8, 12, 17);16;17
(1, 4, 8, 13, 17);21;17
(1, 4, 8, 14, 17);41;22
(1, 4, 8, 15, 17);21;17
(1, 4, 8, 16, 17);84;31
(1, 4, 9, 10, 17);31;17
(1, 4, 9, 11, 17);28;17
(1, 4, 9, 12, 17);13;17
(1, 4, 9, 13, 17);26;17
(1, 4, 9, 14, 17);18;17
(1, 4, 9, 15, 17);8;34
(1, 4, 9, 16, 17);33;17
(1, 4, 10, 11, 17);21;17
(1, 4, 10, 12, 17);27;17
(1, 4, 10, 13, 17);7;17
(1, 4, 10, 14, 17);31;17
(1, 4, 10, 15, 17);27;17
(1, 4, 10, 16, 17);20;23
(1, 4, 11, 12, 17);23;17
(1, 4, 11, 13, 17);26;22
(1, 4, 11, 14, 17);28;17
(1, 4, 11, 15, 17);26;17
(1, 4, 11, 16, 17);33;17
(1, 4, 12, 13, 17);5;136
(1, 4, 12, 14, 17);13;17
(1, 4, 12, 15, 17);16;17
(1, 4, 12, 16, 17);28;55
(1, 4, 13, 14, 17);28;27
(1, 4, 13, 15, 17);21;40
(1, 4, 13, 16, 17);30;17
(1, 4, 14, 15, 17);75;36
(1, 4, 14, 16, 17);33;17
(1, 4, 15, 16, 17);30;81
(1, 5, 6, 7, 17);12;17
(1, 5, 6, 8, 17);11;17
(1, 5, 6, 9, 17);12;17
(1, 5, 6, 10, 17);11;17
(1, 5, 6, 11, 17);12;17
(1, 5, 6, 12, 17);11;17
(1, 5, 6, 13, 17);18;17
(1, 5, 6, 14, 17);11;17
(1, 5, 6, 15, 17);20;17
(1, 5, 6, 16, 17);11;17
(1, 5, 7, 8, 17);3;30
(1, 5, 7, 9, 17);2;17
(1, 5, 7, 10, 17);20;17
(1, 5, 7, 11, 17);2;17
(1, 5, 7, 12, 17);24;17
(1, 5, 7, 13, 17);2;17
(1, 5, 7, 14, 17);28;17
(1, 5, 7, 15, 17);2;17
(1, 5, 7, 16, 17);32;17
(1, 5, 8, 9, 17);16;17
(1, 5, 8, 10, 17);22;17
(1, 5, 8, 11, 17);16;17
(1, 5, 8, 12, 17);22;17
(1, 5, 8, 13, 17);16;17
(1, 5, 8, 14, 17);22;17
(1, 5, 8, 15, 17);16;41
(1, 5, 8, 16, 17);11;19
(1, 5, 9, 10, 17);20;17
(1, 5, 9, 11, 17);2;17
(1, 5, 9, 12, 17);24;17
(1, 5, 9, 13, 17);2;17
(1, 5, 9, 14, 17);28;17
(1, 5, 9, 15, 17);2;17
(1, 5, 9, 16, 17);32;17
(1, 5, 10, 11, 17);20;17
(1, 5, 10, 12, 17);22;17
(1, 5, 10, 13, 17);20;17
(1, 5, 10, 14, 17);22;87
(1, 5, 10, 15, 17);20;17
(1, 5, 10, 16, 17);33;51
(1, 5, 11, 12, 17);24;17
(1, 5, 11, 13, 17);2;17
(1, 5, 11, 14, 17);28;17
(1, 5, 11, 15, 17);2;17
(1, 5, 11, 16, 17);32;17
(1, 5, 12, 13, 17);24;17
(1, 5, 12, 14, 17);26;17
(1, 5, 12, 15, 17);24;17
(1, 5, 12, 16, 17);28;17
(1, 5, 13, 14, 17);28;17
(1, 5, 13, 15, 17);2;17
(1, 5, 13, 16, 17);32;17
(1, 5, 14, 15, 17);28;17
(1, 5, 14, 16, 17);30;17
(1, 5, 15, 16, 17);32;17
(1, 6, 7, 8, 17);27;18
(1, 6, 7, 9, 17);12;17
(1, 6, 7, 10, 17);16;73
(1, 6, 7, 11, 17);12;17
(1, 6, 7, 12, 17);13;52
(1, 6, 7, 13, 17);12;17
(1, 6, 7, 14, 17);13;45
(1, 6, 7, 15, 17);12;17
(1, 6, 7, 16, 17);22;17
(1, 6, 8, 9, 17);64;24
(1, 6, 8, 10, 17);16;17
(1, 6, 8, 11, 17);28;17
(1, 6, 8, 12, 17);18;17
(1, 6, 8, 13, 17);30;17
(1, 6, 8, 14, 17);20;20
(1, 6, 8, 15, 17);23;17
(1, 6, 8, 16, 17);86;68
(1, 6, 9, 10, 17);18;18
(1, 6, 9, 11, 17);4;78
(1, 6, 9, 12, 17);18;17
(1, 6, 9, 13, 17);18;30
(1, 6, 9, 14, 17);23;19
(1, 6, 9, 15, 17);44;45
(1, 6, 9, 16, 17);33;19
(1, 6, 10, 11, 17);7;51
(1, 6, 10, 12, 17);18;17
(1, 6, 10, 13, 17);23;17
(1, 6, 10, 14, 17);20;20
(1, 6, 10, 15, 17);16;17
(1, 6, 10, 16, 17);11;49
(1, 6, 11, 12, 17);68;19
(1, 6, 11, 13, 17);28;17
(1, 6, 11, 14, 17);25;24
(1, 6, 11, 15, 17);28;17
(1, 6, 11, 16, 17);86;17
(1, 6, 12, 13, 17);25;17
(1, 6, 12, 14, 17);20;20
(1, 6, 12, 15, 17);9;18
(1, 6, 12, 16, 17);18;49
(1, 6, 13, 14, 17);27;17
(1, 6, 13, 15, 17);30;17
(1, 6, 13, 16, 17);61;24
(1, 6, 14, 15, 17);29;20
(1, 6, 14, 16, 17);11;39
(1, 6, 15, 16, 17);32;17
(1, 7, 8, 9, 17);16;17
(1, 7, 8, 10, 17);38;18
(1, 7, 8, 11, 17);16;17
(1, 7, 8, 12, 17);24;20
(1, 7, 8, 13, 17);16;17
(1, 7, 8, 14, 17);24;17
(1, 7, 8, 15, 17);16;17
(1, 7, 8, 16, 17);24;17
(1, 7, 9, 10, 17);20;17
(1, 7, 9, 11, 17);2;17
(1, 7, 9, 12, 17);24;17
(1, 7, 9, 13, 17);2;17
(1, 7, 9, 14, 17);28;17
(1, 7, 9, 15, 17);2;17
(1, 7, 9, 16, 17);32;17
(1, 7, 10, 11, 17);20;17
(1, 7, 10, 12, 17);22;17
(1, 7, 10, 13, 17);20;17
(1, 7, 10, 14, 17);24;17
(1, 7, 10, 15, 17);20;17
(1, 7, 10, 16, 17);26;17
(1, 7, 11, 12, 17);24;17
(1, 7, 11, 13, 17);2;17
(1, 7, 11, 14, 17);28;17
(1, 7, 11, 15, 17);2;17
(1, 7, 11, 16, 17);32;17
(1, 7, 12, 13, 17);24;17
(1, 7, 12, 14, 17);26;17
(1, 7, 12, 15, 17);24;17
(1, 7, 12, 16, 17);28;17
(1, 7, 13, 14, 17);28;17
(1, 7, 13, 15, 17);2;17
(1, 7, 13, 16, 17);32;17
(1, 7, 14, 15, 17);28;17
(1, 7, 14, 16, 17);30;17
(1, 7, 15, 16, 17);32;17
(1, 8, 9, 10, 17);18;17
(1, 8, 9, 11, 17);16;17
(1, 8, 9, 12, 17);20;17
(1, 8, 9, 13, 17);16;17
(1, 8, 9, 14, 17);22;17
(1, 8, 9, 15, 17);16;17
(1, 8, 9, 16, 17);24;17
(1, 8, 10, 11, 17);3;67
(1, 8, 10, 12, 17);29;17
(1, 8, 10, 13, 17);23;17
(1, 8, 10, 14, 17);31;17
(1, 8, 10, 15, 17);25;17
(1, 8, 10, 16, 17);33;17
(1, 8, 11, 12, 17);45;61
(1, 8, 11, 13, 17);28;17
(1, 8, 11, 14, 17);25;17
(1, 8, 11, 15, 17);16;48
(1, 8, 11, 16, 17);27;17
(1, 8, 12, 13, 17);25;17
(1, 8, 12, 14, 17);31;17
(1, 8, 12, 15, 17);27;17
(1, 8, 12, 16, 17);33;17
(1, 8, 13, 14, 17);27;17
(1, 8, 13, 15, 17);30;17
(1, 8, 13, 16, 17);29;17
(1, 8, 14, 15, 17);29;17
(1, 8, 14, 16, 17);33;17
(1, 8, 15, 16, 17);31;17
(1, 9, 10, 11, 17);20;17
(1, 9, 10, 12, 17);22;17
(1, 9, 10, 13, 17);20;17
(1, 9, 10, 14, 17);24;17
(1, 9, 10, 15, 17);20;17
(1, 9, 10, 16, 17);26;17
(1, 9, 11, 12, 17);24;17
(1, 9, 11, 13, 17);2;17
(1, 9, 11, 14, 17);28;17
(1, 9, 11, 15, 17);2;17
(1, 9, 11, 16, 17);32;17
(1, 9, 12, 13, 17);24;17
(1, 9, 12, 14, 17);26;17
(1, 9, 12, 15, 17);24;17
(1, 9, 12, 16, 17);28;17
(1, 9, 13, 14, 17);28;17
(1, 9, 13, 15, 17);2;17
(1, 9, 13, 16, 17);32;17
(1, 9, 14, 15, 17);28;17
(1, 9, 14, 16, 17);30;17
(1, 9, 15, 16, 17);32;17
(1, 10, 11, 12, 17);22;17
(1, 10, 11, 13, 17);20;17
(1, 10, 11, 14, 17);24;17
(1, 10, 11, 15, 17);20;17
(1, 10, 11, 16, 17);26;17
(1, 10, 12, 13, 17);29;21
(1, 10, 12, 14, 17);31;17
(1, 10, 12, 15, 17);27;17
(1, 10, 12, 16, 17);33;17
(1, 10, 13, 14, 17);53;77
(1, 10, 13, 15, 17);23;27
(1, 10, 13, 16, 17);29;17
(1, 10, 14, 15, 17);29;17
(1, 10, 14, 16, 17);33;17
(1, 10, 15, 16, 17);31;17
(1, 11, 12, 13, 17);24;17
(1, 11, 12, 14, 17);26;17
(1, 11, 12, 15, 17);24;17
(1, 11, 12, 16, 17);28;17
(1, 11, 13, 14, 17);28;17
(1, 11, 13, 15, 17);2;17
(1, 11, 13, 16, 17);32;17
(1, 11, 14, 15, 17);28;17
(1, 11, 14, 16, 17);30;17
(1, 11, 15, 16, 17);32;17
(1, 12, 13, 14, 17);26;17
(1, 12, 13, 15, 17);24;17
(1, 12, 13, 16, 17);28;17
(1, 12, 14, 15, 17);29;17
(1, 12, 14, 16, 17);33;17
(1, 12, 15, 16, 17);31;17
(1, 13, 14, 15, 17);28;17
(1, 13, 14, 16, 17);30;17
(1, 13, 15, 16, 17);32;17
(1, 14, 15, 16, 17);30;17
(2, 3, 4, 5, 17);7;17
(2, 3, 4, 6, 17);28;17
(2, 3, 4, 7, 17);20;17
(2, 3, 4, 8, 17);25;17
(2, 3, 4, 9, 17);19;17
(2, 3, 4, 10, 17);19;17
(2, 3, 4, 11, 17);13;17
(2, 3, 4, 12, 17);14;17
(2, 3, 4, 13, 17);21;17
(2, 3, 4, 14, 17);31;17
(2, 3, 4, 15, 17);19;17
(2, 3, 4, 16, 17);19;17
(2, 3, 5, 6, 17);4;22
(2, 3, 5, 7, 17);19;17
(2, 3, 5, 8, 17);20;17
(2, 3, 5, 9, 17);7;17
(2, 3, 5, 10, 17);7;17
(2, 3, 5, 11, 17);7;17
(2, 3, 5, 12, 17);7;17
(2, 3, 5, 13, 17);15;17
(2, 3, 5, 14, 17);54;18
(2, 3, 5, 15, 17);20;17
(2, 3, 5, 16, 17);7;17
(2, 3, 6, 7, 17);23;17
(2, 3, 6, 8, 17);14;17
(2, 3, 6, 9, 17);4;34
(2, 3, 6, 10, 17);20;17
(2, 3, 6, 11, 17);23;17
(2, 3, 6, 12, 17);23;17
(2, 3, 6, 13, 17);19;17
(2, 3, 6, 14, 17);20;17
(2, 3, 6, 15, 17);32;17
(2, 3, 6, 16, 17);23;17
(2, 3, 7, 8, 17);5;17
(2, 3, 7, 9, 17);26;17
(2, 3, 7, 10, 17);33;17
(2, 3, 7, 11, 17);14;17
(2, 3, 7, 12, 17);5;17
(2, 3, 7, 13, 17);5;17
(2, 3, 7, 14, 17);31;17
(2, 3, 7, 15, 17);48;24
(2, 3, 7, 16, 17);19;17
(2, 3, 8, 9, 17);26;17
(2, 3, 8, 10, 17);25;21
(2, 3, 8, 11, 17);19;17
(2, 3, 8, 12, 17);5;17
(2, 3, 8, 13, 17);5;17
(2, 3, 8, 14, 17);31;17
(2, 3, 8, 15, 17);53;24
(2, 3, 8, 16, 17);24;17
(2, 3, 9, 10, 17);19;17
(2, 3, 9, 11, 17);13;24
(2, 3, 9, 12, 17);26;17
(2, 3, 9, 13, 17);26;17
(2, 3, 9, 14, 17);31;17
(2, 3, 9, 15, 17);72;17
(2, 3, 9, 16, 17);19;21
(2, 3, 10, 11, 17);13;17
(2, 3, 10, 12, 17);33;31
(2, 3, 10, 13, 17);67;17
(2, 3, 10, 14, 17);20;39
(2, 3, 10, 15, 17);19;21
(2, 3, 10, 16, 17);19;17
(2, 3, 11, 12, 17);14;17
(2, 3, 11, 13, 17);24;17
(2, 3, 11, 14, 17);25;17
(2, 3, 11, 15, 17);32;17
(2, 3, 11, 16, 17);14;17
(2, 3, 12, 13, 17);5;17
(2, 3, 12, 14, 17);31;17
(2, 3, 12, 15, 17);48;17
(2, 3, 12, 16, 17);19;17
(2, 3, 13, 14, 17);31;17
(2, 3, 13, 15, 17);29;25
(2, 3, 13, 16, 17);29;17
(2, 3, 14, 15, 17);29;17
(2, 3, 14, 16, 17);29;26
(2, 3, 15, 16, 17);19;58
(2, 4, 5, 6, 17);19;17
(2, 4, 5, 7, 17);19;17
(2, 4, 5, 8, 17);3;17
(2, 4, 5, 9, 17);7;17
(2, 4, 5, 10, 17);7;17
(2, 4, 5, 11, 17);7;17
(2, 4, 5, 12, 17);7;17
(2, 4, 5, 13, 17);15;17
(2, 4, 5, 14, 17);53;17
(2, 4, 5, 15, 17);20;17
(2, 4, 5, 16, 17);7;17
(2, 4, 6, 7, 17);19;17
(2, 4, 6, 8, 17);10;17
(2, 4, 6, 9, 17);8;17
(2, 4, 6, 10, 17);8;20
(2, 4, 6, 11, 17);13;20
(2, 4, 6, 12, 17);8;18
(2, 4, 6, 13, 17);34;17
(2, 4, 6, 14, 17);8;18
(2, 4, 6, 15, 17);19;17
(2, 4, 6, 16, 17);19;17
(2, 4, 7, 8, 17);21;17
(2, 4, 7, 9, 17);19;22
(2, 4, 7, 10, 17);33;17
(2, 4, 7, 11, 17);3;26
(2, 4, 7, 12, 17);19;17
(2, 4, 7, 13, 17);30;17
(2, 4, 7, 14, 17);21;17
(2, 4, 7, 15, 17);19;20
(2, 4, 7, 16, 17);3;41
(2, 4, 8, 9, 17);25;17
(2, 4, 8, 10, 17);25;17
(2, 4, 8, 11, 17);3;17
(2, 4, 8, 12, 17);21;20
(2, 4, 8, 13, 17);21;17
(2, 4, 8, 14, 17);3;21
(2, 4, 8, 15, 17);25;17
(2, 4, 8, 16, 17);25;17
(2, 4, 9, 10, 17);19;17
(2, 4, 9, 11, 17);13;17
(2, 4, 9, 12, 17);7;18
(2, 4, 9, 13, 17);48;17
(2, 4, 9, 14, 17);31;17
(2, 4, 9, 15, 17);19;17
(2, 4, 9, 16, 17);19;17
(2, 4, 10, 11, 17);13;17
(2, 4, 10, 12, 17);14;17
(2, 4, 10, 13, 17);41;17
(2, 4, 10, 14, 17);3;27
(2, 4, 10, 15, 17);19;17
(2, 4, 10, 16, 17);19;17
(2, 4, 11, 12, 17);14;17
(2, 4, 11, 13, 17);15;17
(2, 4, 11, 14, 17);3;17
(2, 4, 11, 15, 17);13;17
(2, 4, 11, 16, 17);13;17
(2, 4, 12, 13, 17);15;17
(2, 4, 12, 14, 17);16;49
(2, 4, 12, 15, 17);19;32
(2, 4, 12, 16, 17);14;17
(2, 4, 13, 14, 17);3;51
(2, 4, 13, 15, 17);56;17
(2, 4, 13, 16, 17);70;23
(2, 4, 14, 15, 17);31;17
(2, 4, 14, 16, 17);31;17
(2, 4, 15, 16, 17);19;17
(2, 5, 6, 7, 17);12;17
(2, 5, 6, 8, 17);34;40
(2, 5, 6, 9, 17);11;17
(2, 5, 6, 10, 17);15;17
(2, 5, 6, 11, 17);54;17
(2, 5, 6, 12, 17);29;17
(2, 5, 6, 13, 17);11;17
(2, 5, 6, 14, 17);19;17
(2, 5, 6, 15, 17);50;42
(2, 5, 6, 16, 17);11;17
(2, 5, 7, 8, 17);33;17
(2, 5, 7, 9, 17);26;17
(2, 5, 7, 10, 17);12;17
(2, 5, 7, 11, 17);22;17
(2, 5, 7, 12, 17);52;17
(2, 5, 7, 13, 17);3;57
(2, 5, 7, 14, 17);3;27
(2, 5, 7, 15, 17);22;17
(2, 5, 7, 16, 17);32;17
(2, 5, 8, 9, 17);25;17
(2, 5, 8, 10, 17);31;17
(2, 5, 8, 11, 17);19;20
(2, 5, 8, 12, 17);29;17
(2, 5, 8, 13, 17);47;24
(2, 5, 8, 14, 17);19;20
(2, 5, 8, 15, 17);53;42
(2, 5, 8, 16, 17);25;24
(2, 5, 9, 10, 17);15;45
(2, 5, 9, 11, 17);26;17
(2, 5, 9, 12, 17);29;17
(2, 5, 9, 13, 17);22;17
(2, 5, 9, 14, 17);19;42
(2, 5, 9, 15, 17);26;50
(2, 5, 9, 16, 17);11;31
(2, 5, 10, 11, 17);28;17
(2, 5, 10, 12, 17);22;17
(2, 5, 10, 13, 17);15;17
(2, 5, 10, 14, 17);19;18
(2, 5, 10, 15, 17);20;44
(2, 5, 10, 16, 17);26;43
(2, 5, 11, 12, 17);7;29
(2, 5, 11, 13, 17);60;17
(2, 5, 11, 14, 17);19;20
(2, 5, 11, 15, 17);26;17
(2, 5, 11, 16, 17);50;31
(2, 5, 12, 13, 17);29;17
(2, 5, 12, 14, 17);26;17
(2, 5, 12, 15, 17);59;23
(2, 5, 12, 16, 17);29;31
(2, 5, 13, 14, 17);19;23
(2, 5, 13, 15, 17);30;17
(2, 5, 13, 16, 17);11;21
(2, 5, 14, 15, 17);99;37
(2, 5, 14, 16, 17);30;23
(2, 5, 15, 16, 17);32;17
(2, 6, 7, 8, 17);14;19
(2, 6, 7, 9, 17);15;17
(2, 6, 7, 10, 17);24;17
(2, 6, 7, 11, 17);23;57
(2, 6, 7, 12, 17);23;17
(2, 6, 7, 13, 17);19;17
(2, 6, 7, 14, 17);24;17
(2, 6, 7, 15, 17);54;29
(2, 6, 7, 16, 17);23;17
(2, 6, 8, 9, 17);15;17
(2, 6, 8, 10, 17);16;39
(2, 6, 8, 11, 17);14;19
(2, 6, 8, 12, 17);14;19
(2, 6, 8, 13, 17);15;17
(2, 6, 8, 14, 17);16;22
(2, 6, 8, 15, 17);23;17
(2, 6, 8, 16, 17);14;19
(2, 6, 9, 10, 17);19;17
(2, 6, 9, 11, 17);42;17
(2, 6, 9, 12, 17);29;25
(2, 6, 9, 13, 17);15;17
(2, 6, 9, 14, 17);23;17
(2, 6, 9, 15, 17);54;17
(2, 6, 9, 16, 17);11;19
(2, 6, 10, 11, 17);27;17
(2, 6, 10, 12, 17);23;17
(2, 6, 10, 13, 17);23;17
(2, 6, 10, 14, 17);31;17
(2, 6, 10, 15, 17);31;17
(2, 6, 10, 16, 17);27;26
(2, 6, 11, 12, 17);23;17
(2, 6, 11, 13, 17);23;17
(2, 6, 11, 14, 17);28;17
(2, 6, 11, 15, 17);58;17
(2, 6, 11, 16, 17);27;22
(2, 6, 12, 13, 17);19;35
(2, 6, 12, 14, 17);50;17
(2, 6, 12, 15, 17);27;17
(2, 6, 12, 16, 17);46;27
(2, 6, 13, 14, 17);27;17
(2, 6, 13, 15, 17);58;17
(2, 6, 13, 16, 17);11;23
(2, 6, 14, 15, 17);31;17
(2, 6, 14, 16, 17);31;17
(2, 6, 15, 16, 17);31;17
(2, 7, 8, 9, 17);15;17
(2, 7, 8, 10, 17);3;48
(2, 7, 8, 11, 17);19;17
(2, 7, 8, 12, 17);5;17
(2, 7, 8, 13, 17);15;17
(2, 7, 8, 14, 17);3;52
(2, 7, 8, 15, 17);33;39
(2, 7, 8, 16, 17);24;17
(2, 7, 9, 10, 17);19;37
(2, 7, 9, 11, 17);19;17
(2, 7, 9, 12, 17);19;46
(2, 7, 9, 13, 17);15;17
(2, 7, 9, 14, 17);4;30
(2, 7, 9, 15, 17);23;17
(2, 7, 9, 16, 17);47;56
(2, 7, 10, 11, 17);24;17
(2, 7, 10, 12, 17);47;47
(2, 7, 10, 13, 17);43;17
(2, 7, 10, 14, 17);24;17
(2, 7, 10, 15, 17);56;24
(2, 7, 10, 16, 17);101;26
(2, 7, 11, 12, 17);28;17
(2, 7, 11, 13, 17);24;17
(2, 7, 11, 14, 17);28;23
(2, 7, 11, 15, 17);32;17
(2, 7, 11, 16, 17);28;21
(2, 7, 12, 13, 17);5;17
(2, 7, 12, 14, 17);72;17
(2, 7, 12, 15, 17);32;17
(2, 7, 12, 16, 17);33;17
(2, 7, 13, 14, 17);4;76
(2, 7, 13, 15, 17);28;17
(2, 7, 13, 16, 17);29;17
(2, 7, 14, 15, 17);60;17
(2, 7, 14, 16, 17);59;23
(2, 7, 15, 16, 17);32;17
(2, 8, 9, 10, 17);34;17
(2, 8, 9, 11, 17);19;17
(2, 8, 9, 12, 17);25;22
(2, 8, 9, 13, 17);26;17
(2, 8, 9, 14, 17);60;17
(2, 8, 9, 15, 17);135;57
(2, 8, 9, 16, 17);25;17
(2, 8, 10, 11, 17);19;17
(2, 8, 10, 12, 17);19;17
(2, 8, 10, 13, 17);34;17
(2, 8, 10, 14, 17);16;22
(2, 8, 10, 15, 17);23;17
(2, 8, 10, 16, 17);18;113
(2, 8, 11, 12, 17);19;17
(2, 8, 11, 13, 17);24;18
(2, 8, 11, 14, 17);19;28
(2, 8, 11, 15, 17);23;58
(2, 8, 11, 16, 17);19;18
(2, 8, 12, 13, 17);25;17
(2, 8, 12, 14, 17);29;28
(2, 8, 12, 15, 17);62;26
(2, 8, 12, 16, 17);24;23
(2, 8, 13, 14, 17);31;17
(2, 8, 13, 15, 17);29;17
(2, 8, 13, 16, 17);29;25
(2, 8, 14, 15, 17);32;64
(2, 8, 14, 16, 17);52;17
(2, 8, 15, 16, 17);33;87
(2, 9, 10, 11, 17);42;17
(2, 9, 10, 12, 17);19;48
(2, 9, 10, 13, 17);19;17
(2, 9, 10, 14, 17);23;17
(2, 9, 10, 15, 17);54;17
(2, 9, 10, 16, 17);26;17
(2, 9, 11, 12, 17);23;17
(2, 9, 11, 13, 17);42;17
(2, 9, 11, 14, 17);23;17
(2, 9, 11, 15, 17);50;17
(2, 9, 11, 16, 17);64;189
(2, 9, 12, 13, 17);29;17
(2, 9, 12, 14, 17);76;24
(2, 9, 12, 15, 17);57;17
(2, 9, 12, 16, 17);29;17
(2, 9, 13, 14, 17);23;27
(2, 9, 13, 15, 17);30;17
(2, 9, 13, 16, 17);33;17
(2, 9, 14, 15, 17);53;22
(2, 9, 14, 16, 17);30;17
(2, 9, 15, 16, 17);30;27
(2, 10, 11, 12, 17);23;17
(2, 10, 11, 13, 17);23;17
(2, 10, 11, 14, 17);28;17
(2, 10, 11, 15, 17);58;17
(2, 10, 11, 16, 17);27;17
(2, 10, 12, 13, 17);23;17
(2, 10, 12, 14, 17);50;17
(2, 10, 12, 15, 17);27;17
(2, 10, 12, 16, 17);50;17
(2, 10, 13, 14, 17);27;17
(2, 10, 13, 15, 17);58;17
(2, 10, 13, 16, 17);26;19
(2, 10, 14, 15, 17);31;17
(2, 10, 14, 16, 17);31;17
(2, 10, 15, 16, 17);31;17
(2, 11, 12, 13, 17);23;17
(2, 11, 12, 14, 17);29;84
(2, 11, 12, 15, 17);32;26
(2, 11, 12, 16, 17);28;21
(2, 11, 13, 14, 17);51;65
(2, 11, 13, 15, 17);27;17
(2, 11, 13, 16, 17);49;66
(2, 11, 14, 15, 17);32;31
(2, 11, 14, 16, 17);59;59
(2, 11, 15, 16, 17);32;17
(2, 12, 13, 14, 17);50;17
(2, 12, 13, 15, 17);27;17
(2, 12, 13, 16, 17);29;17
(2, 12, 14, 15, 17);27;17
(2, 12, 14, 16, 17);27;17
(2, 12, 15, 16, 17);32;26
(2, 13, 14, 15, 17);58;17
(2, 13, 14, 16, 17);30;17
(2, 13, 15, 16, 17);30;17
(2, 14, 15, 16, 17);31;17
(3, 4, 5, 6, 17);20;17
(3, 4, 5, 7, 17);10;17
(3, 4, 5, 8, 17);11;17
(3, 4, 5, 9, 17);14;17
(3, 4, 5, 10, 17);22;17
(3, 4, 5, 11, 17);22;17
(3, 4, 5, 12, 17);22;21
(3, 4, 5, 13, 17);30;17
(3, 4, 5, 14, 17);75;17
(3, 4, 5, 15, 17);20;17
(3, 4, 5, 16, 17);20;17
(3, 4, 6, 7, 17);10;17
(3, 4, 6, 8, 17);11;17
(3, 4, 6, 9, 17);12;17
(3, 4, 6, 10, 17);7;17
(3, 4, 6, 11, 17);22;17
(3, 4, 6, 12, 17);5;70
(3, 4, 6, 13, 17);10;26
(3, 4, 6, 14, 17);20;17
(3, 4, 6, 15, 17);20;17
(3, 4, 6, 16, 17);20;17
(3, 4, 7, 8, 17);11;17
(3, 4, 7, 9, 17);12;17
(3, 4, 7, 10, 17);13;17
(3, 4, 7, 11, 17);38;47
(3, 4, 7, 12, 17);21;17
(3, 4, 7, 13, 17);10;17
(3, 4, 7, 14, 17);10;17
(3, 4, 7, 15, 17);10;17
(3, 4, 7, 16, 17);10;17
(3, 4, 8, 9, 17);25;17
(3, 4, 8, 10, 17);25;17
(3, 4, 8, 11, 17);7;17
(3, 4, 8, 12, 17);21;42
(3, 4, 8, 13, 17);21;17
(3, 4, 8, 14, 17);9;69
(3, 4, 8, 15, 17);7;72
(3, 4, 8, 16, 17);25;17
(3, 4, 9, 10, 17);13;17
(3, 4, 9, 11, 17);20;17
(3, 4, 9, 12, 17);21;17
(3, 4, 9, 13, 17);70;59
(3, 4, 9, 14, 17);31;22
(3, 4, 9, 15, 17);32;17
(3, 4, 9, 16, 17);13;17
(3, 4, 10, 11, 17);7;17
(3, 4, 10, 12, 17);29;17
(3, 4, 10, 13, 17);7;35
(3, 4, 10, 14, 17);74;17
(3, 4, 10, 15, 17);32;27
(3, 4, 10, 16, 17);20;17
(3, 4, 11, 12, 17);29;17
(3, 4, 11, 13, 17);7;35
(3, 4, 11, 14, 17);27;21
(3, 4, 11, 15, 17);26;27
(3, 4, 11, 16, 17);27;17
(3, 4, 12, 13, 17);30;17
(3, 4, 12, 14, 17);27;21
(3, 4, 12, 15, 17);27;17
(3, 4, 12, 16, 17);28;17
(3, 4, 13, 14, 17);27;17
(3, 4, 13, 15, 17);27;22
(3, 4, 13, 16, 17);27;23
(3, 4, 14, 15, 17);18;83
(3, 4, 14, 16, 17);46;83
(3, 4, 15, 16, 17);32;71
(3, 5, 6, 7, 17);10;17
(3, 5, 6, 8, 17);11;17
(3, 5, 6, 9, 17);12;17
(3, 5, 6, 10, 17);20;17
(3, 5, 6, 11, 17);22;17
(3, 5, 6, 12, 17);11;44
(3, 5, 6, 13, 17);10;26
(3, 5, 6, 14, 17);20;17
(3, 5, 6, 15, 17);20;17
(3, 5, 6, 16, 17);20;17
(3, 5, 7, 8, 17);11;17
(3, 5, 7, 9, 17);12;17
(3, 5, 7, 10, 17);13;17
(3, 5, 7, 11, 17);2;22
(3, 5, 7, 12, 17);29;17
(3, 5, 7, 13, 17);10;17
(3, 5, 7, 14, 17);10;17
(3, 5, 7, 15, 17);10;17
(3, 5, 7, 16, 17);10;17
(3, 5, 8, 9, 17);12;17
(3, 5, 8, 10, 17);13;17
(3, 5, 8, 11, 17);14;17
(3, 5, 8, 12, 17);140;100
(3, 5, 8, 13, 17);21;20
(3, 5, 8, 14, 17);11;17
(3, 5, 8, 15, 17);11;17
(3, 5, 8, 16, 17);11;17
(3, 5, 9, 10, 17);14;17
(3, 5, 9, 11, 17);14;17
(3, 5, 9, 12, 17);7;17
(3, 5, 9, 13, 17);2;22
(3, 5, 9, 14, 17);28;71
(3, 5, 9, 15, 17);2;22
(3, 5, 9, 16, 17);32;19
(3, 5, 10, 11, 17);22;17
(3, 5, 10, 12, 17);22;17
(3, 5, 10, 13, 17);4;43
(3, 5, 10, 14, 17);47;20
(3, 5, 10, 15, 17);20;17
(3, 5, 10, 16, 17);21;17
(3, 5, 11, 12, 17);22;21
(3, 5, 11, 13, 17);2;30
(3, 5, 11, 14, 17);28;17
(3, 5, 11, 15, 17);2;50
(3, 5, 11, 16, 17);21;42
(3, 5, 12, 13, 17);30;17
(3, 5, 12, 14, 17);28;53
(3, 5, 12, 15, 17);28;106
(3, 5, 12, 16, 17);7;75
(3, 5, 13, 14, 17);28;36
(3, 5, 13, 15, 17);2;50
(3, 5, 13, 16, 17);10;25
(3, 5, 14, 15, 17);20;23
(3, 5, 14, 16, 17);20;23
(3, 5, 15, 16, 17);20;17
(3, 6, 7, 8, 17);11;17
(3, 6, 7, 9, 17);12;17
(3, 6, 7, 10, 17);13;17
(3, 6, 7, 11, 17);23;26
(3, 6, 7, 12, 17);23;17
(3, 6, 7, 13, 17);10;17
(3, 6, 7, 14, 17);10;17
(3, 6, 7, 15, 17);10;17
(3, 6, 7, 16, 17);10;17
(3, 6, 8, 9, 17);12;17
(3, 6, 8, 10, 17);13;17
(3, 6, 8, 11, 17);14;17
(3, 6, 8, 12, 17);14;17
(3, 6, 8, 13, 17);16;32
(3, 6, 8, 14, 17);11;17
(3, 6, 8, 15, 17);11;17
(3, 6, 8, 16, 17);11;17
(3, 6, 9, 10, 17);13;17
(3, 6, 9, 11, 17);14;17
(3, 6, 9, 12, 17);15;18
(3, 6, 9, 13, 17);4;18
(3, 6, 9, 14, 17);4;38
(3, 6, 9, 15, 17);12;17
(3, 6, 9, 16, 17);12;17
(3, 6, 10, 11, 17);7;17
(3, 6, 10, 12, 17);9;43
(3, 6, 10, 13, 17);4;54
(3, 6, 10, 14, 17);20;17
(3, 6, 10, 15, 17);33;17
(3, 6, 10, 16, 17);33;17
(3, 6, 11, 12, 17);23;17
(3, 6, 11, 13, 17);19;45
(3, 6, 11, 14, 17);78;17
(3, 6, 11, 15, 17);14;56
(3, 6, 11, 16, 17);22;39
(3, 6, 12, 13, 17);19;28
(3, 6, 12, 14, 17);29;17
(3, 6, 12, 15, 17);29;17
(3, 6, 12, 16, 17);51;17
(3, 6, 13, 14, 17);10;26
(3, 6, 13, 15, 17);10;26
(3, 6, 13, 16, 17);10;26
(3, 6, 14, 15, 17);20;17
(3, 6, 14, 16, 17);20;17
(3, 6, 15, 16, 17);20;17
(3, 7, 8, 9, 17);26;17
(3, 7, 8, 10, 17);53;46
(3, 7, 8, 11, 17);19;17
(3, 7, 8, 12, 17);5;17
(3, 7, 8, 13, 17);5;21
(3, 7, 8, 14, 17);31;17
(3, 7, 8, 15, 17);22;44
(3, 7, 8, 16, 17);24;28
(3, 7, 9, 10, 17);20;74
(3, 7, 9, 11, 17);2;22
(3, 7, 9, 12, 17);20;18
(3, 7, 9, 13, 17);2;22
(3, 7, 9, 14, 17);28;39
(3, 7, 9, 15, 17);2;22
(3, 7, 9, 16, 17);62;17
(3, 7, 10, 11, 17);74;50
(3, 7, 10, 12, 17);33;23
(3, 7, 10, 13, 17);20;17
(3, 7, 10, 14, 17);66;17
(3, 7, 10, 15, 17);20;17
(3, 7, 10, 16, 17);52;39
(3, 7, 11, 12, 17);14;17
(3, 7, 11, 13, 17);2;22
(3, 7, 11, 14, 17);28;28
(3, 7, 11, 15, 17);2;22
(3, 7, 11, 16, 17);14;40
(3, 7, 12, 13, 17);5;19
(3, 7, 12, 14, 17);31;50
(3, 7, 12, 15, 17);24;48
(3, 7, 12, 16, 17);19;20
(3, 7, 13, 14, 17);10;24
(3, 7, 13, 15, 17);30;17
(3, 7, 13, 16, 17);10;39
(3, 7, 14, 15, 17);10;25
(3, 7, 14, 16, 17);30;17
(3, 7, 15, 16, 17);32;23
(3, 8, 9, 10, 17);25;17
(3, 8, 9, 11, 17);20;17
(3, 8, 9, 12, 17);20;17
(3, 8, 9, 13, 17);26;17
(3, 8, 9, 14, 17);204;30
(3, 8, 9, 15, 17);25;47
(3, 8, 9, 16, 17);25;17
(3, 8, 10, 11, 17);20;17
(3, 8, 10, 12, 17);20;17
(3, 8, 10, 13, 17);47;33
(3, 8, 10, 14, 17);31;28
(3, 8, 10, 15, 17);25;17
(3, 8, 10, 16, 17);25;23
(3, 8, 11, 12, 17);20;38
(3, 8, 11, 13, 17);16;103
(3, 8, 11, 14, 17);72;17
(3, 8, 11, 15, 17);38;45
(3, 8, 11, 16, 17);19;37
(3, 8, 12, 13, 17);5;21
(3, 8, 12, 14, 17);31;51
(3, 8, 12, 15, 17);9;61
(3, 8, 12, 16, 17);24;64
(3, 8, 13, 14, 17);31;17
(3, 8, 13, 15, 17);30;17
(3, 8, 13, 16, 17);80;17
(3, 8, 14, 15, 17);31;24
(3, 8, 14, 16, 17);31;25
(3, 8, 15, 16, 17);25;25
(3, 9, 10, 11, 17);20;17
(3, 9, 10, 12, 17);20;17
(3, 9, 10, 13, 17);74;60
(3, 9, 10, 14, 17);26;17
(3, 9, 10, 15, 17);32;17
(3, 9, 10, 16, 17);26;17
(3, 9, 11, 12, 17);20;17
(3, 9, 11, 13, 17);2;48
(3, 9, 11, 14, 17);26;17
(3, 9, 11, 15, 17);26;17
(3, 9, 11, 16, 17);20;17
(3, 9, 12, 13, 17);46;25
(3, 9, 12, 14, 17);26;17
(3, 9, 12, 15, 17);26;17
(3, 9, 12, 16, 17);26;23
(3, 9, 13, 14, 17);58;17
(3, 9, 13, 15, 17);2;28
(3, 9, 13, 16, 17);82;17
(3, 9, 14, 15, 17);31;30
(3, 9, 14, 16, 17);31;17
(3, 9, 15, 16, 17);32;17
(3, 10, 11, 12, 17);29;27
(3, 10, 11, 13, 17);20;37
(3, 10, 11, 14, 17);26;17
(3, 10, 11, 15, 17);26;17
(3, 10, 11, 16, 17);27;17
(3, 10, 12, 13, 17);67;17
(3, 10, 12, 14, 17);26;17
(3, 10, 12, 15, 17);26;17
(3, 10, 12, 16, 17);33;26
(3, 10, 13, 14, 17);26;17
(3, 10, 13, 15, 17);26;17
(3, 10, 13, 16, 17);26;17
(3, 10, 14, 15, 17);31;17
(3, 10, 14, 16, 17);59;25
(3, 10, 15, 16, 17);32;17
(3, 11, 12, 13, 17);24;28
(3, 11, 12, 14, 17);26;17
(3, 11, 12, 15, 17);26;17
(3, 11, 12, 16, 17);28;17
(3, 11, 13, 14, 17);26;17
(3, 11, 13, 15, 17);26;17
(3, 11, 13, 16, 17);26;17
(3, 11, 14, 15, 17);26;17
(3, 11, 14, 16, 17);26;17
(3, 11, 15, 16, 17);26;17
(3, 12, 13, 14, 17);26;17
(3, 12, 13, 15, 17);26;17
(3, 12, 13, 16, 17);26;17
(3, 12, 14, 15, 17);26;17
(3, 12, 14, 16, 17);26;17
(3, 12, 15, 16, 17);26;17
(3, 13, 14, 15, 17);28;58
(3, 13, 14, 16, 17);57;30
(3, 13, 15, 16, 17);56;24
(3, 14, 15, 16, 17);31;17
(4, 5, 6, 7, 17);11;17
(4, 5, 6, 8, 17);12;17
(4, 5, 6, 9, 17);13;17
(4, 5, 6, 10, 17);23;69
(4, 5, 6, 11, 17);22;17
(4, 5, 6, 12, 17);21;31
(4, 5, 6, 13, 17);30;17
(4, 5, 6, 14, 17);31;17
(4, 5, 6, 15, 17);21;17
(4, 5, 6, 16, 17);21;17
(4, 5, 7, 8, 17);12;17
(4, 5, 7, 9, 17);13;17
(4, 5, 7, 10, 17);27;17
(4, 5, 7, 11, 17);3;49
(4, 5, 7, 12, 17);54;108
(4, 5, 7, 13, 17);10;18
(4, 5, 7, 14, 17);21;17
(4, 5, 7, 15, 17);11;17
(4, 5, 7, 16, 17);11;17
(4, 5, 8, 9, 17);13;17
(4, 5, 8, 10, 17);27;17
(4, 5, 8, 11, 17);3;28
(4, 5, 8, 12, 17);9;94
(4, 5, 8, 13, 17);21;17
(4, 5, 8, 14, 17);22;17
(4, 5, 8, 15, 17);23;17
(4, 5, 8, 16, 17);12;17
(4, 5, 9, 10, 17);14;36
(4, 5, 9, 11, 17);7;26
(4, 5, 9, 12, 17);21;41
(4, 5, 9, 13, 17);21;17
(4, 5, 9, 14, 17);39;59
(4, 5, 9, 15, 17);34;21
(4, 5, 9, 16, 17);7;25
(4, 5, 10, 11, 17);22;44
(4, 5, 10, 12, 17);22;17
(4, 5, 10, 13, 17);3;95
(4, 5, 10, 14, 17);3;44
(4, 5, 10, 15, 17);20;53
(4, 5, 10, 16, 17);21;17
(4, 5, 11, 12, 17);22;35
(4, 5, 11, 13, 17);30;64
(4, 5, 11, 14, 17);3;25
(4, 5, 11, 15, 17);50;43
(4, 5, 11, 16, 17);21;83
(4, 5, 12, 13, 17);114;29
(4, 5, 12, 14, 17);29;17
(4, 5, 12, 15, 17);29;17
(4, 5, 12, 16, 17);81;81
(4, 5, 13, 14, 17);30;17
(4, 5, 13, 15, 17);30;17
(4, 5, 13, 16, 17);30;17
(4, 5, 14, 15, 17);31;25
(4, 5, 14, 16, 17);31;25
(4, 5, 15, 16, 17);21;25
(4, 6, 7, 8, 17);12;17
(4, 6, 7, 9, 17);13;17
(4, 6, 7, 10, 17);27;17
(4, 6, 7, 11, 17);18;82
(4, 6, 7, 12, 17);13;36
(4, 6, 7, 13, 17);10;18
(4, 6, 7, 14, 17);21;17
(4, 6, 7, 15, 17);11;17
(4, 6, 7, 16, 17);11;17
(4, 6, 8, 9, 17);13;17
(4, 6, 8, 10, 17);27;17
(4, 6, 8, 11, 17);34;27
(4, 6, 8, 12, 17);16;57
(4, 6, 8, 13, 17);21;17
(4, 6, 8, 14, 17);22;17
(4, 6, 8, 15, 17);23;17
(4, 6, 8, 16, 17);12;17
(4, 6, 9, 10, 17);27;17
(4, 6, 9, 11, 17);28;70
(4, 6, 9, 12, 17);18;34
(4, 6, 9, 13, 17);21;17
(4, 6, 9, 14, 17);23;23
(4, 6, 9, 15, 17);21;28
(4, 6, 9, 16, 17);50;17
(4, 6, 10, 11, 17);51;33
(4, 6, 10, 12, 17);16;52
(4, 6, 10, 13, 17);21;17
(4, 6, 10, 14, 17);21;17
(4, 6, 10, 15, 17);21;51
(4, 6, 10, 16, 17);34;63
(4, 6, 11, 12, 17);23;17
(4, 6, 11, 13, 17);96;66
(4, 6, 11, 14, 17);28;66
(4, 6, 11, 15, 17);94;94
(4, 6, 11, 16, 17);22;61
(4, 6, 12, 13, 17);29;139
(4, 6, 12, 14, 17);18;33
(4, 6, 12, 15, 17);21;31
(4, 6, 12, 16, 17);110;31
(4, 6, 13, 14, 17);30;17
(4, 6, 13, 15, 17);30;17
(4, 6, 13, 16, 17);30;17
(4, 6, 14, 15, 17);31;17
(4, 6, 14, 16, 17);31;17
(4, 6, 15, 16, 17);21;17
(4, 7, 8, 9, 17);13;17
(4, 7, 8, 10, 17);27;17
(4, 7, 8, 11, 17);15;44
(4, 7, 8, 12, 17);21;24
(4, 7, 8, 13, 17);21;17
(4, 7, 8, 14, 17);22;17
(4, 7, 8, 15, 17);23;17
(4, 7, 8, 16, 17);12;17
(4, 7, 9, 10, 17);27;17
(4, 7, 9, 11, 17);18;49
(4, 7, 9, 12, 17);8;47
(4, 7, 9, 13, 17);21;17
(4, 7, 9, 14, 17);21;23
(4, 7, 9, 15, 17);24;17
(4, 7, 9, 16, 17);50;17
(4, 7, 10, 11, 17);42;17
(4, 7, 10, 12, 17);27;24
(4, 7, 10, 13, 17);21;17
(4, 7, 10, 14, 17);21;17
(4, 7, 10, 15, 17);61;50
(4, 7, 10, 16, 17);34;59
(4, 7, 11, 12, 17);21;84
(4, 7, 11, 13, 17);21;17
(4, 7, 11, 14, 17);21;17
(4, 7, 11, 15, 17);21;17
(4, 7, 11, 16, 17);23;55
(4, 7, 12, 13, 17);30;21
(4, 7, 12, 14, 17);21;80
(4, 7, 12, 15, 17);8;54
(4, 7, 12, 16, 17);43;107
(4, 7, 13, 14, 17);10;18
(4, 7, 13, 15, 17);10;18
(4, 7, 13, 16, 17);10;18
(4, 7, 14, 15, 17);21;17
(4, 7, 14, 16, 17);21;17
(4, 7, 15, 16, 17);11;17
(4, 8, 9, 10, 17);25;18
(4, 8, 9, 11, 17);19;18
(4, 8, 9, 12, 17);76;17
(4, 8, 9, 13, 17);21;17
(4, 8, 9, 14, 17);23;17
(4, 8, 9, 15, 17);24;17
(4, 8, 9, 16, 17);25;17
(4, 8, 10, 11, 17);21;34
(4, 8, 10, 12, 17);56;20
(4, 8, 10, 13, 17);21;17
(4, 8, 10, 14, 17);21;17
(4, 8, 10, 15, 17);7;39
(4, 8, 10, 16, 17);25;25
(4, 8, 11, 12, 17);15;49
(4, 8, 11, 13, 17);21;17
(4, 8, 11, 14, 17);21;17
(4, 8, 11, 15, 17);21;17
(4, 8, 11, 16, 17);46;21
(4, 8, 12, 13, 17);21;17
(4, 8, 12, 14, 17);21;17
(4, 8, 12, 15, 17);21;17
(4, 8, 12, 16, 17);21;17
(4, 8, 13, 14, 17);21;17
(4, 8, 13, 15, 17);21;17
(4, 8, 13, 16, 17);21;17
(4, 8, 14, 15, 17);22;17
(4, 8, 14, 16, 17);22;17
(4, 8, 15, 16, 17);23;17
(4, 9, 10, 11, 17);20;19
(4, 9, 10, 12, 17);21;17
(4, 9, 10, 13, 17);92;17
(4, 9, 10, 14, 17);21;56
(4, 9, 10, 15, 17);32;25
(4, 9, 10, 16, 17);13;21
(4, 9, 11, 12, 17);21;17
(4, 9, 11, 13, 17);92;17
(4, 9, 11, 14, 17);28;35
(4, 9, 11, 15, 17);26;17
(4, 9, 11, 16, 17);20;21
(4, 9, 12, 13, 17);92;17
(4, 9, 12, 14, 17);26;23
(4, 9, 12, 15, 17);8;55
(4, 9, 12, 16, 17);7;40
(4, 9, 13, 14, 17);26;26
(4, 9, 13, 15, 17);50;24
(4, 9, 13, 16, 17);48;17
(4, 9, 14, 15, 17);29;45
(4, 9, 14, 16, 17);33;25
(4, 9, 15, 16, 17);32;29
(4, 10, 11, 12, 17);29;20
(4, 10, 11, 13, 17);50;17
(4, 10, 11, 14, 17);3;57
(4, 10, 11, 15, 17);75;17
(4, 10, 11, 16, 17);27;21
(4, 10, 12, 13, 17);30;50
(4, 10, 12, 14, 17);24;59
(4, 10, 12, 15, 17);27;17
(4, 10, 12, 16, 17);28;17
(4, 10, 13, 14, 17);50;27
(4, 10, 13, 15, 17);27;17
(4, 10, 13, 16, 17);55;60
(4, 10, 14, 15, 17);48;37
(4, 10, 14, 16, 17);48;111
(4, 10, 15, 16, 17);32;37
(4, 11, 12, 13, 17);30;28
(4, 11, 12, 14, 17);28;17
(4, 11, 12, 15, 17);28;55
(4, 11, 12, 16, 17);28;17
(4, 11, 13, 14, 17);28;40
(4, 11, 13, 15, 17);28;17
(4, 11, 13, 16, 17);28;28
(4, 11, 14, 15, 17);28;55
(4, 11, 14, 16, 17);28;17
(4, 11, 15, 16, 17);27;40
(4, 12, 13, 14, 17);29;17
(4, 12, 13, 15, 17);29;17
(4, 12, 13, 16, 17);29;17
(4, 12, 14, 15, 17);29;17
(4, 12, 14, 16, 17);29;17
(4, 12, 15, 16, 17);29;17
(4, 13, 14, 15, 17);29;17
(4, 13, 14, 16, 17);29;17
(4, 13, 15, 16, 17);29;17
(4, 14, 15, 16, 17);31;39
(5, 6, 7, 8, 17);25;17
(5, 6, 7, 9, 17);26;17
(5, 6, 7, 10, 17);12;23
(5, 6, 7, 11, 17);12;48
(5, 6, 7, 12, 17);22;17
(5, 6, 7, 13, 17);4;82
(5, 6, 7, 14, 17);21;33
(5, 6, 7, 15, 17);22;17
(5, 6, 7, 16, 17);23;17
(5, 6, 8, 9, 17);26;17
(5, 6, 8, 10, 17);27;17
(5, 6, 8, 11, 17);35;73
(5, 6, 8, 12, 17);22;17
(5, 6, 8, 13, 17);22;17
(5, 6, 8, 14, 17);22;17
(5, 6, 8, 15, 17);23;17
(5, 6, 8, 16, 17);24;17
(5, 6, 9, 10, 17);15;30
(5, 6, 9, 11, 17);38;163
(5, 6, 9, 12, 17);22;17
(5, 6, 9, 13, 17);22;17
(5, 6, 9, 14, 17);22;17
(5, 6, 9, 15, 17);24;22
(5, 6, 9, 16, 17);11;40
(5, 6, 10, 11, 17);23;20
(5, 6, 10, 12, 17);22;17
(5, 6, 10, 13, 17);22;17
(5, 6, 10, 14, 17);22;17
(5, 6, 10, 15, 17);22;17
(5, 6, 10, 16, 17);11;44
(5, 6, 11, 12, 17);22;17
(5, 6, 11, 13, 17);22;17
(5, 6, 11, 14, 17);22;17
(5, 6, 11, 15, 17);22;17
(5, 6, 11, 16, 17);22;17
(5, 6, 12, 13, 17);29;25
(5, 6, 12, 14, 17);11;31
(5, 6, 12, 15, 17);53;37
(5, 6, 12, 16, 17);11;43
(5, 6, 13, 14, 17);30;19
(5, 6, 13, 15, 17);30;17
(5, 6, 13, 16, 17);11;41
(5, 6, 14, 15, 17);31;26
(5, 6, 14, 16, 17);31;27
(5, 6, 15, 16, 17);32;17
(5, 7, 8, 9, 17);26;17
(5, 7, 8, 10, 17);27;17
(5, 7, 8, 11, 17);28;71
(5, 7, 8, 12, 17);22;17
(5, 7, 8, 13, 17);22;17
(5, 7, 8, 14, 17);22;17
(5, 7, 8, 15, 17);23;17
(5, 7, 8, 16, 17);24;17
(5, 7, 9, 10, 17);27;17
(5, 7, 9, 11, 17);2;26
(5, 7, 9, 12, 17);22;17
(5, 7, 9, 13, 17);22;17
(5, 7, 9, 14, 17);22;17
(5, 7, 9, 15, 17);2;48
(5, 7, 9, 16, 17);25;17
(5, 7, 10, 11, 17);3;45
(5, 7, 10, 12, 17);22;17
(5, 7, 10, 13, 17);22;17
(5, 7, 10, 14, 17);22;17
(5, 7, 10, 15, 17);22;17
(5, 7, 10, 16, 17);23;23
(5, 7, 11, 12, 17);22;17
(5, 7, 11, 13, 17);22;17
(5, 7, 11, 14, 17);22;17
(5, 7, 11, 15, 17);22;17
(5, 7, 11, 16, 17);22;17
(5, 7, 12, 13, 17);22;17
(5, 7, 12, 14, 17);22;17
(5, 7, 12, 15, 17);22;17
(5, 7, 12, 16, 17);22;17
(5, 7, 13, 14, 17);10;32
(5, 7, 13, 15, 17);2;46
(5, 7, 13, 16, 17);32;26
(5, 7, 14, 15, 17);42;32
(5, 7, 14, 16, 17);21;37
(5, 7, 15, 16, 17);22;17
(5, 8, 9, 10, 17);13;25
(5, 8, 9, 11, 17);26;44
(5, 8, 9, 12, 17);22;17
(5, 8, 9, 13, 17);22;17
(5, 8, 9, 14, 17);22;17
(5, 8, 9, 15, 17);24;17
(5, 8, 9, 16, 17);25;17
(5, 8, 10, 11, 17);34;43
(5, 8, 10, 12, 17);22;17
(5, 8, 10, 13, 17);22;17
(5, 8, 10, 14, 17);22;17
(5, 8, 10, 15, 17);22;17
(5, 8, 10, 16, 17);46;22
(5, 8, 11, 12, 17);22;17
(5, 8, 11, 13, 17);22;17
(5, 8, 11, 14, 17);22;17
(5, 8, 11, 15, 17);22;17
(5, 8, 11, 16, 17);22;17
(5, 8, 12, 13, 17);22;17
(5, 8, 12, 14, 17);22;17
(5, 8, 12, 15, 17);22;17
(5, 8, 12, 16, 17);22;17
(5, 8, 13, 14, 17);22;17
(5, 8, 13, 15, 17);22;17
(5, 8, 13, 16, 17);22;17
(5, 8, 14, 15, 17);22;17
(5, 8, 14, 16, 17);22;17
(5, 8, 15, 16, 17);23;17
(5, 9, 10, 11, 17);14;26
(5, 9, 10, 12, 17);22;17
(5, 9, 10, 13, 17);22;17
(5, 9, 10, 14, 17);22;17
(5, 9, 10, 15, 17);22;17
(5, 9, 10, 16, 17);26;44
(5, 9, 11, 12, 17);22;17
(5, 9, 11, 13, 17);22;17
(5, 9, 11, 14, 17);22;17
(5, 9, 11, 15, 17);22;17
(5, 9, 11, 16, 17);22;17
(5, 9, 12, 13, 17);22;17
(5, 9, 12, 14, 17);22;17
(5, 9, 12, 15, 17);22;17
(5, 9, 12, 16, 17);22;17
(5, 9, 13, 14, 17);22;17
(5, 9, 13, 15, 17);22;17
(5, 9, 13, 16, 17);22;17
(5, 9, 14, 15, 17);22;17
(5, 9, 14, 16, 17);22;17
(5, 9, 15, 16, 17);32;54
(5, 10, 11, 12, 17);22;17
(5, 10, 11, 13, 17);22;17
(5, 10, 11, 14, 17);22;17
(5, 10, 11, 15, 17);22;17
(5, 10, 11, 16, 17);22;17
(5, 10, 12, 13, 17);22;17
(5, 10, 12, 14, 17);22;17
(5, 10, 12, 15, 17);22;17
(5, 10, 12, 16, 17);22;17
(5, 10, 13, 14, 17);22;17
(5, 10, 13, 15, 17);22;17
(5, 10, 13, 16, 17);22;17
(5, 10, 14, 15, 17);22;17
(5, 10, 14, 16, 17);22;17
(5, 10, 15, 16, 17);22;17
(5, 11, 12, 13, 17);24;89
(5, 11, 12, 14, 17);51;28
(5, 11, 12, 15, 17);52;19
(5, 11, 12, 16, 17);74;51
(5, 11, 13, 14, 17);22;36
(5, 11, 13, 15, 17);2;26
(5, 11, 13, 16, 17);74;24
(5, 11, 14, 15, 17);28;106
(5, 11, 14, 16, 17);53;39
(5, 11, 15, 16, 17);72;40
(5, 12, 13, 14, 17);51;105
(5, 12, 13, 15, 17);29;17
(5, 12, 13, 16, 17);82;68
(5, 12, 14, 15, 17);29;17
(5, 12, 14, 16, 17);29;17
(5, 12, 15, 16, 17);52;20
(5, 13, 14, 15, 17);30;17
(5, 13, 14, 16, 17);30;17
(5, 13, 15, 16, 17);30;17
(5, 14, 15, 16, 17);31;17
(6, 7, 8, 9, 17);26;17
(6, 7, 8, 10, 17);27;25
(6, 7, 8, 11, 17);23;17
(6, 7, 8, 12, 17);23;17
(6, 7, 8, 13, 17);23;17
(6, 7, 8, 14, 17);23;17
(6, 7, 8, 15, 17);23;17
(6, 7, 8, 16, 17);24;17
(6, 7, 9, 10, 17);8;62
(6, 7, 9, 11, 17);23;17
(6, 7, 9, 12, 17);23;17
(6, 7, 9, 13, 17);23;17
(6, 7, 9, 14, 17);23;17
(6, 7, 9, 15, 17);23;17
(6, 7, 9, 16, 17);23;17
(6, 7, 10, 11, 17);23;17
(6, 7, 10, 12, 17);23;17
(6, 7, 10, 13, 17);23;17
(6, 7, 10, 14, 17);23;17
(6, 7, 10, 15, 17);23;17
(6, 7, 10, 16, 17);23;17
(6, 7, 11, 12, 17);23;17
(6, 7, 11, 13, 17);23;17
(6, 7, 11, 14, 17);23;17
(6, 7, 11, 15, 17);23;17
(6, 7, 11, 16, 17);23;17
(6, 7, 12, 13, 17);23;17
(6, 7, 12, 14, 17);23;17
(6, 7, 12, 15, 17);23;17
(6, 7, 12, 16, 17);23;17
(6, 7, 13, 14, 17);23;17
(6, 7, 13, 15, 17);23;17
(6, 7, 13, 16, 17);23;17
(6, 7, 14, 15, 17);21;34
(6, 7, 14, 16, 17);23;17
(6, 7, 15, 16, 17);22;35
(6, 8, 9, 10, 17);34;114
(6, 8, 9, 11, 17);23;17
(6, 8, 9, 12, 17);23;17
(6, 8, 9, 13, 17);23;17
(6, 8, 9, 14, 17);23;17
(6, 8, 9, 15, 17);23;17
(6, 8, 9, 16, 17);25;17
(6, 8, 10, 11, 17);23;17
(6, 8, 10, 12, 17);23;17
(6, 8, 10, 13, 17);23;17
(6, 8, 10, 14, 17);23;17
(6, 8, 10, 15, 17);23;17
(6, 8, 10, 16, 17);23;17
(6, 8, 11, 12, 17);23;17
(6, 8, 11, 13, 17);23;17
(6, 8, 11, 14, 17);23;17
(6, 8, 11, 15, 17);23;17
(6, 8, 11, 16, 17);23;17
(6, 8, 12, 13, 17);23;17
(6, 8, 12, 14, 17);23;17
(6, 8, 12, 15, 17);23;17
(6, 8, 12, 16, 17);23;17
(6, 8, 13, 14, 17);23;17
(6, 8, 13, 15, 17);23;17
(6, 8, 13, 16, 17);23;17
(6, 8, 14, 15, 17);23;17
(6, 8, 14, 16, 17);23;17
(6, 8, 15, 16, 17);23;17
(6, 9, 10, 11, 17);23;17
(6, 9, 10, 12, 17);23;17
(6, 9, 10, 13, 17);23;17
(6, 9, 10, 14, 17);23;17
(6, 9, 10, 15, 17);23;17
(6, 9, 10, 16, 17);23;17
(6, 9, 11, 12, 17);23;17
(6, 9, 11, 13, 17);23;17
(6, 9, 11, 14, 17);23;17
(6, 9, 11, 15, 17);23;17
(6, 9, 11, 16, 17);23;17
(6, 9, 12, 13, 17);23;17
(6, 9, 12, 14, 17);23;17
(6, 9, 12, 15, 17);23;17
(6, 9, 12, 16, 17);23;17
(6, 9, 13, 14, 17);23;17
(6, 9, 13, 15, 17);23;17
(6, 9, 13, 16, 17);23;17
(6, 9, 14, 15, 17);23;17
(6, 9, 14, 16, 17);23;17
(6, 9, 15, 16, 17);23;17
(6, 10, 11, 12, 17);23;17
(6, 10, 11, 13, 17);23;17
(6, 10, 11, 14, 17);23;17
(6, 10, 11, 15, 17);23;17
(6, 10, 11, 16, 17);23;17
(6, 10, 12, 13, 17);23;17
(6, 10, 12, 14, 17);23;17
(6, 10, 12, 15, 17);23;17
(6, 10, 12, 16, 17);23;17
(6, 10, 13, 14, 17);23;17
(6, 10, 13, 15, 17);23;17
(6, 10, 13, 16, 17);23;17
(6, 10, 14, 15, 17);23;17
(6, 10, 14, 16, 17);23;17
(6, 10, 15, 16, 17);23;17
(6, 11, 12, 13, 17);23;17
(6, 11, 12, 14, 17);23;17
(6, 11, 12, 15, 17);23;17
(6, 11, 12, 16, 17);23;17
(6, 11, 13, 14, 17);23;17
(6, 11, 13, 15, 17);23;17
(6, 11, 13, 16, 17);23;17
(6, 11, 14, 15, 17);23;17
(6, 11, 14, 16, 17);23;17
(6, 11, 15, 16, 17);23;17
(6, 12, 13, 14, 17);23;17
(6, 12, 13, 15, 17);23;17
(6, 12, 13, 16, 17);23;17
(6, 12, 14, 15, 17);23;17
(6, 12, 14, 16, 17);23;17
(6, 12, 15, 16, 17);23;17
(6, 13, 14, 15, 17);51;74
(6, 13, 14, 16, 17);30;17
(6, 13, 15, 16, 17);30;59
(6, 14, 15, 16, 17);31;29
(7, 8, 9, 10, 17);24;17
(7, 8, 9, 11, 17);24;17
(7, 8, 9, 12, 17);24;17
(7, 8, 9, 13, 17);24;17
(7, 8, 9, 14, 17);24;17
(7, 8, 9, 15, 17);24;17
(7, 8, 9, 16, 17);24;17
(7, 8, 10, 11, 17);24;17
(7, 8, 10, 12, 17);24;17
(7, 8, 10, 13, 17);24;17
(7, 8, 10, 14, 17);24;17
(7, 8, 10, 15, 17);24;17
(7, 8, 10, 16, 17);24;17
(7, 8, 11, 12, 17);24;17
(7, 8, 11, 13, 17);24;17
(7, 8, 11, 14, 17);24;17
(7, 8, 11, 15, 17);24;17
(7, 8, 11, 16, 17);24;17
(7, 8, 12, 13, 17);24;17
(7, 8, 12, 14, 17);24;17
(7, 8, 12, 15, 17);24;17
(7, 8, 12, 16, 17);24;17
(7, 8, 13, 14, 17);24;17
(7, 8, 13, 15, 17);24;17
(7, 8, 13, 16, 17);24;17
(7, 8, 14, 15, 17);24;17
(7, 8, 14, 16, 17);24;17
(7, 8, 15, 16, 17);24;17
(7, 9, 10, 11, 17);24;17
(7, 9, 10, 12, 17);24;17
(7, 9, 10, 13, 17);24;17
(7, 9, 10, 14, 17);24;17
(7, 9, 10, 15, 17);24;17
(7, 9, 10, 16, 17);24;17
(7, 9, 11, 12, 17);24;17
(7, 9, 11, 13, 17);24;17
(7, 9, 11, 14, 17);24;17
(7, 9, 11, 15, 17);24;17
(7, 9, 11, 16, 17);24;17
(7, 9, 12, 13, 17);24;17
(7, 9, 12, 14, 17);24;17
(7, 9, 12, 15, 17);24;17
(7, 9, 12, 16, 17);24;17
(7, 9, 13, 14, 17);24;17
(7, 9, 13, 15, 17);24;17
(7, 9, 13, 16, 17);24;17
(7, 9, 14, 15, 17);24;17
(7, 9, 14, 16, 17);24;17
(7, 9, 15, 16, 17);24;17
(7, 10, 11, 12, 17);24;17
(7, 10, 11, 13, 17);24;17
(7, 10, 11, 14, 17);24;17
(7, 10, 11, 15, 17);24;17
(7, 10, 11, 16, 17);24;17
(7, 10, 12, 13, 17);24;17
(7, 10, 12, 14, 17);24;17
(7, 10, 12, 15, 17);24;17
(7, 10, 12, 16, 17);24;17
(7, 10, 13, 14, 17);24;17
(7, 10, 13, 15, 17);24;17
(7, 10, 13, 16, 17);24;17
(7, 10, 14, 15, 17);24;17
(7, 10, 14, 16, 17);24;17
(7, 10, 15, 16, 17);24;17
(7, 11, 12, 13, 17);24;17
(7, 11, 12, 14, 17);24;17
(7, 11, 12, 15, 17);24;17
(7, 11, 12, 16, 17);24;17
(7, 11, 13, 14, 17);24;17
(7, 11, 13, 15, 17);24;17
(7, 11, 13, 16, 17);24;17
(7, 11, 14, 15, 17);24;17
(7, 11, 14, 16, 17);24;17
(7, 11, 15, 16, 17);24;17
(7, 12, 13, 14, 17);24;17
(7, 12, 13, 15, 17);24;17
(7, 12, 13, 16, 17);24;17
(7, 12, 14, 15, 17);24;17
(7, 12, 14, 16, 17);24;17
(7, 12, 15, 16, 17);24;17
(7, 13, 14, 15, 17);24;17
(7, 13, 14, 16, 17);24;17
(7, 13, 15, 16, 17);24;17
(7, 14, 15, 16, 17);24;17
(8, 9, 10, 11, 17);25;17
(8, 9, 10, 12, 17);25;17
(8, 9, 10, 13, 17);25;17
(8, 9, 10, 14, 17);25;17
(8, 9, 10, 15, 17);25;17
(8, 9, 10, 16, 17);25;17
(8, 9, 11, 12, 17);25;17
(8, 9, 11, 13, 17);25;17
(8, 9, 11, 14, 17);25;17
(8, 9, 11, 15, 17);25;17
(8, 9, 11, 16, 17);25;17
(8, 9, 12, 13, 17);25;17
(8, 9, 12, 14, 17);25;17
(8, 9, 12, 15, 17);25;17
(8, 9, 12, 16, 17);25;17
(8, 9, 13, 14, 17);25;17
(8, 9, 13, 15, 17);25;17
(8, 9, 13, 16, 17);25;17
(8, 9, 14, 15, 17);25;17
(8, 9, 14, 16, 17);25;17
(8, 9, 15, 16, 17);25;17
(8, 10, 11, 12, 17);25;17
(8, 10, 11, 13, 17);25;17
(8, 10, 11, 14, 17);25;17
(8, 10, 11, 15, 17);25;17
(8, 10, 11, 16, 17);25;17
(8, 10, 12, 13, 17);25;17
(8, 10, 12, 14, 17);25;17
(8, 10, 12, 15, 17);25;17
(8, 10, 12, 16, 17);25;17
(8, 10, 13, 14, 17);25;17
(8, 10, 13, 15, 17);25;17
(8, 10, 13, 16, 17);25;17
(8, 10, 14, 15, 17);25;17
(8, 10, 14, 16, 17);25;17
(8, 10, 15, 16, 17);25;17
(8, 11, 12, 13, 17);25;17
(8, 11, 12, 14, 17);25;17
(8, 11, 12, 15, 17);25;17
(8, 11, 12, 16, 17);25;17
(8, 11, 13, 14, 17);25;17
(8, 11, 13, 15, 17);25;17
(8, 11, 13, 16, 17);25;17
(8, 11, 14, 15, 17);25;17
(8, 11, 14, 16, 17);25;17
(8, 11, 15, 16, 17);25;17
(8, 12, 13, 14, 17);25;17
(8, 12, 13, 15, 17);25;17
(8, 12, 13, 16, 17);25;17
(8, 12, 14, 15, 17);25;17
(8, 12, 14, 16, 17);25;17
(8, 12, 15, 16, 17);25;17
(8, 13, 14, 15, 17);25;17
(8, 13, 14, 16, 17);25;17
(8, 13, 15, 16, 17);25;17
(8, 14, 15, 16, 17);25;17
(9, 10, 11, 12, 17);26;17
(9, 10, 11, 13, 17);26;17
(9, 10, 11, 14, 17);26;17
(9, 10, 11, 15, 17);26;17
(9, 10, 11, 16, 17);26;17
(9, 10, 12, 13, 17);26;17
(9, 10, 12, 14, 17);26;17
(9, 10, 12, 15, 17);26;17
(9, 10, 12, 16, 17);26;17
(9, 10, 13, 14, 17);26;17
(9, 10, 13, 15, 17);26;17
(9, 10, 13, 16, 17);26;17
(9, 10, 14, 15, 17);26;17
(9, 10, 14, 16, 17);26;17
(9, 10, 15, 16, 17);26;17
(9, 11, 12, 13, 17);26;17
(9, 11, 12, 14, 17);26;17
(9, 11, 12, 15, 17);26;17
(9, 11, 12, 16, 17);26;17
(9, 11, 13, 14, 17);26;17
(9, 11, 13, 15, 17);26;17
(9, 11, 13, 16, 17);26;17
(9, 11, 14, 15, 17);26;17
(9, 11, 14, 16, 17);26;17
(9, 11, 15, 16, 17);26;17
(9, 12, 13, 14, 17);26;17
(9, 12, 13, 15, 17);26;17
(9, 12, 13, 16, 17);26;17
(9, 12, 14, 15, 17);26;17
(9, 12, 14, 16, 17);26;17
(9, 12, 15, 16, 17);26;17
(9, 13, 14, 15, 17);26;17
(9, 13, 14, 16, 17);26;17
(9, 13, 15, 16, 17);26;17
(9, 14, 15, 16, 17);26;17
(10, 11, 12, 13, 17);27;17
(10, 11, 12, 14, 17);27;17
(10, 11, 12, 15, 17);27;17
(10, 11, 12, 16, 17);27;17
(10, 11, 13, 14, 17);27;17
(10, 11, 13, 15, 17);27;17
(10, 11, 13, 16, 17);27;17
(10, 11, 14, 15, 17);27;17
(10, 11, 14, 16, 17);27;17
(10, 11, 15, 16, 17);27;17
(10, 12, 13, 14, 17);27;17
(10, 12, 13, 15, 17);27;17
(10, 12, 13, 16, 17);27;17
(10, 12, 14, 15, 17);27;17
(10, 12, 14, 16, 17);27;17
(10, 12, 15, 16, 17);27;17
(10, 13, 14, 15, 17);27;17
(10, 13, 14, 16, 17);27;17
(10, 13, 15, 16, 17);27;17
(10, 14, 15, 16, 17);27;17
(11, 12, 13, 14, 17);28;17
(11, 12, 13, 15, 17);28;17
(11, 12, 13, 16, 17);28;17
(11, 12, 14, 15, 17);28;17
(11, 12, 14, 16, 17);28;17
(11, 12, 15, 16, 17);28;17
(11, 13, 14, 15, 17);28;17
(11, 13, 14, 16, 17);28;17
(11, 13, 15, 16, 17);28;17
(11, 14, 15, 16, 17);28;17
(12, 13, 14, 15, 17);29;17
(12, 13, 14, 16, 17);29;17
(12, 13, 15, 16, 17);29;17
(12, 14, 15, 16, 17);29;17
(13, 14, 15, 16, 17);30;17
