S;p;l
(1, 68);69;68
(2, 68);70;68
(3, 68);71;68
(4, 68);8;68
(5, 68);73;68
(6, 68);74;68
(7, 68);75;68
(8, 68);76;68
(9, 68);77;68
(10, 68);78;68
(11, 68);79;68
(12, 68);80;68
(13, 68);81;68
(14, 68);82;68
(15, 68);83;68
(16, 68);84;68
(17, 68);85;68
(18, 68);86;68
(19, 68);87;68
(20, 68);88;68
(21, 68);89;68
(22, 68);90;68
(23, 68);91;68
(24, 68);92;68
(25, 68);93;68
(26, 68);94;68
(27, 68);95;68
(28, 68);96;68
(29, 68);97;68
(30, 68);98;68
(31, 68);99;68
(32, 68);100;68
(33, 68);101;68
(34, 68);102;68
(35, 68);103;68
(36, 68);104;68
(37, 68);105;68
(38, 68);106;68
(39, 68);107;68
(40, 68);108;68
(41, 68);109;68
(42, 68);110;68
(43, 68);111;68
(44, 68);112;68
(45, 68);113;68
(46, 68);114;68
(47, 68);115;68
(48, 68);116;68
(49, 68);117;68
(50, 68);118;68
(51, 68);119;68
(52, 68);120;68
(53, 68);121;68
(54, 68);122;68
(55, 68);123;68
(56, 68);124;68
(57, 68);125;68
(58, 68);126;68
(59, 68);127;68
(60, 68);128;68
(61, 68);129;68
(62, 68);130;68
(63, 68);131;68
(64, 68);132;68
(65, 68);133;68
(66, 68);134;68
(67, 68);135;68
