S;p;l
(1, 70);71;70
(2, 70);4;70
(3, 70);73;70
(4, 70);74;70
(5, 70);75;70
(6, 70);76;70
(7, 70);77;70
(8, 70);78;70
(9, 70);79;70
(10, 70);20;70
(11, 70);81;70
(12, 70);82;70
(13, 70);83;70
(14, 70);28;70
(15, 70);85;70
(16, 70);86;70
(17, 70);87;70
(18, 70);88;70
(19, 70);89;70
(20, 70);90;70
(21, 70);91;70
(22, 70);92;70
(23, 70);93;70
(24, 70);94;70
(25, 70);95;70
(26, 70);96;70
(27, 70);97;70
(28, 70);98;70
(29, 70);99;70
(30, 70);100;70
(31, 70);101;70
(32, 70);102;70
(33, 70);103;70
(34, 70);104;70
(35, 70);105;70
(36, 70);106;70
(37, 70);107;70
(38, 70);108;70
(39, 70);109;70
(40, 70);110;70
(41, 70);111;70
(42, 70);112;70
(43, 70);113;70
(44, 70);114;70
(45, 70);115;70
(46, 70);116;70
(47, 70);117;70
(48, 70);118;70
(49, 70);119;70
(50, 70);120;70
(51, 70);121;70
(52, 70);122;70
(53, 70);123;70
(54, 70);124;70
(55, 70);125;70
(56, 70);126;70
(57, 70);127;70
(58, 70);128;70
(59, 70);129;70
(60, 70);130;70
(61, 70);131;70
(62, 70);132;70
(63, 70);133;70
(64, 70);134;70
(65, 70);135;70
(66, 70);136;70
(67, 70);137;70
(68, 70);138;70
(69, 70);139;70
