S;p;l
(1, 36);37;36
(2, 36);38;36
(3, 36);39;36
(4, 36);8;36
(5, 36);41;36
(6, 36);42;36
(7, 36);43;36
(8, 36);44;36
(9, 36);45;36
(10, 36);46;36
(11, 36);47;36
(12, 36);24;36
(13, 36);49;36
(14, 36);50;36
(15, 36);51;36
(16, 36);52;36
(17, 36);53;36
(18, 36);54;36
(19, 36);55;36
(20, 36);56;36
(21, 36);57;36
(22, 36);58;36
(23, 36);59;36
(24, 36);60;36
(25, 36);61;36
(26, 36);62;36
(27, 36);63;36
(28, 36);64;36
(29, 36);65;36
(30, 36);66;36
(31, 36);67;36
(32, 36);68;36
(33, 36);69;36
(34, 36);70;36
(35, 36);71;36
