S;p;l
(1, 89);2;89
(2, 89);91;89
(3, 89);92;89
(4, 89);93;89
(5, 89);94;89
(6, 89);95;89
(7, 89);96;89
(8, 89);97;89
(9, 89);98;89
(10, 89);99;89
(11, 89);100;89
(12, 89);101;89
(13, 89);102;89
(14, 89);103;89
(15, 89);104;89
(16, 89);105;89
(17, 89);106;89
(18, 89);107;89
(19, 89);108;89
(20, 89);109;89
(21, 89);110;89
(22, 89);111;89
(23, 89);112;89
(24, 89);113;89
(25, 89);114;89
(26, 89);115;89
(27, 89);116;89
(28, 89);117;89
(29, 89);118;89
(30, 89);119;89
(31, 89);120;89
(32, 89);121;89
(33, 89);122;89
(34, 89);123;89
(35, 89);124;89
(36, 89);125;89
(37, 89);126;89
(38, 89);127;89
(39, 89);128;89
(40, 89);129;89
(41, 89);130;89
(42, 89);131;89
(43, 89);132;89
(44, 89);133;89
(45, 89);134;89
(46, 89);135;89
(47, 89);136;89
(48, 89);137;89
(49, 89);138;89
(50, 89);139;89
(51, 89);140;89
(52, 89);141;89
(53, 89);142;89
(54, 89);143;89
(55, 89);144;89
(56, 89);145;89
(57, 89);146;89
(58, 89);147;89
(59, 89);148;89
(60, 89);149;89
(61, 89);150;89
(62, 89);151;89
(63, 89);152;89
(64, 89);153;89
(65, 89);154;89
(66, 89);155;89
(67, 89);156;89
(68, 89);157;89
(69, 89);158;89
(70, 89);159;89
(71, 89);160;89
(72, 89);161;89
(73, 89);162;89
(74, 89);163;89
(75, 89);164;89
(76, 89);165;89
(77, 89);166;89
(78, 89);167;89
(79, 89);168;89
(80, 89);169;89
(81, 89);170;89
(82, 89);171;89
(83, 89);172;89
(84, 89);173;89
(85, 89);174;89
(86, 89);175;89
(87, 89);176;89
(88, 89);177;89
