S;p;l
(1, 79);2;79
(2, 79);81;79
(3, 79);82;79
(4, 79);83;79
(5, 79);84;79
(6, 79);85;79
(7, 79);86;79
(8, 79);87;79
(9, 79);88;79
(10, 79);89;79
(11, 79);90;79
(12, 79);91;79
(13, 79);92;79
(14, 79);93;79
(15, 79);94;79
(16, 79);95;79
(17, 79);96;79
(18, 79);97;79
(19, 79);98;79
(20, 79);99;79
(21, 79);100;79
(22, 79);101;79
(23, 79);102;79
(24, 79);103;79
(25, 79);104;79
(26, 79);105;79
(27, 79);106;79
(28, 79);107;79
(29, 79);108;79
(30, 79);109;79
(31, 79);110;79
(32, 79);111;79
(33, 79);112;79
(34, 79);113;79
(35, 79);114;79
(36, 79);115;79
(37, 79);116;79
(38, 79);117;79
(39, 79);118;79
(40, 79);119;79
(41, 79);120;79
(42, 79);121;79
(43, 79);122;79
(44, 79);123;79
(45, 79);124;79
(46, 79);125;79
(47, 79);126;79
(48, 79);127;79
(49, 79);128;79
(50, 79);129;79
(51, 79);130;79
(52, 79);131;79
(53, 79);132;79
(54, 79);133;79
(55, 79);134;79
(56, 79);135;79
(57, 79);136;79
(58, 79);137;79
(59, 79);138;79
(60, 79);139;79
(61, 79);140;79
(62, 79);141;79
(63, 79);142;79
(64, 79);143;79
(65, 79);144;79
(66, 79);145;79
(67, 79);146;79
(68, 79);147;79
(69, 79);148;79
(70, 79);149;79
(71, 79);150;79
(72, 79);151;79
(73, 79);152;79
(74, 79);153;79
(75, 79);154;79
(76, 79);155;79
(77, 79);156;79
(78, 79);157;79
