S;p;l
(1, 45);2;45
(2, 45);47;45
(3, 45);6;45
(4, 45);49;45
(5, 45);10;45
(6, 45);51;45
(7, 45);52;45
(8, 45);53;45
(9, 45);18;45
(10, 45);55;45
(11, 45);56;45
(12, 45);57;45
(13, 45);58;45
(14, 45);59;45
(15, 45);30;45
(16, 45);61;45
(17, 45);62;45
(18, 45);63;45
(19, 45);64;45
(20, 45);65;45
(21, 45);66;45
(22, 45);67;45
(23, 45);68;45
(24, 45);69;45
(25, 45);70;45
(26, 45);71;45
(27, 45);72;45
(28, 45);73;45
(29, 45);74;45
(30, 45);75;45
(31, 45);76;45
(32, 45);77;45
(33, 45);78;45
(34, 45);79;45
(35, 45);80;45
(36, 45);81;45
(37, 45);82;45
(38, 45);83;45
(39, 45);84;45
(40, 45);85;45
(41, 45);86;45
(42, 45);87;45
(43, 45);88;45
(44, 45);89;45
