S;p;l
(1, 77);2;77
(2, 77);79;77
(3, 77);80;77
(4, 77);81;77
(5, 77);82;77
(6, 77);83;77
(7, 77);14;77
(8, 77);85;77
(9, 77);86;77
(10, 77);87;77
(11, 77);22;77
(12, 77);89;77
(13, 77);90;77
(14, 77);91;77
(15, 77);92;77
(16, 77);93;77
(17, 77);94;77
(18, 77);95;77
(19, 77);96;77
(20, 77);97;77
(21, 77);98;77
(22, 77);99;77
(23, 77);100;77
(24, 77);101;77
(25, 77);102;77
(26, 77);103;77
(27, 77);104;77
(28, 77);105;77
(29, 77);106;77
(30, 77);107;77
(31, 77);108;77
(32, 77);109;77
(33, 77);110;77
(34, 77);111;77
(35, 77);112;77
(36, 77);113;77
(37, 77);114;77
(38, 77);115;77
(39, 77);116;77
(40, 77);117;77
(41, 77);118;77
(42, 77);119;77
(43, 77);120;77
(44, 77);121;77
(45, 77);122;77
(46, 77);123;77
(47, 77);124;77
(48, 77);125;77
(49, 77);126;77
(50, 77);127;77
(51, 77);128;77
(52, 77);129;77
(53, 77);130;77
(54, 77);131;77
(55, 77);132;77
(56, 77);133;77
(57, 77);134;77
(58, 77);135;77
(59, 77);136;77
(60, 77);137;77
(61, 77);138;77
(62, 77);139;77
(63, 77);140;77
(64, 77);141;77
(65, 77);142;77
(66, 77);143;77
(67, 77);144;77
(68, 77);145;77
(69, 77);146;77
(70, 77);147;77
(71, 77);148;77
(72, 77);149;77
(73, 77);150;77
(74, 77);151;77
(75, 77);152;77
(76, 77);153;77
