S;p;l
(1, 87);2;87
(2, 87);89;87
(3, 87);6;87
(4, 87);91;87
(5, 87);92;87
(6, 87);93;87
(7, 87);94;87
(8, 87);95;87
(9, 87);96;87
(10, 87);97;87
(11, 87);98;87
(12, 87);99;87
(13, 87);100;87
(14, 87);101;87
(15, 87);102;87
(16, 87);103;87
(17, 87);104;87
(18, 87);105;87
(19, 87);106;87
(20, 87);107;87
(21, 87);108;87
(22, 87);109;87
(23, 87);110;87
(24, 87);111;87
(25, 87);112;87
(26, 87);113;87
(27, 87);114;87
(28, 87);115;87
(29, 87);58;87
(30, 87);117;87
(31, 87);118;87
(32, 87);119;87
(33, 87);120;87
(34, 87);121;87
(35, 87);122;87
(36, 87);123;87
(37, 87);124;87
(38, 87);125;87
(39, 87);126;87
(40, 87);127;87
(41, 87);128;87
(42, 87);129;87
(43, 87);130;87
(44, 87);131;87
(45, 87);132;87
(46, 87);133;87
(47, 87);134;87
(48, 87);135;87
(49, 87);136;87
(50, 87);137;87
(51, 87);138;87
(52, 87);139;87
(53, 87);140;87
(54, 87);141;87
(55, 87);142;87
(56, 87);143;87
(57, 87);144;87
(58, 87);145;87
(59, 87);146;87
(60, 87);147;87
(61, 87);148;87
(62, 87);149;87
(63, 87);150;87
(64, 87);151;87
(65, 87);152;87
(66, 87);153;87
(67, 87);154;87
(68, 87);155;87
(69, 87);156;87
(70, 87);157;87
(71, 87);158;87
(72, 87);159;87
(73, 87);160;87
(74, 87);161;87
(75, 87);162;87
(76, 87);163;87
(77, 87);164;87
(78, 87);165;87
(79, 87);166;87
(80, 87);167;87
(81, 87);168;87
(82, 87);169;87
(83, 87);170;87
(84, 87);171;87
(85, 87);172;87
(86, 87);173;87
