S;p;l
(1, 65);2;65
(2, 65);67;65
(3, 65);68;65
(4, 65);69;65
(5, 65);10;65
(6, 65);71;65
(7, 65);72;65
(8, 65);73;65
(9, 65);74;65
(10, 65);75;65
(11, 65);76;65
(12, 65);77;65
(13, 65);26;65
(14, 65);79;65
(15, 65);80;65
(16, 65);81;65
(17, 65);82;65
(18, 65);83;65
(19, 65);84;65
(20, 65);85;65
(21, 65);86;65
(22, 65);87;65
(23, 65);88;65
(24, 65);89;65
(25, 65);90;65
(26, 65);91;65
(27, 65);92;65
(28, 65);93;65
(29, 65);94;65
(30, 65);95;65
(31, 65);96;65
(32, 65);97;65
(33, 65);98;65
(34, 65);99;65
(35, 65);100;65
(36, 65);101;65
(37, 65);102;65
(38, 65);103;65
(39, 65);104;65
(40, 65);105;65
(41, 65);106;65
(42, 65);107;65
(43, 65);108;65
(44, 65);109;65
(45, 65);110;65
(46, 65);111;65
(47, 65);112;65
(48, 65);113;65
(49, 65);114;65
(50, 65);115;65
(51, 65);116;65
(52, 65);117;65
(53, 65);118;65
(54, 65);119;65
(55, 65);120;65
(56, 65);121;65
(57, 65);122;65
(58, 65);123;65
(59, 65);124;65
(60, 65);125;65
(61, 65);126;65
(62, 65);127;65
(63, 65);128;65
(64, 65);129;65
