S;p;l
(1, 39);2;39
(2, 39);41;39
(3, 39);6;39
(4, 39);43;39
(5, 39);44;39
(6, 39);45;39
(7, 39);46;39
(8, 39);47;39
(9, 39);48;39
(10, 39);49;39
(11, 39);50;39
(12, 39);51;39
(13, 39);26;39
(14, 39);53;39
(15, 39);54;39
(16, 39);55;39
(17, 39);56;39
(18, 39);57;39
(19, 39);58;39
(20, 39);59;39
(21, 39);60;39
(22, 39);61;39
(23, 39);62;39
(24, 39);63;39
(25, 39);64;39
(26, 39);65;39
(27, 39);66;39
(28, 39);67;39
(29, 39);68;39
(30, 39);69;39
(31, 39);70;39
(32, 39);71;39
(33, 39);72;39
(34, 39);73;39
(35, 39);74;39
(36, 39);75;39
(37, 39);76;39
(38, 39);77;39
