S;p;l
(1, 49);2;49
(2, 49);51;49
(3, 49);52;49
(4, 49);53;49
(5, 49);54;49
(6, 49);55;49
(7, 49);14;49
(8, 49);57;49
(9, 49);58;49
(10, 49);59;49
(11, 49);60;49
(12, 49);61;49
(13, 49);62;49
(14, 49);63;49
(15, 49);64;49
(16, 49);65;49
(17, 49);66;49
(18, 49);67;49
(19, 49);68;49
(20, 49);69;49
(21, 49);70;49
(22, 49);71;49
(23, 49);72;49
(24, 49);73;49
(25, 49);74;49
(26, 49);75;49
(27, 49);76;49
(28, 49);77;49
(29, 49);78;49
(30, 49);79;49
(31, 49);80;49
(32, 49);81;49
(33, 49);82;49
(34, 49);83;49
(35, 49);84;49
(36, 49);85;49
(37, 49);86;49
(38, 49);87;49
(39, 49);88;49
(40, 49);89;49
(41, 49);90;49
(42, 49);91;49
(43, 49);92;49
(44, 49);93;49
(45, 49);94;49
(46, 49);95;49
(47, 49);96;49
(48, 49);97;49
