S;p;l
(1, 62);63;62
(2, 62);4;62
(3, 62);65;62
(4, 62);66;62
(5, 62);67;62
(6, 62);68;62
(7, 62);69;62
(8, 62);70;62
(9, 62);71;62
(10, 62);72;62
(11, 62);73;62
(12, 62);74;62
(13, 62);75;62
(14, 62);76;62
(15, 62);77;62
(16, 62);78;62
(17, 62);79;62
(18, 62);80;62
(19, 62);81;62
(20, 62);82;62
(21, 62);83;62
(22, 62);84;62
(23, 62);85;62
(24, 62);86;62
(25, 62);87;62
(26, 62);88;62
(27, 62);89;62
(28, 62);90;62
(29, 62);91;62
(30, 62);92;62
(31, 62);93;62
(32, 62);94;62
(33, 62);95;62
(34, 62);96;62
(35, 62);97;62
(36, 62);98;62
(37, 62);99;62
(38, 62);100;62
(39, 62);101;62
(40, 62);102;62
(41, 62);103;62
(42, 62);104;62
(43, 62);105;62
(44, 62);106;62
(45, 62);107;62
(46, 62);108;62
(47, 62);109;62
(48, 62);110;62
(49, 62);111;62
(50, 62);112;62
(51, 62);113;62
(52, 62);114;62
(53, 62);115;62
(54, 62);116;62
(55, 62);117;62
(56, 62);118;62
(57, 62);119;62
(58, 62);120;62
(59, 62);121;62
(60, 62);122;62
(61, 62);123;62
