S;p;l
(1, 74);75;74
(2, 74);4;74
(3, 74);77;74
(4, 74);78;74
(5, 74);79;74
(6, 74);80;74
(7, 74);81;74
(8, 74);82;74
(9, 74);83;74
(10, 74);84;74
(11, 74);85;74
(12, 74);86;74
(13, 74);87;74
(14, 74);88;74
(15, 74);89;74
(16, 74);90;74
(17, 74);91;74
(18, 74);92;74
(19, 74);93;74
(20, 74);94;74
(21, 74);95;74
(22, 74);96;74
(23, 74);97;74
(24, 74);98;74
(25, 74);99;74
(26, 74);100;74
(27, 74);101;74
(28, 74);102;74
(29, 74);103;74
(30, 74);104;74
(31, 74);105;74
(32, 74);106;74
(33, 74);107;74
(34, 74);108;74
(35, 74);109;74
(36, 74);110;74
(37, 74);111;74
(38, 74);112;74
(39, 74);113;74
(40, 74);114;74
(41, 74);115;74
(42, 74);116;74
(43, 74);117;74
(44, 74);118;74
(45, 74);119;74
(46, 74);120;74
(47, 74);121;74
(48, 74);122;74
(49, 74);123;74
(50, 74);124;74
(51, 74);125;74
(52, 74);126;74
(53, 74);127;74
(54, 74);128;74
(55, 74);129;74
(56, 74);130;74
(57, 74);131;74
(58, 74);132;74
(59, 74);133;74
(60, 74);134;74
(61, 74);135;74
(62, 74);136;74
(63, 74);137;74
(64, 74);138;74
(65, 74);139;74
(66, 74);140;74
(67, 74);141;74
(68, 74);142;74
(69, 74);143;74
(70, 74);144;74
(71, 74);145;74
(72, 74);146;74
(73, 74);147;74
