S;p;l
(1, 38);39;38
(2, 38);4;38
(3, 38);41;38
(4, 38);42;38
(5, 38);43;38
(6, 38);44;38
(7, 38);45;38
(8, 38);46;38
(9, 38);47;38
(10, 38);48;38
(11, 38);49;38
(12, 38);50;38
(13, 38);51;38
(14, 38);52;38
(15, 38);53;38
(16, 38);54;38
(17, 38);55;38
(18, 38);56;38
(19, 38);57;38
(20, 38);58;38
(21, 38);59;38
(22, 38);60;38
(23, 38);61;38
(24, 38);62;38
(25, 38);63;38
(26, 38);64;38
(27, 38);65;38
(28, 38);66;38
(29, 38);67;38
(30, 38);68;38
(31, 38);69;38
(32, 38);70;38
(33, 38);71;38
(34, 38);72;38
(35, 38);73;38
(36, 38);74;38
(37, 38);75;38
