S;p;l
(1, 35);2;35
(2, 35);37;35
(3, 35);38;35
(4, 35);39;35
(5, 35);10;35
(6, 35);41;35
(7, 35);14;35
(8, 35);43;35
(9, 35);44;35
(10, 35);45;35
(11, 35);46;35
(12, 35);47;35
(13, 35);48;35
(14, 35);49;35
(15, 35);50;35
(16, 35);51;35
(17, 35);52;35
(18, 35);53;35
(19, 35);54;35
(20, 35);55;35
(21, 35);56;35
(22, 35);57;35
(23, 35);58;35
(24, 35);59;35
(25, 35);60;35
(26, 35);61;35
(27, 35);62;35
(28, 35);63;35
(29, 35);64;35
(30, 35);65;35
(31, 35);66;35
(32, 35);67;35
(33, 35);68;35
(34, 35);69;35
