S;p;l
(1, 37);2;37
(2, 37);39;37
(3, 37);40;37
(4, 37);41;37
(5, 37);42;37
(6, 37);43;37
(7, 37);44;37
(8, 37);45;37
(9, 37);46;37
(10, 37);47;37
(11, 37);48;37
(12, 37);49;37
(13, 37);50;37
(14, 37);51;37
(15, 37);52;37
(16, 37);53;37
(17, 37);54;37
(18, 37);55;37
(19, 37);56;37
(20, 37);57;37
(21, 37);58;37
(22, 37);59;37
(23, 37);60;37
(24, 37);61;37
(25, 37);62;37
(26, 37);63;37
(27, 37);64;37
(28, 37);65;37
(29, 37);66;37
(30, 37);67;37
(31, 37);68;37
(32, 37);69;37
(33, 37);70;37
(34, 37);71;37
(35, 37);72;37
(36, 37);73;37
