S;p;l
(1, 43);2;43
(2, 43);45;43
(3, 43);46;43
(4, 43);47;43
(5, 43);48;43
(6, 43);49;43
(7, 43);50;43
(8, 43);51;43
(9, 43);52;43
(10, 43);53;43
(11, 43);54;43
(12, 43);55;43
(13, 43);56;43
(14, 43);57;43
(15, 43);58;43
(16, 43);59;43
(17, 43);60;43
(18, 43);61;43
(19, 43);62;43
(20, 43);63;43
(21, 43);64;43
(22, 43);65;43
(23, 43);66;43
(24, 43);67;43
(25, 43);68;43
(26, 43);69;43
(27, 43);70;43
(28, 43);71;43
(29, 43);72;43
(30, 43);73;43
(31, 43);74;43
(32, 43);75;43
(33, 43);76;43
(34, 43);77;43
(35, 43);78;43
(36, 43);79;43
(37, 43);80;43
(38, 43);81;43
(39, 43);82;43
(40, 43);83;43
(41, 43);84;43
(42, 43);85;43
