S;p;l
(1, 57);2;57
(2, 57);59;57
(3, 57);6;57
(4, 57);61;57
(5, 57);62;57
(6, 57);63;57
(7, 57);64;57
(8, 57);65;57
(9, 57);66;57
(10, 57);67;57
(11, 57);68;57
(12, 57);69;57
(13, 57);70;57
(14, 57);71;57
(15, 57);72;57
(16, 57);73;57
(17, 57);74;57
(18, 57);75;57
(19, 57);38;57
(20, 57);77;57
(21, 57);78;57
(22, 57);79;57
(23, 57);80;57
(24, 57);81;57
(25, 57);82;57
(26, 57);83;57
(27, 57);84;57
(28, 57);85;57
(29, 57);86;57
(30, 57);87;57
(31, 57);88;57
(32, 57);89;57
(33, 57);90;57
(34, 57);91;57
(35, 57);92;57
(36, 57);93;57
(37, 57);94;57
(38, 57);95;57
(39, 57);96;57
(40, 57);97;57
(41, 57);98;57
(42, 57);99;57
(43, 57);100;57
(44, 57);101;57
(45, 57);102;57
(46, 57);103;57
(47, 57);104;57
(48, 57);105;57
(49, 57);106;57
(50, 57);107;57
(51, 57);108;57
(52, 57);109;57
(53, 57);110;57
(54, 57);111;57
(55, 57);112;57
(56, 57);113;57
