S;p;l
(1, 48);49;48
(2, 48);50;48
(3, 48);51;48
(4, 48);52;48
(5, 48);53;48
(6, 48);54;48
(7, 48);55;48
(8, 48);56;48
(9, 48);57;48
(10, 48);58;48
(11, 48);59;48
(12, 48);60;48
(13, 48);61;48
(14, 48);62;48
(15, 48);63;48
(16, 48);32;48
(17, 48);65;48
(18, 48);66;48
(19, 48);67;48
(20, 48);68;48
(21, 48);69;48
(22, 48);70;48
(23, 48);71;48
(24, 48);72;48
(25, 48);73;48
(26, 48);74;48
(27, 48);75;48
(28, 48);76;48
(29, 48);77;48
(30, 48);78;48
(31, 48);79;48
(32, 48);80;48
(33, 48);81;48
(34, 48);82;48
(35, 48);83;48
(36, 48);84;48
(37, 48);85;48
(38, 48);86;48
(39, 48);87;48
(40, 48);88;48
(41, 48);89;48
(42, 48);90;48
(43, 48);91;48
(44, 48);92;48
(45, 48);93;48
(46, 48);94;48
(47, 48);95;48
