S;p;l
(1, 44);45;44
(2, 44);46;44
(3, 44);47;44
(4, 44);8;44
(5, 44);49;44
(6, 44);50;44
(7, 44);51;44
(8, 44);52;44
(9, 44);53;44
(10, 44);54;44
(11, 44);55;44
(12, 44);56;44
(13, 44);57;44
(14, 44);58;44
(15, 44);59;44
(16, 44);60;44
(17, 44);61;44
(18, 44);62;44
(19, 44);63;44
(20, 44);64;44
(21, 44);65;44
(22, 44);66;44
(23, 44);67;44
(24, 44);68;44
(25, 44);69;44
(26, 44);70;44
(27, 44);71;44
(28, 44);72;44
(29, 44);73;44
(30, 44);74;44
(31, 44);75;44
(32, 44);76;44
(33, 44);77;44
(34, 44);78;44
(35, 44);79;44
(36, 44);80;44
(37, 44);81;44
(38, 44);82;44
(39, 44);83;44
(40, 44);84;44
(41, 44);85;44
(42, 44);86;44
(43, 44);87;44
