S;p;l
(1, 72);73;72
(2, 72);74;72
(3, 72);75;72
(4, 72);76;72
(5, 72);77;72
(6, 72);78;72
(7, 72);79;72
(8, 72);16;72
(9, 72);81;72
(10, 72);82;72
(11, 72);83;72
(12, 72);84;72
(13, 72);85;72
(14, 72);86;72
(15, 72);87;72
(16, 72);88;72
(17, 72);89;72
(18, 72);90;72
(19, 72);91;72
(20, 72);92;72
(21, 72);93;72
(22, 72);94;72
(23, 72);95;72
(24, 72);48;72
(25, 72);97;72
(26, 72);98;72
(27, 72);99;72
(28, 72);100;72
(29, 72);101;72
(30, 72);102;72
(31, 72);103;72
(32, 72);104;72
(33, 72);105;72
(34, 72);106;72
(35, 72);107;72
(36, 72);108;72
(37, 72);109;72
(38, 72);110;72
(39, 72);111;72
(40, 72);112;72
(41, 72);113;72
(42, 72);114;72
(43, 72);115;72
(44, 72);116;72
(45, 72);117;72
(46, 72);118;72
(47, 72);119;72
(48, 72);120;72
(49, 72);121;72
(50, 72);122;72
(51, 72);123;72
(52, 72);124;72
(53, 72);125;72
(54, 72);126;72
(55, 72);127;72
(56, 72);128;72
(57, 72);129;72
(58, 72);130;72
(59, 72);131;72
(60, 72);132;72
(61, 72);133;72
(62, 72);134;72
(63, 72);135;72
(64, 72);136;72
(65, 72);137;72
(66, 72);138;72
(67, 72);139;72
(68, 72);140;72
(69, 72);141;72
(70, 72);142;72
(71, 72);143;72
