S;p;l
(1, 52);53;52
(2, 52);54;52
(3, 52);55;52
(4, 52);8;52
(5, 52);57;52
(6, 52);58;52
(7, 52);59;52
(8, 52);60;52
(9, 52);61;52
(10, 52);62;52
(11, 52);63;52
(12, 52);64;52
(13, 52);65;52
(14, 52);66;52
(15, 52);67;52
(16, 52);68;52
(17, 52);69;52
(18, 52);70;52
(19, 52);71;52
(20, 52);72;52
(21, 52);73;52
(22, 52);74;52
(23, 52);75;52
(24, 52);76;52
(25, 52);77;52
(26, 52);78;52
(27, 52);79;52
(28, 52);80;52
(29, 52);81;52
(30, 52);82;52
(31, 52);83;52
(32, 52);84;52
(33, 52);85;52
(34, 52);86;52
(35, 52);87;52
(36, 52);88;52
(37, 52);89;52
(38, 52);90;52
(39, 52);91;52
(40, 52);92;52
(41, 52);93;52
(42, 52);94;52
(43, 52);95;52
(44, 52);96;52
(45, 52);97;52
(46, 52);98;52
(47, 52);99;52
(48, 52);100;52
(49, 52);101;52
(50, 52);102;52
(51, 52);103;52
