S;p;l
(1, 85);2;85
(2, 85);87;85
(3, 85);88;85
(4, 85);89;85
(5, 85);10;85
(6, 85);91;85
(7, 85);92;85
(8, 85);93;85
(9, 85);94;85
(10, 85);95;85
(11, 85);96;85
(12, 85);97;85
(13, 85);98;85
(14, 85);99;85
(15, 85);100;85
(16, 85);101;85
(17, 85);34;85
(18, 85);103;85
(19, 85);104;85
(20, 85);105;85
(21, 85);106;85
(22, 85);107;85
(23, 85);108;85
(24, 85);109;85
(25, 85);110;85
(26, 85);111;85
(27, 85);112;85
(28, 85);113;85
(29, 85);114;85
(30, 85);115;85
(31, 85);116;85
(32, 85);117;85
(33, 85);118;85
(34, 85);119;85
(35, 85);120;85
(36, 85);121;85
(37, 85);122;85
(38, 85);123;85
(39, 85);124;85
(40, 85);125;85
(41, 85);126;85
(42, 85);127;85
(43, 85);128;85
(44, 85);129;85
(45, 85);130;85
(46, 85);131;85
(47, 85);132;85
(48, 85);133;85
(49, 85);134;85
(50, 85);135;85
(51, 85);136;85
(52, 85);137;85
(53, 85);138;85
(54, 85);139;85
(55, 85);140;85
(56, 85);141;85
(57, 85);142;85
(58, 85);143;85
(59, 85);144;85
(60, 85);145;85
(61, 85);146;85
(62, 85);147;85
(63, 85);148;85
(64, 85);149;85
(65, 85);150;85
(66, 85);151;85
(67, 85);152;85
(68, 85);153;85
(69, 85);154;85
(70, 85);155;85
(71, 85);156;85
(72, 85);157;85
(73, 85);158;85
(74, 85);159;85
(75, 85);160;85
(76, 85);161;85
(77, 85);162;85
(78, 85);163;85
(79, 85);164;85
(80, 85);165;85
(81, 85);166;85
(82, 85);167;85
(83, 85);168;85
(84, 85);169;85
