S;p;l
(1, 86);87;86
(2, 86);4;86
(3, 86);89;86
(4, 86);90;86
(5, 86);91;86
(6, 86);92;86
(7, 86);93;86
(8, 86);94;86
(9, 86);95;86
(10, 86);96;86
(11, 86);97;86
(12, 86);98;86
(13, 86);99;86
(14, 86);100;86
(15, 86);101;86
(16, 86);102;86
(17, 86);103;86
(18, 86);104;86
(19, 86);105;86
(20, 86);106;86
(21, 86);107;86
(22, 86);108;86
(23, 86);109;86
(24, 86);110;86
(25, 86);111;86
(26, 86);112;86
(27, 86);113;86
(28, 86);114;86
(29, 86);115;86
(30, 86);116;86
(31, 86);117;86
(32, 86);118;86
(33, 86);119;86
(34, 86);120;86
(35, 86);121;86
(36, 86);122;86
(37, 86);123;86
(38, 86);124;86
(39, 86);125;86
(40, 86);126;86
(41, 86);127;86
(42, 86);128;86
(43, 86);129;86
(44, 86);130;86
(45, 86);131;86
(46, 86);132;86
(47, 86);133;86
(48, 86);134;86
(49, 86);135;86
(50, 86);136;86
(51, 86);137;86
(52, 86);138;86
(53, 86);139;86
(54, 86);140;86
(55, 86);141;86
(56, 86);142;86
(57, 86);143;86
(58, 86);144;86
(59, 86);145;86
(60, 86);146;86
(61, 86);147;86
(62, 86);148;86
(63, 86);149;86
(64, 86);150;86
(65, 86);151;86
(66, 86);152;86
(67, 86);153;86
(68, 86);154;86
(69, 86);155;86
(70, 86);156;86
(71, 86);157;86
(72, 86);158;86
(73, 86);159;86
(74, 86);160;86
(75, 86);161;86
(76, 86);162;86
(77, 86);163;86
(78, 86);164;86
(79, 86);165;86
(80, 86);166;86
(81, 86);167;86
(82, 86);168;86
(83, 86);169;86
(84, 86);170;86
(85, 86);171;86
