S;p;l
(1, 42);43;42
(2, 42);4;42
(3, 42);45;42
(4, 42);46;42
(5, 42);47;42
(6, 42);12;42
(7, 42);49;42
(8, 42);50;42
(9, 42);51;42
(10, 42);52;42
(11, 42);53;42
(12, 42);54;42
(13, 42);55;42
(14, 42);28;42
(15, 42);57;42
(16, 42);58;42
(17, 42);59;42
(18, 42);60;42
(19, 42);61;42
(20, 42);62;42
(21, 42);63;42
(22, 42);64;42
(23, 42);65;42
(24, 42);66;42
(25, 42);67;42
(26, 42);68;42
(27, 42);69;42
(28, 42);70;42
(29, 42);71;42
(30, 42);72;42
(31, 42);73;42
(32, 42);74;42
(33, 42);75;42
(34, 42);76;42
(35, 42);77;42
(36, 42);78;42
(37, 42);79;42
(38, 42);80;42
(39, 42);81;42
(40, 42);82;42
(41, 42);83;42
