S;p;l
(1, 63);2;63
(2, 63);65;63
(3, 63);6;63
(4, 63);67;63
(5, 63);68;63
(6, 63);69;63
(7, 63);14;63
(8, 63);71;63
(9, 63);18;63
(10, 63);73;63
(11, 63);74;63
(12, 63);75;63
(13, 63);76;63
(14, 63);77;63
(15, 63);78;63
(16, 63);79;63
(17, 63);80;63
(18, 63);81;63
(19, 63);82;63
(20, 63);83;63
(21, 63);42;63
(22, 63);85;63
(23, 63);86;63
(24, 63);87;63
(25, 63);88;63
(26, 63);89;63
(27, 63);90;63
(28, 63);91;63
(29, 63);92;63
(30, 63);93;63
(31, 63);94;63
(32, 63);95;63
(33, 63);96;63
(34, 63);97;63
(35, 63);98;63
(36, 63);99;63
(37, 63);100;63
(38, 63);101;63
(39, 63);102;63
(40, 63);103;63
(41, 63);104;63
(42, 63);105;63
(43, 63);106;63
(44, 63);107;63
(45, 63);108;63
(46, 63);109;63
(47, 63);110;63
(48, 63);111;63
(49, 63);112;63
(50, 63);113;63
(51, 63);114;63
(52, 63);115;63
(53, 63);116;63
(54, 63);117;63
(55, 63);118;63
(56, 63);119;63
(57, 63);120;63
(58, 63);121;63
(59, 63);122;63
(60, 63);123;63
(61, 63);124;63
(62, 63);125;63
