S;p;l
(1, 56);57;56
(2, 56);58;56
(3, 56);59;56
(4, 56);60;56
(5, 56);61;56
(6, 56);62;56
(7, 56);63;56
(8, 56);16;56
(9, 56);65;56
(10, 56);66;56
(11, 56);67;56
(12, 56);68;56
(13, 56);69;56
(14, 56);70;56
(15, 56);71;56
(16, 56);72;56
(17, 56);73;56
(18, 56);74;56
(19, 56);75;56
(20, 56);76;56
(21, 56);77;56
(22, 56);78;56
(23, 56);79;56
(24, 56);80;56
(25, 56);81;56
(26, 56);82;56
(27, 56);83;56
(28, 56);84;56
(29, 56);85;56
(30, 56);86;56
(31, 56);87;56
(32, 56);88;56
(33, 56);89;56
(34, 56);90;56
(35, 56);91;56
(36, 56);92;56
(37, 56);93;56
(38, 56);94;56
(39, 56);95;56
(40, 56);96;56
(41, 56);97;56
(42, 56);98;56
(43, 56);99;56
(44, 56);100;56
(45, 56);101;56
(46, 56);102;56
(47, 56);103;56
(48, 56);104;56
(49, 56);105;56
(50, 56);106;56
(51, 56);107;56
(52, 56);108;56
(53, 56);109;56
(54, 56);110;56
(55, 56);111;56
