S;p;l
(1, 66);67;66
(2, 66);4;66
(3, 66);69;66
(4, 66);70;66
(5, 66);71;66
(6, 66);12;66
(7, 66);73;66
(8, 66);74;66
(9, 66);75;66
(10, 66);76;66
(11, 66);77;66
(12, 66);78;66
(13, 66);79;66
(14, 66);80;66
(15, 66);81;66
(16, 66);82;66
(17, 66);83;66
(18, 66);84;66
(19, 66);85;66
(20, 66);86;66
(21, 66);87;66
(22, 66);44;66
(23, 66);89;66
(24, 66);90;66
(25, 66);91;66
(26, 66);92;66
(27, 66);93;66
(28, 66);94;66
(29, 66);95;66
(30, 66);96;66
(31, 66);97;66
(32, 66);98;66
(33, 66);99;66
(34, 66);100;66
(35, 66);101;66
(36, 66);102;66
(37, 66);103;66
(38, 66);104;66
(39, 66);105;66
(40, 66);106;66
(41, 66);107;66
(42, 66);108;66
(43, 66);109;66
(44, 66);110;66
(45, 66);111;66
(46, 66);112;66
(47, 66);113;66
(48, 66);114;66
(49, 66);115;66
(50, 66);116;66
(51, 66);117;66
(52, 66);118;66
(53, 66);119;66
(54, 66);120;66
(55, 66);121;66
(56, 66);122;66
(57, 66);123;66
(58, 66);124;66
(59, 66);125;66
(60, 66);126;66
(61, 66);127;66
(62, 66);128;66
(63, 66);129;66
(64, 66);130;66
(65, 66);131;66
