S;p;l
(1, 55);2;55
(2, 55);57;55
(3, 55);58;55
(4, 55);59;55
(5, 55);10;55
(6, 55);61;55
(7, 55);62;55
(8, 55);63;55
(9, 55);64;55
(10, 55);65;55
(11, 55);22;55
(12, 55);67;55
(13, 55);68;55
(14, 55);69;55
(15, 55);70;55
(16, 55);71;55
(17, 55);72;55
(18, 55);73;55
(19, 55);74;55
(20, 55);75;55
(21, 55);76;55
(22, 55);77;55
(23, 55);78;55
(24, 55);79;55
(25, 55);80;55
(26, 55);81;55
(27, 55);82;55
(28, 55);83;55
(29, 55);84;55
(30, 55);85;55
(31, 55);86;55
(32, 55);87;55
(33, 55);88;55
(34, 55);89;55
(35, 55);90;55
(36, 55);91;55
(37, 55);92;55
(38, 55);93;55
(39, 55);94;55
(40, 55);95;55
(41, 55);96;55
(42, 55);97;55
(43, 55);98;55
(44, 55);99;55
(45, 55);100;55
(46, 55);101;55
(47, 55);102;55
(48, 55);103;55
(49, 55);104;55
(50, 55);105;55
(51, 55);106;55
(52, 55);107;55
(53, 55);108;55
(54, 55);109;55
