S;p;l
(1, 41);2;41
(2, 41);43;41
(3, 41);44;41
(4, 41);45;41
(5, 41);46;41
(6, 41);47;41
(7, 41);48;41
(8, 41);49;41
(9, 41);50;41
(10, 41);51;41
(11, 41);52;41
(12, 41);53;41
(13, 41);54;41
(14, 41);55;41
(15, 41);56;41
(16, 41);57;41
(17, 41);58;41
(18, 41);59;41
(19, 41);60;41
(20, 41);61;41
(21, 41);62;41
(22, 41);63;41
(23, 41);64;41
(24, 41);65;41
(25, 41);66;41
(26, 41);67;41
(27, 41);68;41
(28, 41);69;41
(29, 41);70;41
(30, 41);71;41
(31, 41);72;41
(32, 41);73;41
(33, 41);74;41
(34, 41);75;41
(35, 41);76;41
(36, 41);77;41
(37, 41);78;41
(38, 41);79;41
(39, 41);80;41
(40, 41);81;41
