S;p;l
(1, 58);59;58
(2, 58);4;58
(3, 58);61;58
(4, 58);62;58
(5, 58);63;58
(6, 58);64;58
(7, 58);65;58
(8, 58);66;58
(9, 58);67;58
(10, 58);68;58
(11, 58);69;58
(12, 58);70;58
(13, 58);71;58
(14, 58);72;58
(15, 58);73;58
(16, 58);74;58
(17, 58);75;58
(18, 58);76;58
(19, 58);77;58
(20, 58);78;58
(21, 58);79;58
(22, 58);80;58
(23, 58);81;58
(24, 58);82;58
(25, 58);83;58
(26, 58);84;58
(27, 58);85;58
(28, 58);86;58
(29, 58);87;58
(30, 58);88;58
(31, 58);89;58
(32, 58);90;58
(33, 58);91;58
(34, 58);92;58
(35, 58);93;58
(36, 58);94;58
(37, 58);95;58
(38, 58);96;58
(39, 58);97;58
(40, 58);98;58
(41, 58);99;58
(42, 58);100;58
(43, 58);101;58
(44, 58);102;58
(45, 58);103;58
(46, 58);104;58
(47, 58);105;58
(48, 58);106;58
(49, 58);107;58
(50, 58);108;58
(51, 58);109;58
(52, 58);110;58
(53, 58);111;58
(54, 58);112;58
(55, 58);113;58
(56, 58);114;58
(57, 58);115;58
