S;p;l
(1, 67);2;67
(2, 67);69;67
(3, 67);70;67
(4, 67);71;67
(5, 67);72;67
(6, 67);73;67
(7, 67);74;67
(8, 67);75;67
(9, 67);76;67
(10, 67);77;67
(11, 67);78;67
(12, 67);79;67
(13, 67);80;67
(14, 67);81;67
(15, 67);82;67
(16, 67);83;67
(17, 67);84;67
(18, 67);85;67
(19, 67);86;67
(20, 67);87;67
(21, 67);88;67
(22, 67);89;67
(23, 67);90;67
(24, 67);91;67
(25, 67);92;67
(26, 67);93;67
(27, 67);94;67
(28, 67);95;67
(29, 67);96;67
(30, 67);97;67
(31, 67);98;67
(32, 67);99;67
(33, 67);100;67
(34, 67);101;67
(35, 67);102;67
(36, 67);103;67
(37, 67);104;67
(38, 67);105;67
(39, 67);106;67
(40, 67);107;67
(41, 67);108;67
(42, 67);109;67
(43, 67);110;67
(44, 67);111;67
(45, 67);112;67
(46, 67);113;67
(47, 67);114;67
(48, 67);115;67
(49, 67);116;67
(50, 67);117;67
(51, 67);118;67
(52, 67);119;67
(53, 67);120;67
(54, 67);121;67
(55, 67);122;67
(56, 67);123;67
(57, 67);124;67
(58, 67);125;67
(59, 67);126;67
(60, 67);127;67
(61, 67);128;67
(62, 67);129;67
(63, 67);130;67
(64, 67);131;67
(65, 67);132;67
(66, 67);133;67
