S;p;l
(1, 47);2;47
(2, 47);49;47
(3, 47);50;47
(4, 47);51;47
(5, 47);52;47
(6, 47);53;47
(7, 47);54;47
(8, 47);55;47
(9, 47);56;47
(10, 47);57;47
(11, 47);58;47
(12, 47);59;47
(13, 47);60;47
(14, 47);61;47
(15, 47);62;47
(16, 47);63;47
(17, 47);64;47
(18, 47);65;47
(19, 47);66;47
(20, 47);67;47
(21, 47);68;47
(22, 47);69;47
(23, 47);70;47
(24, 47);71;47
(25, 47);72;47
(26, 47);73;47
(27, 47);74;47
(28, 47);75;47
(29, 47);76;47
(30, 47);77;47
(31, 47);78;47
(32, 47);79;47
(33, 47);80;47
(34, 47);81;47
(35, 47);82;47
(36, 47);83;47
(37, 47);84;47
(38, 47);85;47
(39, 47);86;47
(40, 47);87;47
(41, 47);88;47
(42, 47);89;47
(43, 47);90;47
(44, 47);91;47
(45, 47);92;47
(46, 47);93;47
