S;p;l
(1, 51);2;51
(2, 51);53;51
(3, 51);6;51
(4, 51);55;51
(5, 51);56;51
(6, 51);57;51
(7, 51);58;51
(8, 51);59;51
(9, 51);60;51
(10, 51);61;51
(11, 51);62;51
(12, 51);63;51
(13, 51);64;51
(14, 51);65;51
(15, 51);66;51
(16, 51);67;51
(17, 51);34;51
(18, 51);69;51
(19, 51);70;51
(20, 51);71;51
(21, 51);72;51
(22, 51);73;51
(23, 51);74;51
(24, 51);75;51
(25, 51);76;51
(26, 51);77;51
(27, 51);78;51
(28, 51);79;51
(29, 51);80;51
(30, 51);81;51
(31, 51);82;51
(32, 51);83;51
(33, 51);84;51
(34, 51);85;51
(35, 51);86;51
(36, 51);87;51
(37, 51);88;51
(38, 51);89;51
(39, 51);90;51
(40, 51);91;51
(41, 51);92;51
(42, 51);93;51
(43, 51);94;51
(44, 51);95;51
(45, 51);96;51
(46, 51);97;51
(47, 51);98;51
(48, 51);99;51
(49, 51);100;51
(50, 51);101;51
