S;p;l
(1, 60);61;60
(2, 60);62;60
(3, 60);63;60
(4, 60);8;60
(5, 60);65;60
(6, 60);66;60
(7, 60);67;60
(8, 60);68;60
(9, 60);69;60
(10, 60);70;60
(11, 60);71;60
(12, 60);24;60
(13, 60);73;60
(14, 60);74;60
(15, 60);75;60
(16, 60);76;60
(17, 60);77;60
(18, 60);78;60
(19, 60);79;60
(20, 60);40;60
(21, 60);81;60
(22, 60);82;60
(23, 60);83;60
(24, 60);84;60
(25, 60);85;60
(26, 60);86;60
(27, 60);87;60
(28, 60);88;60
(29, 60);89;60
(30, 60);90;60
(31, 60);91;60
(32, 60);92;60
(33, 60);93;60
(34, 60);94;60
(35, 60);95;60
(36, 60);96;60
(37, 60);97;60
(38, 60);98;60
(39, 60);99;60
(40, 60);100;60
(41, 60);101;60
(42, 60);102;60
(43, 60);103;60
(44, 60);104;60
(45, 60);105;60
(46, 60);106;60
(47, 60);107;60
(48, 60);108;60
(49, 60);109;60
(50, 60);110;60
(51, 60);111;60
(52, 60);112;60
(53, 60);113;60
(54, 60);114;60
(55, 60);115;60
(56, 60);116;60
(57, 60);117;60
(58, 60);118;60
(59, 60);119;60
