S;p;l
(1, 54);55;54
(2, 54);4;54
(3, 54);57;54
(4, 54);58;54
(5, 54);59;54
(6, 54);12;54
(7, 54);61;54
(8, 54);62;54
(9, 54);63;54
(10, 54);64;54
(11, 54);65;54
(12, 54);66;54
(13, 54);67;54
(14, 54);68;54
(15, 54);69;54
(16, 54);70;54
(17, 54);71;54
(18, 54);36;54
(19, 54);73;54
(20, 54);74;54
(21, 54);75;54
(22, 54);76;54
(23, 54);77;54
(24, 54);78;54
(25, 54);79;54
(26, 54);80;54
(27, 54);81;54
(28, 54);82;54
(29, 54);83;54
(30, 54);84;54
(31, 54);85;54
(32, 54);86;54
(33, 54);87;54
(34, 54);88;54
(35, 54);89;54
(36, 54);90;54
(37, 54);91;54
(38, 54);92;54
(39, 54);93;54
(40, 54);94;54
(41, 54);95;54
(42, 54);96;54
(43, 54);97;54
(44, 54);98;54
(45, 54);99;54
(46, 54);100;54
(47, 54);101;54
(48, 54);102;54
(49, 54);103;54
(50, 54);104;54
(51, 54);105;54
(52, 54);106;54
(53, 54);107;54
