S;p;l
(1, 80);81;80
(2, 80);82;80
(3, 80);83;80
(4, 80);84;80
(5, 80);85;80
(6, 80);86;80
(7, 80);87;80
(8, 80);88;80
(9, 80);89;80
(10, 80);90;80
(11, 80);91;80
(12, 80);92;80
(13, 80);93;80
(14, 80);94;80
(15, 80);95;80
(16, 80);32;80
(17, 80);97;80
(18, 80);98;80
(19, 80);99;80
(20, 80);100;80
(21, 80);101;80
(22, 80);102;80
(23, 80);103;80
(24, 80);104;80
(25, 80);105;80
(26, 80);106;80
(27, 80);107;80
(28, 80);108;80
(29, 80);109;80
(30, 80);110;80
(31, 80);111;80
(32, 80);112;80
(33, 80);113;80
(34, 80);114;80
(35, 80);115;80
(36, 80);116;80
(37, 80);117;80
(38, 80);118;80
(39, 80);119;80
(40, 80);120;80
(41, 80);121;80
(42, 80);122;80
(43, 80);123;80
(44, 80);124;80
(45, 80);125;80
(46, 80);126;80
(47, 80);127;80
(48, 80);128;80
(49, 80);129;80
(50, 80);130;80
(51, 80);131;80
(52, 80);132;80
(53, 80);133;80
(54, 80);134;80
(55, 80);135;80
(56, 80);136;80
(57, 80);137;80
(58, 80);138;80
(59, 80);139;80
(60, 80);140;80
(61, 80);141;80
(62, 80);142;80
(63, 80);143;80
(64, 80);144;80
(65, 80);145;80
(66, 80);146;80
(67, 80);147;80
(68, 80);148;80
(69, 80);149;80
(70, 80);150;80
(71, 80);151;80
(72, 80);152;80
(73, 80);153;80
(74, 80);154;80
(75, 80);155;80
(76, 80);156;80
(77, 80);157;80
(78, 80);158;80
(79, 80);159;80
