S;p;l
(1, 2, 3, 4, 5, 15);6;15
(1, 2, 3, 4, 6, 15);17;15
(1, 2, 3, 4, 7, 15);16;15
(1, 2, 3, 4, 8, 15);16;15
(1, 2, 3, 4, 9, 15);16;15
(1, 2, 3, 4, 10, 15);11;15
(1, 2, 3, 4, 11, 15);17;15
(1, 2, 3, 4, 12, 15);16;15
(1, 2, 3, 4, 13, 15);16;15
(1, 2, 3, 4, 14, 15);16;15
(1, 2, 3, 5, 6, 15);4;15
(1, 2, 3, 5, 7, 15);4;15
(1, 2, 3, 5, 8, 15);10;15
(1, 2, 3, 5, 9, 15);4;15
(1, 2, 3, 5, 10, 15);4;15
(1, 2, 3, 5, 11, 15);4;15
(1, 2, 3, 5, 12, 15);14;15
(1, 2, 3, 5, 13, 15);4;15
(1, 2, 3, 5, 14, 15);4;15
(1, 2, 3, 6, 7, 15);4;15
(1, 2, 3, 6, 8, 15);9;15
(1, 2, 3, 6, 9, 15);4;15
(1, 2, 3, 6, 10, 15);4;15
(1, 2, 3, 6, 11, 15);4;15
(1, 2, 3, 6, 12, 15);13;15
(1, 2, 3, 6, 13, 15);4;15
(1, 2, 3, 6, 14, 15);4;15
(1, 2, 3, 7, 8, 15);9;15
(1, 2, 3, 7, 9, 15);4;15
(1, 2, 3, 7, 10, 15);4;15
(1, 2, 3, 7, 11, 15);4;15
(1, 2, 3, 7, 12, 15);13;15
(1, 2, 3, 7, 13, 15);4;15
(1, 2, 3, 7, 14, 15);4;15
(1, 2, 3, 8, 9, 15);10;15
(1, 2, 3, 8, 10, 15);9;15
(1, 2, 3, 8, 11, 15);9;15
(1, 2, 3, 8, 12, 15);9;15
(1, 2, 3, 8, 13, 15);14;15
(1, 2, 3, 8, 14, 15);16;15
(1, 2, 3, 9, 10, 15);4;15
(1, 2, 3, 9, 11, 15);4;15
(1, 2, 3, 9, 12, 15);14;15
(1, 2, 3, 9, 13, 15);4;15
(1, 2, 3, 9, 14, 15);4;15
(1, 2, 3, 10, 11, 15);4;15
(1, 2, 3, 10, 12, 15);13;15
(1, 2, 3, 10, 13, 15);4;15
(1, 2, 3, 10, 14, 15);4;15
(1, 2, 3, 11, 12, 15);13;15
(1, 2, 3, 11, 13, 15);4;15
(1, 2, 3, 11, 14, 15);4;15
(1, 2, 3, 12, 13, 15);14;15
(1, 2, 3, 12, 14, 15);13;15
(1, 2, 3, 13, 14, 15);4;15
(1, 2, 4, 5, 6, 15);10;15
(1, 2, 4, 5, 7, 15);20;15
(1, 2, 4, 5, 8, 15);19;15
(1, 2, 4, 5, 9, 15);13;15
(1, 2, 4, 5, 10, 15);20;15
(1, 2, 4, 5, 11, 15);19;15
(1, 2, 4, 5, 12, 15);16;15
(1, 2, 4, 5, 13, 15);20;15
(1, 2, 4, 5, 14, 15);19;15
(1, 2, 4, 6, 7, 15);8;15
(1, 2, 4, 6, 8, 15);10;15
(1, 2, 4, 6, 9, 15);8;15
(1, 2, 4, 6, 10, 15);8;15
(1, 2, 4, 6, 11, 15);13;15
(1, 2, 4, 6, 12, 15);8;15
(1, 2, 4, 6, 13, 15);19;15
(1, 2, 4, 6, 14, 15);8;15
(1, 2, 4, 7, 8, 15);22;15
(1, 2, 4, 7, 9, 15);11;15
(1, 2, 4, 7, 10, 15);17;15
(1, 2, 4, 7, 11, 15);22;15
(1, 2, 4, 7, 12, 15);14;15
(1, 2, 4, 7, 13, 15);17;15
(1, 2, 4, 7, 14, 15);22;15
(1, 2, 4, 8, 9, 15);13;15
(1, 2, 4, 8, 10, 15);23;15
(1, 2, 4, 8, 11, 15);19;15
(1, 2, 4, 8, 12, 15);16;15
(1, 2, 4, 8, 13, 15);23;15
(1, 2, 4, 8, 14, 15);19;15
(1, 2, 4, 9, 10, 15);11;15
(1, 2, 4, 9, 11, 15);13;15
(1, 2, 4, 9, 12, 15);11;15
(1, 2, 4, 9, 13, 15);11;15
(1, 2, 4, 9, 14, 15);16;15
(1, 2, 4, 10, 11, 15);25;15
(1, 2, 4, 10, 12, 15);14;15
(1, 2, 4, 10, 13, 15);17;15
(1, 2, 4, 10, 14, 15);25;15
(1, 2, 4, 11, 12, 15);16;15
(1, 2, 4, 11, 13, 15);26;15
(1, 2, 4, 11, 14, 15);19;15
(1, 2, 4, 12, 13, 15);14;15
(1, 2, 4, 12, 14, 15);16;15
(1, 2, 4, 13, 14, 15);28;15
(1, 2, 5, 6, 7, 15);11;15
(1, 2, 5, 6, 8, 15);7;15
(1, 2, 5, 6, 9, 15);7;15
(1, 2, 5, 6, 10, 15);25;23
(1, 2, 5, 6, 11, 15);17;15
(1, 2, 5, 6, 12, 15);7;15
(1, 2, 5, 6, 13, 15);7;15
(1, 2, 5, 6, 14, 15);39;15
(1, 2, 5, 7, 8, 15);22;15
(1, 2, 5, 7, 9, 15);14;15
(1, 2, 5, 7, 10, 15);20;15
(1, 2, 5, 7, 11, 15);22;15
(1, 2, 5, 7, 12, 15);17;15
(1, 2, 5, 7, 13, 15);20;15
(1, 2, 5, 7, 14, 15);22;15
(1, 2, 5, 8, 9, 15);10;15
(1, 2, 5, 8, 10, 15);23;15
(1, 2, 5, 8, 11, 15);16;15
(1, 2, 5, 8, 12, 15);13;15
(1, 2, 5, 8, 13, 15);23;15
(1, 2, 5, 8, 14, 15);16;15
(1, 2, 5, 9, 10, 15);14;15
(1, 2, 5, 9, 11, 15);10;15
(1, 2, 5, 9, 12, 15);10;15
(1, 2, 5, 9, 13, 15);14;15
(1, 2, 5, 9, 14, 15);23;15
(1, 2, 5, 10, 11, 15);25;15
(1, 2, 5, 10, 12, 15);17;15
(1, 2, 5, 10, 13, 15);20;15
(1, 2, 5, 10, 14, 15);25;15
(1, 2, 5, 11, 12, 15);13;15
(1, 2, 5, 11, 13, 15);26;15
(1, 2, 5, 11, 14, 15);16;15
(1, 2, 5, 12, 13, 15);17;15
(1, 2, 5, 12, 14, 15);13;15
(1, 2, 5, 13, 14, 15);28;15
(1, 2, 6, 7, 8, 15);9;25
(1, 2, 6, 7, 9, 15);8;15
(1, 2, 6, 7, 10, 15);8;15
(1, 2, 6, 7, 11, 15);4;15
(1, 2, 6, 7, 12, 15);8;15
(1, 2, 6, 7, 13, 15);19;15
(1, 2, 6, 7, 14, 15);8;15
(1, 2, 6, 8, 9, 15);7;15
(1, 2, 6, 8, 10, 15);16;15
(1, 2, 6, 8, 11, 15);17;15
(1, 2, 6, 8, 12, 15);7;15
(1, 2, 6, 8, 13, 15);7;15
(1, 2, 6, 8, 14, 15);16;23
(1, 2, 6, 9, 10, 15);8;26
(1, 2, 6, 9, 11, 15);17;15
(1, 2, 6, 9, 12, 15);7;15
(1, 2, 6, 9, 13, 15);7;15
(1, 2, 6, 9, 14, 15);20;15
(1, 2, 6, 10, 11, 15);4;24
(1, 2, 6, 10, 12, 15);25;15
(1, 2, 6, 10, 13, 15);28;15
(1, 2, 6, 10, 14, 15);16;15
(1, 2, 6, 11, 12, 15);17;15
(1, 2, 6, 11, 13, 15);24;15
(1, 2, 6, 11, 14, 15);4;31
(1, 2, 6, 12, 13, 15);7;15
(1, 2, 6, 12, 14, 15);20;15
(1, 2, 6, 13, 14, 15);45;41
(1, 2, 7, 8, 9, 15);16;15
(1, 2, 7, 8, 10, 15);23;15
(1, 2, 7, 8, 11, 15);22;15
(1, 2, 7, 8, 12, 15);19;15
(1, 2, 7, 8, 13, 15);23;15
(1, 2, 7, 8, 14, 15);22;15
(1, 2, 7, 9, 10, 15);11;15
(1, 2, 7, 9, 11, 15);16;15
(1, 2, 7, 9, 12, 15);11;15
(1, 2, 7, 9, 13, 15);11;15
(1, 2, 7, 9, 14, 15);16;15
(1, 2, 7, 10, 11, 15);25;15
(1, 2, 7, 10, 12, 15);14;15
(1, 2, 7, 10, 13, 15);17;15
(1, 2, 7, 10, 14, 15);25;15
(1, 2, 7, 11, 12, 15);19;15
(1, 2, 7, 11, 13, 15);26;15
(1, 2, 7, 11, 14, 15);22;15
(1, 2, 7, 12, 13, 15);14;15
(1, 2, 7, 12, 14, 15);19;15
(1, 2, 7, 13, 14, 15);28;15
(1, 2, 8, 9, 10, 15);17;15
(1, 2, 8, 9, 11, 15);10;15
(1, 2, 8, 9, 12, 15);10;15
(1, 2, 8, 9, 13, 15);7;16
(1, 2, 8, 9, 14, 15);23;15
(1, 2, 8, 10, 11, 15);25;15
(1, 2, 8, 10, 12, 15);20;15
(1, 2, 8, 10, 13, 15);23;15
(1, 2, 8, 10, 14, 15);25;15
(1, 2, 8, 11, 12, 15);13;15
(1, 2, 8, 11, 13, 15);26;15
(1, 2, 8, 11, 14, 15);16;15
(1, 2, 8, 12, 13, 15);20;15
(1, 2, 8, 12, 14, 15);13;15
(1, 2, 8, 13, 14, 15);28;15
(1, 2, 9, 10, 11, 15);19;15
(1, 2, 9, 10, 12, 15);11;15
(1, 2, 9, 10, 13, 15);11;15
(1, 2, 9, 10, 14, 15);8;17
(1, 2, 9, 11, 12, 15);10;15
(1, 2, 9, 11, 13, 15);24;15
(1, 2, 9, 11, 14, 15);23;15
(1, 2, 9, 12, 13, 15);14;15
(1, 2, 9, 12, 14, 15);23;15
(1, 2, 9, 13, 14, 15);48;15
(1, 2, 10, 11, 12, 15);22;15
(1, 2, 10, 11, 13, 15);26;15
(1, 2, 10, 11, 14, 15);25;15
(1, 2, 10, 12, 13, 15);14;15
(1, 2, 10, 12, 14, 15);22;15
(1, 2, 10, 13, 14, 15);28;15
(1, 2, 11, 12, 13, 15);23;15
(1, 2, 11, 12, 14, 15);13;15
(1, 2, 11, 13, 14, 15);28;15
(1, 2, 12, 13, 14, 15);25;15
(1, 3, 4, 5, 6, 15);9;15
(1, 3, 4, 5, 7, 15);8;15
(1, 3, 4, 5, 8, 15);9;15
(1, 3, 4, 5, 9, 15);8;15
(1, 3, 4, 5, 10, 15);14;15
(1, 3, 4, 5, 11, 15);8;15
(1, 3, 4, 5, 12, 15);8;15
(1, 3, 4, 5, 13, 15);8;15
(1, 3, 4, 5, 14, 15);18;15
(1, 3, 4, 6, 7, 15);10;15
(1, 3, 4, 6, 8, 15);7;15
(1, 3, 4, 6, 9, 15);12;15
(1, 3, 4, 6, 10, 15);7;15
(1, 3, 4, 6, 11, 15);7;15
(1, 3, 4, 6, 12, 15);16;15
(1, 3, 4, 6, 13, 15);7;15
(1, 3, 4, 6, 14, 15);18;15
(1, 3, 4, 7, 8, 15);11;15
(1, 3, 4, 7, 9, 15);8;15
(1, 3, 4, 7, 10, 15);19;15
(1, 3, 4, 7, 11, 15);8;15
(1, 3, 4, 7, 12, 15);8;15
(1, 3, 4, 7, 13, 15);8;15
(1, 3, 4, 7, 14, 15);18;15
(1, 3, 4, 8, 9, 15);12;15
(1, 3, 4, 8, 10, 15);7;15
(1, 3, 4, 8, 11, 15);7;15
(1, 3, 4, 8, 12, 15);16;15
(1, 3, 4, 8, 13, 15);7;15
(1, 3, 4, 8, 14, 15);18;15
(1, 3, 4, 9, 10, 15);18;15
(1, 3, 4, 9, 11, 15);12;15
(1, 3, 4, 9, 12, 15);42;39
(1, 3, 4, 9, 13, 15);12;15
(1, 3, 4, 9, 14, 15);18;15
(1, 3, 4, 10, 11, 15);7;15
(1, 3, 4, 10, 12, 15);16;15
(1, 3, 4, 10, 13, 15);7;15
(1, 3, 4, 10, 14, 15);18;15
(1, 3, 4, 11, 12, 15);23;15
(1, 3, 4, 11, 13, 15);7;15
(1, 3, 4, 11, 14, 15);29;64
(1, 3, 4, 12, 13, 15);16;15
(1, 3, 4, 12, 14, 15);18;15
(1, 3, 4, 13, 14, 15);9;21
(1, 3, 5, 6, 7, 15);12;15
(1, 3, 5, 6, 8, 15);20;15
(1, 3, 5, 6, 9, 15);12;15
(1, 3, 5, 6, 10, 15);20;15
(1, 3, 5, 6, 11, 15);12;15
(1, 3, 5, 6, 12, 15);20;15
(1, 3, 5, 6, 13, 15);18;15
(1, 3, 5, 6, 14, 15);20;15
(1, 3, 5, 7, 8, 15);16;15
(1, 3, 5, 7, 9, 15);2;15
(1, 3, 5, 7, 10, 15);20;15
(1, 3, 5, 7, 11, 15);2;15
(1, 3, 5, 7, 12, 15);24;15
(1, 3, 5, 7, 13, 15);2;15
(1, 3, 5, 7, 14, 15);28;15
(1, 3, 5, 8, 9, 15);16;15
(1, 3, 5, 8, 10, 15);20;15
(1, 3, 5, 8, 11, 15);16;15
(1, 3, 5, 8, 12, 15);20;15
(1, 3, 5, 8, 13, 15);16;15
(1, 3, 5, 8, 14, 15);20;52
(1, 3, 5, 9, 10, 15);20;15
(1, 3, 5, 9, 11, 15);2;15
(1, 3, 5, 9, 12, 15);24;15
(1, 3, 5, 9, 13, 15);2;15
(1, 3, 5, 9, 14, 15);28;15
(1, 3, 5, 10, 11, 15);20;15
(1, 3, 5, 10, 12, 15);22;15
(1, 3, 5, 10, 13, 15);20;15
(1, 3, 5, 10, 14, 15);24;15
(1, 3, 5, 11, 12, 15);24;15
(1, 3, 5, 11, 13, 15);2;15
(1, 3, 5, 11, 14, 15);28;15
(1, 3, 5, 12, 13, 15);24;15
(1, 3, 5, 12, 14, 15);26;15
(1, 3, 5, 13, 14, 15);28;15
(1, 3, 6, 7, 8, 15);9;18
(1, 3, 6, 7, 9, 15);12;15
(1, 3, 6, 7, 10, 15);4;22
(1, 3, 6, 7, 11, 15);12;15
(1, 3, 6, 7, 12, 15);13;22
(1, 3, 6, 7, 13, 15);12;15
(1, 3, 6, 7, 14, 15);20;15
(1, 3, 6, 8, 9, 15);14;15
(1, 3, 6, 8, 10, 15);9;15
(1, 3, 6, 8, 11, 15);14;15
(1, 3, 6, 8, 12, 15);9;15
(1, 3, 6, 8, 13, 15);16;15
(1, 3, 6, 8, 14, 15);29;15
(1, 3, 6, 9, 10, 15);16;15
(1, 3, 6, 9, 11, 15);12;15
(1, 3, 6, 9, 12, 15);18;15
(1, 3, 6, 9, 13, 15);12;15
(1, 3, 6, 9, 14, 15);20;15
(1, 3, 6, 10, 11, 15);7;22
(1, 3, 6, 10, 12, 15);9;15
(1, 3, 6, 10, 13, 15);16;15
(1, 3, 6, 10, 14, 15);29;15
(1, 3, 6, 11, 12, 15);13;42
(1, 3, 6, 11, 13, 15);14;15
(1, 3, 6, 11, 14, 15);4;28
(1, 3, 6, 12, 13, 15);25;15
(1, 3, 6, 12, 14, 15);29;15
(1, 3, 6, 13, 14, 15);27;15
(1, 3, 7, 8, 9, 15);16;15
(1, 3, 7, 8, 10, 15);18;15
(1, 3, 7, 8, 11, 15);16;15
(1, 3, 7, 8, 12, 15);20;15
(1, 3, 7, 8, 13, 15);16;15
(1, 3, 7, 8, 14, 15);22;15
(1, 3, 7, 9, 10, 15);20;15
(1, 3, 7, 9, 11, 15);2;15
(1, 3, 7, 9, 12, 15);24;15
(1, 3, 7, 9, 13, 15);2;15
(1, 3, 7, 9, 14, 15);28;15
(1, 3, 7, 10, 11, 15);20;15
(1, 3, 7, 10, 12, 15);22;15
(1, 3, 7, 10, 13, 15);20;15
(1, 3, 7, 10, 14, 15);24;15
(1, 3, 7, 11, 12, 15);24;15
(1, 3, 7, 11, 13, 15);2;15
(1, 3, 7, 11, 14, 15);28;15
(1, 3, 7, 12, 13, 15);24;15
(1, 3, 7, 12, 14, 15);26;15
(1, 3, 7, 13, 14, 15);28;15
(1, 3, 8, 9, 10, 15);18;15
(1, 3, 8, 9, 11, 15);16;15
(1, 3, 8, 9, 12, 15);20;15
(1, 3, 8, 9, 13, 15);16;15
(1, 3, 8, 9, 14, 15);22;15
(1, 3, 8, 10, 11, 15);18;15
(1, 3, 8, 10, 12, 15);9;17
(1, 3, 8, 10, 13, 15);16;26
(1, 3, 8, 10, 14, 15);29;15
(1, 3, 8, 11, 12, 15);20;15
(1, 3, 8, 11, 13, 15);16;15
(1, 3, 8, 11, 14, 15);22;15
(1, 3, 8, 12, 13, 15);25;27
(1, 3, 8, 12, 14, 15);29;15
(1, 3, 8, 13, 14, 15);27;25
(1, 3, 9, 10, 11, 15);20;15
(1, 3, 9, 10, 12, 15);22;15
(1, 3, 9, 10, 13, 15);20;15
(1, 3, 9, 10, 14, 15);24;15
(1, 3, 9, 11, 12, 15);24;15
(1, 3, 9, 11, 13, 15);2;15
(1, 3, 9, 11, 14, 15);28;15
(1, 3, 9, 12, 13, 15);24;15
(1, 3, 9, 12, 14, 15);26;15
(1, 3, 9, 13, 14, 15);28;15
(1, 3, 10, 11, 12, 15);22;15
(1, 3, 10, 11, 13, 15);20;15
(1, 3, 10, 11, 14, 15);24;15
(1, 3, 10, 12, 13, 15);22;15
(1, 3, 10, 12, 14, 15);24;23
(1, 3, 10, 13, 14, 15);24;15
(1, 3, 11, 12, 13, 15);24;15
(1, 3, 11, 12, 14, 15);26;15
(1, 3, 11, 13, 14, 15);28;15
(1, 3, 12, 13, 14, 15);26;15
(1, 4, 5, 6, 7, 15);10;15
(1, 4, 5, 6, 8, 15);9;15
(1, 4, 5, 6, 9, 15);10;15
(1, 4, 5, 6, 10, 15);9;15
(1, 4, 5, 6, 11, 15);19;15
(1, 4, 5, 6, 12, 15);9;15
(1, 4, 5, 6, 13, 15);9;15
(1, 4, 5, 6, 14, 15);9;15
(1, 4, 5, 7, 8, 15);11;15
(1, 4, 5, 7, 9, 15);8;15
(1, 4, 5, 7, 10, 15);20;45
(1, 4, 5, 7, 11, 15);8;15
(1, 4, 5, 7, 12, 15);8;15
(1, 4, 5, 7, 13, 15);8;15
(1, 4, 5, 7, 14, 15);18;15
(1, 4, 5, 8, 9, 15);12;15
(1, 4, 5, 8, 10, 15);9;15
(1, 4, 5, 8, 11, 15);28;28
(1, 4, 5, 8, 12, 15);9;15
(1, 4, 5, 8, 13, 15);9;15
(1, 4, 5, 8, 14, 15);9;15
(1, 4, 5, 9, 10, 15);14;15
(1, 4, 5, 9, 11, 15);8;15
(1, 4, 5, 9, 12, 15);8;15
(1, 4, 5, 9, 13, 15);8;15
(1, 4, 5, 9, 14, 15);18;15
(1, 4, 5, 10, 11, 15);14;15
(1, 4, 5, 10, 12, 15);17;70
(1, 4, 5, 10, 13, 15);20;19
(1, 4, 5, 10, 14, 15);47;30
(1, 4, 5, 11, 12, 15);8;15
(1, 4, 5, 11, 13, 15);8;15
(1, 4, 5, 11, 14, 15);18;15
(1, 4, 5, 12, 13, 15);8;15
(1, 4, 5, 12, 14, 15);19;15
(1, 4, 5, 13, 14, 15);18;15
(1, 4, 6, 7, 8, 15);14;15
(1, 4, 6, 7, 9, 15);21;15
(1, 4, 6, 7, 10, 15);16;15
(1, 4, 6, 7, 11, 15);26;15
(1, 4, 6, 7, 12, 15);21;15
(1, 4, 6, 7, 13, 15);19;15
(1, 4, 6, 7, 14, 15);21;15
(1, 4, 6, 8, 9, 15);24;15
(1, 4, 6, 8, 10, 15);14;15
(1, 4, 6, 8, 11, 15);19;15
(1, 4, 6, 8, 12, 15);16;15
(1, 4, 6, 8, 13, 15);19;15
(1, 4, 6, 8, 14, 15);23;15
(1, 4, 6, 9, 10, 15);16;30
(1, 4, 6, 9, 11, 15);24;15
(1, 4, 6, 9, 12, 15);21;15
(1, 4, 6, 9, 13, 15);24;15
(1, 4, 6, 9, 14, 15);51;20
(1, 4, 6, 10, 11, 15);7;15
(1, 4, 6, 10, 12, 15);16;15
(1, 4, 6, 10, 13, 15);14;15
(1, 4, 6, 10, 14, 15);41;15
(1, 4, 6, 11, 12, 15);26;15
(1, 4, 6, 11, 13, 15);19;19
(1, 4, 6, 11, 14, 15);28;25
(1, 4, 6, 12, 13, 15);40;97
(1, 4, 6, 12, 14, 15);21;17
(1, 4, 6, 13, 14, 15);28;33
(1, 4, 7, 8, 9, 15);16;15
(1, 4, 7, 8, 10, 15);25;15
(1, 4, 7, 8, 11, 15);50;15
(1, 4, 7, 8, 12, 15);41;27
(1, 4, 7, 8, 13, 15);14;15
(1, 4, 7, 8, 14, 15);11;29
(1, 4, 7, 9, 10, 15);19;15
(1, 4, 7, 9, 11, 15);8;29
(1, 4, 7, 9, 12, 15);8;15
(1, 4, 7, 9, 13, 15);22;15
(1, 4, 7, 9, 14, 15);29;15
(1, 4, 7, 10, 11, 15);21;82
(1, 4, 7, 10, 12, 15);11;15
(1, 4, 7, 10, 13, 15);14;15
(1, 4, 7, 10, 14, 15);24;23
(1, 4, 7, 11, 12, 15);8;29
(1, 4, 7, 11, 13, 15);22;42
(1, 4, 7, 11, 14, 15);26;15
(1, 4, 7, 12, 13, 15);25;15
(1, 4, 7, 12, 14, 15);29;15
(1, 4, 7, 13, 14, 15);26;48
(1, 4, 8, 9, 10, 15);16;15
(1, 4, 8, 9, 11, 15);24;15
(1, 4, 8, 9, 12, 15);55;48
(1, 4, 8, 9, 13, 15);24;15
(1, 4, 8, 9, 14, 15);23;15
(1, 4, 8, 10, 11, 15);7;15
(1, 4, 8, 10, 12, 15);16;15
(1, 4, 8, 10, 13, 15);14;15
(1, 4, 8, 10, 14, 15);18;15
(1, 4, 8, 11, 12, 15);21;21
(1, 4, 8, 11, 13, 15);19;15
(1, 4, 8, 11, 14, 15);29;15
(1, 4, 8, 12, 13, 15);67;29
(1, 4, 8, 12, 14, 15);16;71
(1, 4, 8, 13, 14, 15);28;15
(1, 4, 9, 10, 11, 15);19;15
(1, 4, 9, 10, 12, 15);19;36
(1, 4, 9, 10, 13, 15);19;15
(1, 4, 9, 10, 14, 15);24;15
(1, 4, 9, 11, 12, 15);26;15
(1, 4, 9, 11, 13, 15);24;15
(1, 4, 9, 11, 14, 15);28;25
(1, 4, 9, 12, 13, 15);45;87
(1, 4, 9, 12, 14, 15);29;15
(1, 4, 9, 13, 14, 15);28;15
(1, 4, 10, 11, 12, 15);21;15
(1, 4, 10, 11, 13, 15);7;15
(1, 4, 10, 11, 14, 15);23;20
(1, 4, 10, 12, 13, 15);16;46
(1, 4, 10, 12, 14, 15);24;17
(1, 4, 10, 13, 14, 15);23;15
(1, 4, 11, 12, 13, 15);24;15
(1, 4, 11, 12, 14, 15);26;15
(1, 4, 11, 13, 14, 15);28;38
(1, 4, 12, 13, 14, 15);26;52
(1, 5, 6, 7, 8, 15);25;15
(1, 5, 6, 7, 9, 15);12;15
(1, 5, 6, 7, 10, 15);11;19
(1, 5, 6, 7, 11, 15);12;15
(1, 5, 6, 7, 12, 15);21;18
(1, 5, 6, 7, 13, 15);12;15
(1, 5, 6, 7, 14, 15);20;15
(1, 5, 6, 8, 9, 15);14;15
(1, 5, 6, 8, 10, 15);20;15
(1, 5, 6, 8, 11, 15);14;15
(1, 5, 6, 8, 12, 15);20;15
(1, 5, 6, 8, 13, 15);7;15
(1, 5, 6, 8, 14, 15);20;15
(1, 5, 6, 9, 10, 15);16;15
(1, 5, 6, 9, 11, 15);12;15
(1, 5, 6, 9, 12, 15);18;15
(1, 5, 6, 9, 13, 15);12;15
(1, 5, 6, 9, 14, 15);20;15
(1, 5, 6, 10, 11, 15);16;15
(1, 5, 6, 10, 12, 15);20;15
(1, 5, 6, 10, 13, 15);18;15
(1, 5, 6, 10, 14, 15);20;15
(1, 5, 6, 11, 12, 15);18;15
(1, 5, 6, 11, 13, 15);12;15
(1, 5, 6, 11, 14, 15);20;15
(1, 5, 6, 12, 13, 15);18;15
(1, 5, 6, 12, 14, 15);20;15
(1, 5, 6, 13, 14, 15);9;20
(1, 5, 7, 8, 9, 15);16;15
(1, 5, 7, 8, 10, 15);18;15
(1, 5, 7, 8, 11, 15);16;15
(1, 5, 7, 8, 12, 15);20;15
(1, 5, 7, 8, 13, 15);16;15
(1, 5, 7, 8, 14, 15);22;15
(1, 5, 7, 9, 10, 15);20;15
(1, 5, 7, 9, 11, 15);2;15
(1, 5, 7, 9, 12, 15);24;15
(1, 5, 7, 9, 13, 15);2;15
(1, 5, 7, 9, 14, 15);28;15
(1, 5, 7, 10, 11, 15);20;15
(1, 5, 7, 10, 12, 15);22;15
(1, 5, 7, 10, 13, 15);20;15
(1, 5, 7, 10, 14, 15);24;15
(1, 5, 7, 11, 12, 15);24;15
(1, 5, 7, 11, 13, 15);2;15
(1, 5, 7, 11, 14, 15);28;15
(1, 5, 7, 12, 13, 15);24;15
(1, 5, 7, 12, 14, 15);26;15
(1, 5, 7, 13, 14, 15);28;15
(1, 5, 8, 9, 10, 15);18;15
(1, 5, 8, 9, 11, 15);16;15
(1, 5, 8, 9, 12, 15);20;15
(1, 5, 8, 9, 13, 15);16;15
(1, 5, 8, 9, 14, 15);22;15
(1, 5, 8, 10, 11, 15);18;15
(1, 5, 8, 10, 12, 15);20;15
(1, 5, 8, 10, 13, 15);18;15
(1, 5, 8, 10, 14, 15);20;52
(1, 5, 8, 11, 12, 15);20;15
(1, 5, 8, 11, 13, 15);16;15
(1, 5, 8, 11, 14, 15);22;15
(1, 5, 8, 12, 13, 15);20;15
(1, 5, 8, 12, 14, 15);20;32
(1, 5, 8, 13, 14, 15);22;15
(1, 5, 9, 10, 11, 15);20;15
(1, 5, 9, 10, 12, 15);22;15
(1, 5, 9, 10, 13, 15);20;15
(1, 5, 9, 10, 14, 15);24;15
(1, 5, 9, 11, 12, 15);24;15
(1, 5, 9, 11, 13, 15);2;15
(1, 5, 9, 11, 14, 15);28;15
(1, 5, 9, 12, 13, 15);24;15
(1, 5, 9, 12, 14, 15);26;15
(1, 5, 9, 13, 14, 15);28;15
(1, 5, 10, 11, 12, 15);22;15
(1, 5, 10, 11, 13, 15);20;15
(1, 5, 10, 11, 14, 15);24;15
(1, 5, 10, 12, 13, 15);22;15
(1, 5, 10, 12, 14, 15);24;15
(1, 5, 10, 13, 14, 15);24;15
(1, 5, 11, 12, 13, 15);24;15
(1, 5, 11, 12, 14, 15);26;15
(1, 5, 11, 13, 14, 15);28;15
(1, 5, 12, 13, 14, 15);26;15
(1, 6, 7, 8, 9, 15);14;15
(1, 6, 7, 8, 10, 15);41;64
(1, 6, 7, 8, 11, 15);14;15
(1, 6, 7, 8, 12, 15);9;54
(1, 6, 7, 8, 13, 15);14;15
(1, 6, 7, 8, 14, 15);22;15
(1, 6, 7, 9, 10, 15);16;15
(1, 6, 7, 9, 11, 15);12;15
(1, 6, 7, 9, 12, 15);18;15
(1, 6, 7, 9, 13, 15);12;15
(1, 6, 7, 9, 14, 15);20;15
(1, 6, 7, 10, 11, 15);16;15
(1, 6, 7, 10, 12, 15);8;45
(1, 6, 7, 10, 13, 15);16;15
(1, 6, 7, 10, 14, 15);8;50
(1, 6, 7, 11, 12, 15);18;15
(1, 6, 7, 11, 13, 15);12;15
(1, 6, 7, 11, 14, 15);20;15
(1, 6, 7, 12, 13, 15);18;15
(1, 6, 7, 12, 14, 15);21;34
(1, 6, 7, 13, 14, 15);20;15
(1, 6, 8, 9, 10, 15);55;49
(1, 6, 8, 9, 11, 15);24;15
(1, 6, 8, 9, 12, 15);39;15
(1, 6, 8, 9, 13, 15);7;21
(1, 6, 8, 9, 14, 15);23;15
(1, 6, 8, 10, 11, 15);21;15
(1, 6, 8, 10, 12, 15);9;18
(1, 6, 8, 10, 13, 15);23;15
(1, 6, 8, 10, 14, 15);29;20
(1, 6, 8, 11, 12, 15);23;15
(1, 6, 8, 11, 13, 15);26;15
(1, 6, 8, 11, 14, 15);25;15
(1, 6, 8, 12, 13, 15);25;15
(1, 6, 8, 12, 14, 15);29;20
(1, 6, 8, 13, 14, 15);27;15
(1, 6, 9, 10, 11, 15);39;33
(1, 6, 9, 10, 12, 15);57;15
(1, 6, 9, 10, 13, 15);37;16
(1, 6, 9, 10, 14, 15);43;119
(1, 6, 9, 11, 12, 15);23;15
(1, 6, 9, 11, 13, 15);24;15
(1, 6, 9, 11, 14, 15);4;56
(1, 6, 9, 12, 13, 15);21;15
(1, 6, 9, 12, 14, 15);23;15
(1, 6, 9, 13, 14, 15);28;22
(1, 6, 10, 11, 12, 15);23;15
(1, 6, 10, 11, 13, 15);21;15
(1, 6, 10, 11, 14, 15);25;15
(1, 6, 10, 12, 13, 15);25;15
(1, 6, 10, 12, 14, 15);29;20
(1, 6, 10, 13, 14, 15);27;15
(1, 6, 11, 12, 13, 15);23;15
(1, 6, 11, 12, 14, 15);25;15
(1, 6, 11, 13, 14, 15);28;35
(1, 6, 12, 13, 14, 15);27;15
(1, 7, 8, 9, 10, 15);18;15
(1, 7, 8, 9, 11, 15);16;15
(1, 7, 8, 9, 12, 15);20;15
(1, 7, 8, 9, 13, 15);16;15
(1, 7, 8, 9, 14, 15);22;15
(1, 7, 8, 10, 11, 15);18;15
(1, 7, 8, 10, 12, 15);20;15
(1, 7, 8, 10, 13, 15);18;15
(1, 7, 8, 10, 14, 15);22;15
(1, 7, 8, 11, 12, 15);20;15
(1, 7, 8, 11, 13, 15);16;15
(1, 7, 8, 11, 14, 15);22;15
(1, 7, 8, 12, 13, 15);20;15
(1, 7, 8, 12, 14, 15);22;15
(1, 7, 8, 13, 14, 15);22;15
(1, 7, 9, 10, 11, 15);20;15
(1, 7, 9, 10, 12, 15);22;15
(1, 7, 9, 10, 13, 15);20;15
(1, 7, 9, 10, 14, 15);24;15
(1, 7, 9, 11, 12, 15);24;15
(1, 7, 9, 11, 13, 15);2;15
(1, 7, 9, 11, 14, 15);28;15
(1, 7, 9, 12, 13, 15);24;15
(1, 7, 9, 12, 14, 15);26;15
(1, 7, 9, 13, 14, 15);28;15
(1, 7, 10, 11, 12, 15);22;15
(1, 7, 10, 11, 13, 15);20;15
(1, 7, 10, 11, 14, 15);24;15
(1, 7, 10, 12, 13, 15);22;15
(1, 7, 10, 12, 14, 15);24;15
(1, 7, 10, 13, 14, 15);24;15
(1, 7, 11, 12, 13, 15);24;15
(1, 7, 11, 12, 14, 15);26;15
(1, 7, 11, 13, 14, 15);28;15
(1, 7, 12, 13, 14, 15);26;15
(1, 8, 9, 10, 11, 15);18;15
(1, 8, 9, 10, 12, 15);20;15
(1, 8, 9, 10, 13, 15);18;15
(1, 8, 9, 10, 14, 15);22;15
(1, 8, 9, 11, 12, 15);20;15
(1, 8, 9, 11, 13, 15);16;15
(1, 8, 9, 11, 14, 15);22;15
(1, 8, 9, 12, 13, 15);20;15
(1, 8, 9, 12, 14, 15);22;15
(1, 8, 9, 13, 14, 15);22;15
(1, 8, 10, 11, 12, 15);45;65
(1, 8, 10, 11, 13, 15);21;23
(1, 8, 10, 11, 14, 15);25;15
(1, 8, 10, 12, 13, 15);25;15
(1, 8, 10, 12, 14, 15);29;15
(1, 8, 10, 13, 14, 15);27;15
(1, 8, 11, 12, 13, 15);23;15
(1, 8, 11, 12, 14, 15);47;15
(1, 8, 11, 13, 14, 15);25;24
(1, 8, 12, 13, 14, 15);27;15
(1, 9, 10, 11, 12, 15);22;15
(1, 9, 10, 11, 13, 15);20;15
(1, 9, 10, 11, 14, 15);24;15
(1, 9, 10, 12, 13, 15);22;15
(1, 9, 10, 12, 14, 15);24;15
(1, 9, 10, 13, 14, 15);24;15
(1, 9, 11, 12, 13, 15);24;15
(1, 9, 11, 12, 14, 15);26;15
(1, 9, 11, 13, 14, 15);28;15
(1, 9, 12, 13, 14, 15);26;15
(1, 10, 11, 12, 13, 15);22;15
(1, 10, 11, 12, 14, 15);24;15
(1, 10, 11, 13, 14, 15);24;15
(1, 10, 12, 13, 14, 15);27;15
(1, 11, 12, 13, 14, 15);26;15
(2, 3, 4, 5, 6, 15);17;15
(2, 3, 4, 5, 7, 15);9;15
(2, 3, 4, 5, 8, 15);13;15
(2, 3, 4, 5, 9, 15);20;15
(2, 3, 4, 5, 10, 15);20;15
(2, 3, 4, 5, 11, 15);20;15
(2, 3, 4, 5, 12, 15);27;15
(2, 3, 4, 5, 13, 15);17;15
(2, 3, 4, 5, 14, 15);17;15
(2, 3, 4, 6, 7, 15);9;15
(2, 3, 4, 6, 8, 15);10;15
(2, 3, 4, 6, 9, 15);36;15
(2, 3, 4, 6, 10, 15);21;15
(2, 3, 4, 6, 11, 15);17;15
(2, 3, 4, 6, 12, 15);17;15
(2, 3, 4, 6, 13, 15);17;15
(2, 3, 4, 6, 14, 15);17;15
(2, 3, 4, 7, 8, 15);11;15
(2, 3, 4, 7, 9, 15);11;15
(2, 3, 4, 7, 10, 15);17;15
(2, 3, 4, 7, 11, 15);46;18
(2, 3, 4, 7, 12, 15);27;15
(2, 3, 4, 7, 13, 15);11;15
(2, 3, 4, 7, 14, 15);11;15
(2, 3, 4, 8, 9, 15);6;15
(2, 3, 4, 8, 10, 15);6;15
(2, 3, 4, 8, 11, 15);19;15
(2, 3, 4, 8, 12, 15);20;23
(2, 3, 4, 8, 13, 15);17;15
(2, 3, 4, 8, 14, 15);6;15
(2, 3, 4, 9, 10, 15);6;15
(2, 3, 4, 9, 11, 15);13;15
(2, 3, 4, 9, 12, 15);27;24
(2, 3, 4, 9, 13, 15);17;15
(2, 3, 4, 9, 14, 15);6;15
(2, 3, 4, 10, 11, 15);13;15
(2, 3, 4, 10, 12, 15);11;24
(2, 3, 4, 10, 13, 15);23;15
(2, 3, 4, 10, 14, 15);6;15
(2, 3, 4, 11, 12, 15);27;15
(2, 3, 4, 11, 13, 15);23;15
(2, 3, 4, 11, 14, 15);25;15
(2, 3, 4, 12, 13, 15);17;57
(2, 3, 4, 12, 14, 15);40;15
(2, 3, 4, 13, 14, 15);17;15
(2, 3, 5, 6, 7, 15);9;15
(2, 3, 5, 6, 8, 15);10;15
(2, 3, 5, 6, 9, 15);30;15
(2, 3, 5, 6, 10, 15);4;31
(2, 3, 5, 6, 11, 15);17;15
(2, 3, 5, 6, 12, 15);17;15
(2, 3, 5, 6, 13, 15);17;15
(2, 3, 5, 6, 14, 15);17;15
(2, 3, 5, 7, 8, 15);10;15
(2, 3, 5, 7, 9, 15);11;15
(2, 3, 5, 7, 10, 15);12;15
(2, 3, 5, 7, 11, 15);9;15
(2, 3, 5, 7, 12, 15);9;15
(2, 3, 5, 7, 13, 15);9;15
(2, 3, 5, 7, 14, 15);9;15
(2, 3, 5, 8, 9, 15);17;39
(2, 3, 5, 8, 10, 15);13;15
(2, 3, 5, 8, 11, 15);13;15
(2, 3, 5, 8, 12, 15);17;15
(2, 3, 5, 8, 13, 15);27;40
(2, 3, 5, 8, 14, 15);17;28
(2, 3, 5, 9, 10, 15);20;16
(2, 3, 5, 9, 11, 15);20;15
(2, 3, 5, 9, 12, 15);24;15
(2, 3, 5, 9, 13, 15);18;15
(2, 3, 5, 9, 14, 15);18;15
(2, 3, 5, 10, 11, 15);20;15
(2, 3, 5, 10, 12, 15);38;34
(2, 3, 5, 10, 13, 15);62;19
(2, 3, 5, 10, 14, 15);19;15
(2, 3, 5, 11, 12, 15);27;15
(2, 3, 5, 11, 13, 15);4;49
(2, 3, 5, 11, 14, 15);17;21
(2, 3, 5, 12, 13, 15);17;15
(2, 3, 5, 12, 14, 15);17;15
(2, 3, 5, 13, 14, 15);17;15
(2, 3, 6, 7, 8, 15);23;15
(2, 3, 6, 7, 9, 15);29;28
(2, 3, 6, 7, 10, 15);13;15
(2, 3, 6, 7, 11, 15);9;15
(2, 3, 6, 7, 12, 15);9;15
(2, 3, 6, 7, 13, 15);9;32
(2, 3, 6, 7, 14, 15);17;17
(2, 3, 6, 8, 9, 15);45;59
(2, 3, 6, 8, 10, 15);9;25
(2, 3, 6, 8, 11, 15);23;15
(2, 3, 6, 8, 12, 15);23;15
(2, 3, 6, 8, 13, 15);21;15
(2, 3, 6, 8, 14, 15);54;35
(2, 3, 6, 9, 10, 15);12;15
(2, 3, 6, 9, 11, 15);42;32
(2, 3, 6, 9, 12, 15);18;15
(2, 3, 6, 9, 13, 15);104;15
(2, 3, 6, 9, 14, 15);12;15
(2, 3, 6, 10, 11, 15);13;15
(2, 3, 6, 10, 12, 15);22;15
(2, 3, 6, 10, 13, 15);37;35
(2, 3, 6, 10, 14, 15);17;15
(2, 3, 6, 11, 12, 15);9;15
(2, 3, 6, 11, 13, 15);26;15
(2, 3, 6, 11, 14, 15);17;15
(2, 3, 6, 12, 13, 15);17;48
(2, 3, 6, 12, 14, 15);26;15
(2, 3, 6, 13, 14, 15);49;31
(2, 3, 7, 8, 9, 15);22;15
(2, 3, 7, 8, 10, 15);17;15
(2, 3, 7, 8, 11, 15);23;15
(2, 3, 7, 8, 12, 15);23;33
(2, 3, 7, 8, 13, 15);22;19
(2, 3, 7, 8, 14, 15);22;15
(2, 3, 7, 9, 10, 15);17;15
(2, 3, 7, 9, 11, 15);18;15
(2, 3, 7, 9, 12, 15);24;15
(2, 3, 7, 9, 13, 15);22;15
(2, 3, 7, 9, 14, 15);22;15
(2, 3, 7, 10, 11, 15);13;29
(2, 3, 7, 10, 12, 15);22;25
(2, 3, 7, 10, 13, 15);17;30
(2, 3, 7, 10, 14, 15);17;15
(2, 3, 7, 11, 12, 15);9;18
(2, 3, 7, 11, 13, 15);26;31
(2, 3, 7, 11, 14, 15);22;20
(2, 3, 7, 12, 13, 15);27;15
(2, 3, 7, 12, 14, 15);27;15
(2, 3, 7, 13, 14, 15);22;19
(2, 3, 8, 9, 10, 15);6;15
(2, 3, 8, 9, 11, 15);18;16
(2, 3, 8, 9, 12, 15);27;15
(2, 3, 8, 9, 13, 15);28;15
(2, 3, 8, 9, 14, 15);17;15
(2, 3, 8, 10, 11, 15);18;52
(2, 3, 8, 10, 12, 15);18;32
(2, 3, 8, 10, 13, 15);23;15
(2, 3, 8, 10, 14, 15);6;15
(2, 3, 8, 11, 12, 15);23;15
(2, 3, 8, 11, 13, 15);26;15
(2, 3, 8, 11, 14, 15);22;15
(2, 3, 8, 12, 13, 15);27;15
(2, 3, 8, 12, 14, 15);27;15
(2, 3, 8, 13, 14, 15);28;19
(2, 3, 9, 10, 11, 15);13;15
(2, 3, 9, 10, 12, 15);72;68
(2, 3, 9, 10, 13, 15);23;15
(2, 3, 9, 10, 14, 15);12;15
(2, 3, 9, 11, 12, 15);60;15
(2, 3, 9, 11, 13, 15);22;15
(2, 3, 9, 11, 14, 15);30;29
(2, 3, 9, 12, 13, 15);27;15
(2, 3, 9, 12, 14, 15);27;15
(2, 3, 9, 13, 14, 15);28;15
(2, 3, 10, 11, 12, 15);22;25
(2, 3, 10, 11, 13, 15);22;64
(2, 3, 10, 11, 14, 15);17;28
(2, 3, 10, 12, 13, 15);22;15
(2, 3, 10, 12, 14, 15);22;15
(2, 3, 10, 13, 14, 15);23;15
(2, 3, 11, 12, 13, 15);28;15
(2, 3, 11, 12, 14, 15);49;86
(2, 3, 11, 13, 14, 15);96;108
(2, 3, 12, 13, 14, 15);27;15
(2, 4, 5, 6, 7, 15);9;15
(2, 4, 5, 6, 8, 15);10;15
(2, 4, 5, 6, 9, 15);29;15
(2, 4, 5, 6, 10, 15);28;15
(2, 4, 5, 6, 11, 15);17;15
(2, 4, 5, 6, 12, 15);17;15
(2, 4, 5, 6, 13, 15);17;15
(2, 4, 5, 6, 14, 15);17;15
(2, 4, 5, 7, 8, 15);10;15
(2, 4, 5, 7, 9, 15);11;15
(2, 4, 5, 7, 10, 15);29;15
(2, 4, 5, 7, 11, 15);9;15
(2, 4, 5, 7, 12, 15);9;15
(2, 4, 5, 7, 13, 15);9;15
(2, 4, 5, 7, 14, 15);9;15
(2, 4, 5, 8, 9, 15);13;15
(2, 4, 5, 8, 10, 15);13;15
(2, 4, 5, 8, 11, 15);19;15
(2, 4, 5, 8, 12, 15);16;15
(2, 4, 5, 8, 13, 15);43;15
(2, 4, 5, 8, 14, 15);19;15
(2, 4, 5, 9, 10, 15);20;15
(2, 4, 5, 9, 11, 15);20;15
(2, 4, 5, 9, 12, 15);27;15
(2, 4, 5, 9, 13, 15);18;15
(2, 4, 5, 9, 14, 15);18;15
(2, 4, 5, 10, 11, 15);20;15
(2, 4, 5, 10, 12, 15);27;15
(2, 4, 5, 10, 13, 15);37;61
(2, 4, 5, 10, 14, 15);19;15
(2, 4, 5, 11, 12, 15);16;16
(2, 4, 5, 11, 13, 15);74;15
(2, 4, 5, 11, 14, 15);19;19
(2, 4, 5, 12, 13, 15);17;15
(2, 4, 5, 12, 14, 15);17;15
(2, 4, 5, 13, 14, 15);17;15
(2, 4, 6, 7, 8, 15);10;15
(2, 4, 6, 7, 9, 15);11;15
(2, 4, 6, 7, 10, 15);8;15
(2, 4, 6, 7, 11, 15);9;15
(2, 4, 6, 7, 12, 15);9;15
(2, 4, 6, 7, 13, 15);9;15
(2, 4, 6, 7, 14, 15);9;15
(2, 4, 6, 8, 9, 15);11;15
(2, 4, 6, 8, 10, 15);12;15
(2, 4, 6, 8, 11, 15);10;15
(2, 4, 6, 8, 12, 15);10;15
(2, 4, 6, 8, 13, 15);10;15
(2, 4, 6, 8, 14, 15);10;15
(2, 4, 6, 9, 10, 15);32;15
(2, 4, 6, 9, 11, 15);13;15
(2, 4, 6, 9, 12, 15);8;31
(2, 4, 6, 9, 13, 15);29;15
(2, 4, 6, 9, 14, 15);29;15
(2, 4, 6, 10, 11, 15);38;15
(2, 4, 6, 10, 12, 15);8;21
(2, 4, 6, 10, 13, 15);36;15
(2, 4, 6, 10, 14, 15);8;19
(2, 4, 6, 11, 12, 15);17;15
(2, 4, 6, 11, 13, 15);17;15
(2, 4, 6, 11, 14, 15);17;15
(2, 4, 6, 12, 13, 15);17;15
(2, 4, 6, 12, 14, 15);17;15
(2, 4, 6, 13, 14, 15);17;15
(2, 4, 7, 8, 9, 15);11;15
(2, 4, 7, 8, 10, 15);17;15
(2, 4, 7, 8, 11, 15);18;15
(2, 4, 7, 8, 12, 15);30;15
(2, 4, 7, 8, 13, 15);11;15
(2, 4, 7, 8, 14, 15);11;15
(2, 4, 7, 9, 10, 15);17;15
(2, 4, 7, 9, 11, 15);32;15
(2, 4, 7, 9, 12, 15);11;15
(2, 4, 7, 9, 13, 15);11;15
(2, 4, 7, 9, 14, 15);11;15
(2, 4, 7, 10, 11, 15);22;15
(2, 4, 7, 10, 12, 15);14;15
(2, 4, 7, 10, 13, 15);17;15
(2, 4, 7, 10, 14, 15);29;15
(2, 4, 7, 11, 12, 15);22;18
(2, 4, 7, 11, 13, 15);74;15
(2, 4, 7, 11, 14, 15);9;17
(2, 4, 7, 12, 13, 15);14;17
(2, 4, 7, 12, 14, 15);16;17
(2, 4, 7, 13, 14, 15);28;15
(2, 4, 8, 9, 10, 15);6;15
(2, 4, 8, 9, 11, 15);19;15
(2, 4, 8, 9, 12, 15);13;27
(2, 4, 8, 9, 13, 15);17;15
(2, 4, 8, 9, 14, 15);6;15
(2, 4, 8, 10, 11, 15);19;15
(2, 4, 8, 10, 12, 15);20;22
(2, 4, 8, 10, 13, 15);23;15
(2, 4, 8, 10, 14, 15);6;15
(2, 4, 8, 11, 12, 15);16;19
(2, 4, 8, 11, 13, 15);23;15
(2, 4, 8, 11, 14, 15);25;15
(2, 4, 8, 12, 13, 15);43;31
(2, 4, 8, 12, 14, 15);16;32
(2, 4, 8, 13, 14, 15);17;15
(2, 4, 9, 10, 11, 15);13;15
(2, 4, 9, 10, 12, 15);11;35
(2, 4, 9, 10, 13, 15);23;15
(2, 4, 9, 10, 14, 15);6;15
(2, 4, 9, 11, 12, 15);27;15
(2, 4, 9, 11, 13, 15);23;15
(2, 4, 9, 11, 14, 15);25;15
(2, 4, 9, 12, 13, 15);58;91
(2, 4, 9, 12, 14, 15);40;15
(2, 4, 9, 13, 14, 15);17;15
(2, 4, 10, 11, 12, 15);22;56
(2, 4, 10, 11, 13, 15);23;15
(2, 4, 10, 11, 14, 15);25;15
(2, 4, 10, 12, 13, 15);23;15
(2, 4, 10, 12, 14, 15);23;15
(2, 4, 10, 13, 14, 15);23;15
(2, 4, 11, 12, 13, 15);23;15
(2, 4, 11, 12, 14, 15);23;15
(2, 4, 11, 13, 14, 15);23;15
(2, 4, 12, 13, 14, 15);17;33
(2, 5, 6, 7, 8, 15);13;15
(2, 5, 6, 7, 9, 15);11;36
(2, 5, 6, 7, 10, 15);4;47
(2, 5, 6, 7, 11, 15);13;15
(2, 5, 6, 7, 12, 15);27;15
(2, 5, 6, 7, 13, 15);20;15
(2, 5, 6, 7, 14, 15);21;15
(2, 5, 6, 8, 9, 15);7;16
(2, 5, 6, 8, 10, 15);25;19
(2, 5, 6, 8, 11, 15);13;15
(2, 5, 6, 8, 12, 15);7;16
(2, 5, 6, 8, 13, 15);21;15
(2, 5, 6, 8, 14, 15);20;15
(2, 5, 6, 9, 10, 15);44;15
(2, 5, 6, 9, 11, 15);17;17
(2, 5, 6, 9, 12, 15);21;15
(2, 5, 6, 9, 13, 15);51;35
(2, 5, 6, 9, 14, 15);142;101
(2, 5, 6, 10, 11, 15);4;53
(2, 5, 6, 10, 12, 15);41;40
(2, 5, 6, 10, 13, 15);48;15
(2, 5, 6, 10, 14, 15);20;15
(2, 5, 6, 11, 12, 15);17;15
(2, 5, 6, 11, 13, 15);42;15
(2, 5, 6, 11, 14, 15);49;39
(2, 5, 6, 12, 13, 15);7;29
(2, 5, 6, 12, 14, 15);68;202
(2, 5, 6, 13, 14, 15);28;15
(2, 5, 7, 8, 9, 15);44;16
(2, 5, 7, 8, 10, 15);42;15
(2, 5, 7, 8, 11, 15);13;15
(2, 5, 7, 8, 12, 15);33;16
(2, 5, 7, 8, 13, 15);20;15
(2, 5, 7, 8, 14, 15);22;15
(2, 5, 7, 9, 10, 15);24;29
(2, 5, 7, 9, 11, 15);30;15
(2, 5, 7, 9, 12, 15);14;70
(2, 5, 7, 9, 13, 15);4;24
(2, 5, 7, 9, 14, 15);16;42
(2, 5, 7, 10, 11, 15);4;21
(2, 5, 7, 10, 12, 15);17;15
(2, 5, 7, 10, 13, 15);58;37
(2, 5, 7, 10, 14, 15);12;51
(2, 5, 7, 11, 12, 15);27;77
(2, 5, 7, 11, 13, 15);4;22
(2, 5, 7, 11, 14, 15);22;17
(2, 5, 7, 12, 13, 15);17;23
(2, 5, 7, 12, 14, 15);27;34
(2, 5, 7, 13, 14, 15);9;29
(2, 5, 8, 9, 10, 15);37;16
(2, 5, 8, 9, 11, 15);20;15
(2, 5, 8, 9, 12, 15);17;15
(2, 5, 8, 9, 13, 15);7;17
(2, 5, 8, 9, 14, 15);23;15
(2, 5, 8, 10, 11, 15);13;19
(2, 5, 8, 10, 12, 15);58;16
(2, 5, 8, 10, 13, 15);41;15
(2, 5, 8, 10, 14, 15);36;67
(2, 5, 8, 11, 12, 15);23;15
(2, 5, 8, 11, 13, 15);24;19
(2, 5, 8, 11, 14, 15);29;15
(2, 5, 8, 12, 13, 15);47;33
(2, 5, 8, 12, 14, 15);26;29
(2, 5, 8, 13, 14, 15);27;19
(2, 5, 9, 10, 11, 15);20;15
(2, 5, 9, 10, 12, 15);45;51
(2, 5, 9, 10, 13, 15);48;30
(2, 5, 9, 10, 14, 15);67;67
(2, 5, 9, 11, 12, 15);20;23
(2, 5, 9, 11, 13, 15);24;15
(2, 5, 9, 11, 14, 15);20;66
(2, 5, 9, 12, 13, 15);28;15
(2, 5, 9, 12, 14, 15);51;20
(2, 5, 9, 13, 14, 15);27;48
(2, 5, 10, 11, 12, 15);41;47
(2, 5, 10, 11, 13, 15);24;30
(2, 5, 10, 11, 14, 15);4;40
(2, 5, 10, 12, 13, 15);24;19
(2, 5, 10, 12, 14, 15);24;15
(2, 5, 10, 13, 14, 15);24;18
(2, 5, 11, 12, 13, 15);24;15
(2, 5, 11, 12, 14, 15);17;80
(2, 5, 11, 13, 14, 15);24;37
(2, 5, 12, 13, 14, 15);27;15
(2, 6, 7, 8, 9, 15);17;15
(2, 6, 7, 8, 10, 15);17;15
(2, 6, 7, 8, 11, 15);13;15
(2, 6, 7, 8, 12, 15);23;20
(2, 6, 7, 8, 13, 15);21;15
(2, 6, 7, 8, 14, 15);38;15
(2, 6, 7, 9, 10, 15);17;15
(2, 6, 7, 9, 11, 15);17;15
(2, 6, 7, 9, 12, 15);39;77
(2, 6, 7, 9, 13, 15);21;15
(2, 6, 7, 9, 14, 15);8;54
(2, 6, 7, 10, 11, 15);17;15
(2, 6, 7, 10, 12, 15);22;15
(2, 6, 7, 10, 13, 15);46;15
(2, 6, 7, 10, 14, 15);21;15
(2, 6, 7, 11, 12, 15);9;16
(2, 6, 7, 11, 13, 15);46;15
(2, 6, 7, 11, 14, 15);21;15
(2, 6, 7, 12, 13, 15);22;91
(2, 6, 7, 12, 14, 15);8;53
(2, 6, 7, 13, 14, 15);46;15
(2, 6, 8, 9, 10, 15);17;15
(2, 6, 8, 9, 11, 15);17;15
(2, 6, 8, 9, 12, 15);7;37
(2, 6, 8, 9, 13, 15);21;15
(2, 6, 8, 9, 14, 15);45;50
(2, 6, 8, 10, 11, 15);17;15
(2, 6, 8, 10, 12, 15);38;15
(2, 6, 8, 10, 13, 15);21;15
(2, 6, 8, 10, 14, 15);16;40
(2, 6, 8, 11, 12, 15);17;43
(2, 6, 8, 11, 13, 15);21;15
(2, 6, 8, 11, 14, 15);38;15
(2, 6, 8, 12, 13, 15);21;15
(2, 6, 8, 12, 14, 15);21;15
(2, 6, 8, 13, 14, 15);21;15
(2, 6, 9, 10, 11, 15);21;15
(2, 6, 9, 10, 12, 15);21;15
(2, 6, 9, 10, 13, 15);52;52
(2, 6, 9, 10, 14, 15);24;15
(2, 6, 9, 11, 12, 15);21;15
(2, 6, 9, 11, 13, 15);46;15
(2, 6, 9, 11, 14, 15);65;33
(2, 6, 9, 12, 13, 15);25;15
(2, 6, 9, 12, 14, 15);24;15
(2, 6, 9, 13, 14, 15);52;15
(2, 6, 10, 11, 12, 15);21;15
(2, 6, 10, 11, 13, 15);25;15
(2, 6, 10, 11, 14, 15);25;15
(2, 6, 10, 12, 13, 15);25;15
(2, 6, 10, 12, 14, 15);25;15
(2, 6, 10, 13, 14, 15);28;15
(2, 6, 11, 12, 13, 15);25;15
(2, 6, 11, 12, 14, 15);25;15
(2, 6, 11, 13, 14, 15);25;15
(2, 6, 12, 13, 14, 15);25;15
(2, 7, 8, 9, 10, 15);17;15
(2, 7, 8, 9, 11, 15);17;15
(2, 7, 8, 9, 12, 15);44;34
(2, 7, 8, 9, 13, 15);21;15
(2, 7, 8, 9, 14, 15);22;38
(2, 7, 8, 10, 11, 15);17;15
(2, 7, 8, 10, 12, 15);20;57
(2, 7, 8, 10, 13, 15);21;15
(2, 7, 8, 10, 14, 15);38;15
(2, 7, 8, 11, 12, 15);23;15
(2, 7, 8, 11, 13, 15);26;57
(2, 7, 8, 11, 14, 15);22;15
(2, 7, 8, 12, 13, 15);20;56
(2, 7, 8, 12, 14, 15);47;18
(2, 7, 8, 13, 14, 15);69;15
(2, 7, 9, 10, 11, 15);17;15
(2, 7, 9, 10, 12, 15);39;49
(2, 7, 9, 10, 13, 15);21;15
(2, 7, 9, 10, 14, 15);56;111
(2, 7, 9, 11, 12, 15);39;49
(2, 7, 9, 11, 13, 15);21;15
(2, 7, 9, 11, 14, 15);37;50
(2, 7, 9, 12, 13, 15);21;15
(2, 7, 9, 12, 14, 15);21;15
(2, 7, 9, 13, 14, 15);21;15
(2, 7, 10, 11, 12, 15);22;15
(2, 7, 10, 11, 13, 15);46;15
(2, 7, 10, 11, 14, 15);21;15
(2, 7, 10, 12, 13, 15);48;25
(2, 7, 10, 12, 14, 15);47;36
(2, 7, 10, 13, 14, 15);46;15
(2, 7, 11, 12, 13, 15);26;35
(2, 7, 11, 12, 14, 15);26;15
(2, 7, 11, 13, 14, 15);26;15
(2, 7, 12, 13, 14, 15);26;15
(2, 8, 9, 10, 11, 15);17;15
(2, 8, 9, 10, 12, 15);38;15
(2, 8, 9, 10, 13, 15);21;15
(2, 8, 9, 10, 14, 15);6;45
(2, 8, 9, 11, 12, 15);20;20
(2, 8, 9, 11, 13, 15);21;15
(2, 8, 9, 11, 14, 15);56;55
(2, 8, 9, 12, 13, 15);7;53
(2, 8, 9, 12, 14, 15);44;54
(2, 8, 9, 13, 14, 15);28;27
(2, 8, 10, 11, 12, 15);38;15
(2, 8, 10, 11, 13, 15);21;15
(2, 8, 10, 11, 14, 15);38;15
(2, 8, 10, 12, 13, 15);21;15
(2, 8, 10, 12, 14, 15);21;15
(2, 8, 10, 13, 14, 15);21;15
(2, 8, 11, 12, 13, 15);24;50
(2, 8, 11, 12, 14, 15);26;25
(2, 8, 11, 13, 14, 15);48;15
(2, 8, 12, 13, 14, 15);27;15
(2, 9, 10, 11, 12, 15);21;15
(2, 9, 10, 11, 13, 15);46;15
(2, 9, 10, 11, 14, 15);65;45
(2, 9, 10, 12, 13, 15);25;15
(2, 9, 10, 12, 14, 15);24;15
(2, 9, 10, 13, 14, 15);28;28
(2, 9, 11, 12, 13, 15);46;15
(2, 9, 11, 12, 14, 15);45;15
(2, 9, 11, 13, 14, 15);24;15
(2, 9, 12, 13, 14, 15);27;15
(2, 10, 11, 12, 13, 15);25;15
(2, 10, 11, 12, 14, 15);25;15
(2, 10, 11, 13, 14, 15);25;15
(2, 10, 12, 13, 14, 15);25;15
(2, 11, 12, 13, 14, 15);25;15
(3, 4, 5, 6, 7, 15);10;15
(3, 4, 5, 6, 8, 15);11;15
(3, 4, 5, 6, 9, 15);12;15
(3, 4, 5, 6, 10, 15);9;18
(3, 4, 5, 6, 11, 15);26;15
(3, 4, 5, 6, 12, 15);9;15
(3, 4, 5, 6, 13, 15);9;15
(3, 4, 5, 6, 14, 15);9;15
(3, 4, 5, 7, 8, 15);11;15
(3, 4, 5, 7, 9, 15);12;15
(3, 4, 5, 7, 10, 15);34;22
(3, 4, 5, 7, 11, 15);18;15
(3, 4, 5, 7, 12, 15);19;15
(3, 4, 5, 7, 13, 15);10;15
(3, 4, 5, 7, 14, 15);10;15
(3, 4, 5, 8, 9, 15);12;15
(3, 4, 5, 8, 10, 15);13;22
(3, 4, 5, 8, 11, 15);13;23
(3, 4, 5, 8, 12, 15);72;16
(3, 4, 5, 8, 13, 15);28;54
(3, 4, 5, 8, 14, 15);11;15
(3, 4, 5, 9, 10, 15);20;15
(3, 4, 5, 9, 11, 15);20;15
(3, 4, 5, 9, 12, 15);27;25
(3, 4, 5, 9, 13, 15);18;15
(3, 4, 5, 9, 14, 15);18;15
(3, 4, 5, 10, 11, 15);20;59
(3, 4, 5, 10, 12, 15);94;85
(3, 4, 5, 10, 13, 15);70;78
(3, 4, 5, 10, 14, 15);19;40
(3, 4, 5, 11, 12, 15);26;15
(3, 4, 5, 11, 13, 15);26;15
(3, 4, 5, 11, 14, 15);26;15
(3, 4, 5, 12, 13, 15);9;21
(3, 4, 5, 12, 14, 15);9;21
(3, 4, 5, 13, 14, 15);18;15
(3, 4, 6, 7, 8, 15);11;15
(3, 4, 6, 7, 9, 15);12;15
(3, 4, 6, 7, 10, 15);22;19
(3, 4, 6, 7, 11, 15);18;15
(3, 4, 6, 7, 12, 15);19;15
(3, 4, 6, 7, 13, 15);10;15
(3, 4, 6, 7, 14, 15);10;15
(3, 4, 6, 8, 9, 15);12;15
(3, 4, 6, 8, 10, 15);25;15
(3, 4, 6, 8, 11, 15);7;19
(3, 4, 6, 8, 12, 15);16;23
(3, 4, 6, 8, 13, 15);21;15
(3, 4, 6, 8, 14, 15);11;15
(3, 4, 6, 9, 10, 15);45;15
(3, 4, 6, 9, 11, 15);12;19
(3, 4, 6, 9, 12, 15);18;15
(3, 4, 6, 9, 13, 15);48;15
(3, 4, 6, 9, 14, 15);60;15
(3, 4, 6, 10, 11, 15);21;15
(3, 4, 6, 10, 12, 15);16;39
(3, 4, 6, 10, 13, 15);7;30
(3, 4, 6, 10, 14, 15);18;36
(3, 4, 6, 11, 12, 15);26;15
(3, 4, 6, 11, 13, 15);26;15
(3, 4, 6, 11, 14, 15);26;15
(3, 4, 6, 12, 13, 15);9;15
(3, 4, 6, 12, 14, 15);9;15
(3, 4, 6, 13, 14, 15);9;15
(3, 4, 7, 8, 9, 15);12;15
(3, 4, 7, 8, 10, 15);17;28
(3, 4, 7, 8, 11, 15);150;31
(3, 4, 7, 8, 12, 15);20;15
(3, 4, 7, 8, 13, 15);21;15
(3, 4, 7, 8, 14, 15);11;15
(3, 4, 7, 9, 10, 15);25;22
(3, 4, 7, 9, 11, 15);32;49
(3, 4, 7, 9, 12, 15);18;15
(3, 4, 7, 9, 13, 15);16;33
(3, 4, 7, 9, 14, 15);11;21
(3, 4, 7, 10, 11, 15);41;41
(3, 4, 7, 10, 12, 15);18;15
(3, 4, 7, 10, 13, 15);18;15
(3, 4, 7, 10, 14, 15);17;24
(3, 4, 7, 11, 12, 15);18;28
(3, 4, 7, 11, 13, 15);18;15
(3, 4, 7, 11, 14, 15);18;15
(3, 4, 7, 12, 13, 15);38;15
(3, 4, 7, 12, 14, 15);19;15
(3, 4, 7, 13, 14, 15);10;15
(3, 4, 8, 9, 10, 15);6;22
(3, 4, 8, 9, 11, 15);19;28
(3, 4, 8, 9, 12, 15);72;15
(3, 4, 8, 9, 13, 15);17;27
(3, 4, 8, 9, 14, 15);6;24
(3, 4, 8, 10, 11, 15);19;32
(3, 4, 8, 10, 12, 15);16;43
(3, 4, 8, 10, 13, 15);23;59
(3, 4, 8, 10, 14, 15);18;15
(3, 4, 8, 11, 12, 15);63;60
(3, 4, 8, 11, 13, 15);7;19
(3, 4, 8, 11, 14, 15);25;28
(3, 4, 8, 12, 13, 15);16;72
(3, 4, 8, 12, 14, 15);18;30
(3, 4, 8, 13, 14, 15);17;27
(3, 4, 9, 10, 11, 15);26;15
(3, 4, 9, 10, 12, 15);51;64
(3, 4, 9, 10, 13, 15);66;22
(3, 4, 9, 10, 14, 15);6;28
(3, 4, 9, 11, 12, 15);50;15
(3, 4, 9, 11, 13, 15);24;15
(3, 4, 9, 11, 14, 15);25;15
(3, 4, 9, 12, 13, 15);66;15
(3, 4, 9, 12, 14, 15);168;15
(3, 4, 9, 13, 14, 15);18;36
(3, 4, 10, 11, 12, 15);25;22
(3, 4, 10, 11, 13, 15);25;45
(3, 4, 10, 11, 14, 15);25;15
(3, 4, 10, 12, 13, 15);25;15
(3, 4, 10, 12, 14, 15);25;15
(3, 4, 10, 13, 14, 15);25;15
(3, 4, 11, 12, 13, 15);25;22
(3, 4, 11, 12, 14, 15);25;69
(3, 4, 11, 13, 14, 15);25;47
(3, 4, 12, 13, 14, 15);9;21
(3, 5, 6, 7, 8, 15);11;15
(3, 5, 6, 7, 9, 15);12;15
(3, 5, 6, 7, 10, 15);4;25
(3, 5, 6, 7, 11, 15);4;16
(3, 5, 6, 7, 12, 15);19;15
(3, 5, 6, 7, 13, 15);10;15
(3, 5, 6, 7, 14, 15);10;15
(3, 5, 6, 8, 9, 15);12;15
(3, 5, 6, 8, 10, 15);25;15
(3, 5, 6, 8, 11, 15);23;26
(3, 5, 6, 8, 12, 15);20;37
(3, 5, 6, 8, 13, 15);21;15
(3, 5, 6, 8, 14, 15);11;15
(3, 5, 6, 9, 10, 15);44;15
(3, 5, 6, 9, 11, 15);4;20
(3, 5, 6, 9, 12, 15);18;15
(3, 5, 6, 9, 13, 15);30;18
(3, 5, 6, 9, 14, 15);42;15
(3, 5, 6, 10, 11, 15);4;21
(3, 5, 6, 10, 12, 15);20;20
(3, 5, 6, 10, 13, 15);9;18
(3, 5, 6, 10, 14, 15);20;15
(3, 5, 6, 11, 12, 15);26;15
(3, 5, 6, 11, 13, 15);26;15
(3, 5, 6, 11, 14, 15);26;15
(3, 5, 6, 12, 13, 15);9;15
(3, 5, 6, 12, 14, 15);9;15
(3, 5, 6, 13, 14, 15);9;15
(3, 5, 7, 8, 9, 15);12;15
(3, 5, 7, 8, 10, 15);25;15
(3, 5, 7, 8, 11, 15);16;68
(3, 5, 7, 8, 12, 15);20;15
(3, 5, 7, 8, 13, 15);21;15
(3, 5, 7, 8, 14, 15);11;15
(3, 5, 7, 9, 10, 15);25;15
(3, 5, 7, 9, 11, 15);2;20
(3, 5, 7, 9, 12, 15);18;15
(3, 5, 7, 9, 13, 15);2;20
(3, 5, 7, 9, 14, 15);23;15
(3, 5, 7, 10, 11, 15);20;20
(3, 5, 7, 10, 12, 15);18;15
(3, 5, 7, 10, 13, 15);18;15
(3, 5, 7, 10, 14, 15);4;57
(3, 5, 7, 11, 12, 15);18;15
(3, 5, 7, 11, 13, 15);18;15
(3, 5, 7, 11, 14, 15);18;15
(3, 5, 7, 12, 13, 15);38;15
(3, 5, 7, 12, 14, 15);19;15
(3, 5, 7, 13, 14, 15);10;15
(3, 5, 8, 9, 10, 15);13;22
(3, 5, 8, 9, 11, 15);16;32
(3, 5, 8, 9, 12, 15);18;15
(3, 5, 8, 9, 13, 15);28;71
(3, 5, 8, 9, 14, 15);23;21
(3, 5, 8, 10, 11, 15);52;63
(3, 5, 8, 10, 12, 15);18;15
(3, 5, 8, 10, 13, 15);18;15
(3, 5, 8, 10, 14, 15);19;22
(3, 5, 8, 11, 12, 15);18;15
(3, 5, 8, 11, 13, 15);18;15
(3, 5, 8, 11, 14, 15);18;15
(3, 5, 8, 12, 13, 15);18;28
(3, 5, 8, 12, 14, 15);40;20
(3, 5, 8, 13, 14, 15);38;35
(3, 5, 9, 10, 11, 15);20;15
(3, 5, 9, 10, 12, 15);44;16
(3, 5, 9, 10, 13, 15);44;15
(3, 5, 9, 10, 14, 15);19;15
(3, 5, 9, 11, 12, 15);24;20
(3, 5, 9, 11, 13, 15);2;20
(3, 5, 9, 11, 14, 15);28;26
(3, 5, 9, 12, 13, 15);42;15
(3, 5, 9, 12, 14, 15);60;15
(3, 5, 9, 13, 14, 15);18;15
(3, 5, 10, 11, 12, 15);22;58
(3, 5, 10, 11, 13, 15);25;15
(3, 5, 10, 11, 14, 15);140;43
(3, 5, 10, 12, 13, 15);25;15
(3, 5, 10, 12, 14, 15);25;15
(3, 5, 10, 13, 14, 15);44;43
(3, 5, 11, 12, 13, 15);26;15
(3, 5, 11, 12, 14, 15);26;15
(3, 5, 11, 13, 14, 15);26;15
(3, 5, 12, 13, 14, 15);9;21
(3, 6, 7, 8, 9, 15);12;15
(3, 6, 7, 8, 10, 15);18;16
(3, 6, 7, 8, 11, 15);23;17
(3, 6, 7, 8, 12, 15);20;15
(3, 6, 7, 8, 13, 15);21;15
(3, 6, 7, 8, 14, 15);11;15
(3, 6, 7, 9, 10, 15);42;15
(3, 6, 7, 9, 11, 15);30;16
(3, 6, 7, 9, 12, 15);18;15
(3, 6, 7, 9, 13, 15);12;20
(3, 6, 7, 9, 14, 15);23;15
(3, 6, 7, 10, 11, 15);13;17
(3, 6, 7, 10, 12, 15);18;15
(3, 6, 7, 10, 13, 15);18;15
(3, 6, 7, 10, 14, 15);17;24
(3, 6, 7, 11, 12, 15);18;15
(3, 6, 7, 11, 13, 15);18;15
(3, 6, 7, 11, 14, 15);18;15
(3, 6, 7, 12, 13, 15);19;15
(3, 6, 7, 12, 14, 15);19;15
(3, 6, 7, 13, 14, 15);10;15
(3, 6, 8, 9, 10, 15);60;15
(3, 6, 8, 9, 11, 15);48;15
(3, 6, 8, 9, 12, 15);18;15
(3, 6, 8, 9, 13, 15);12;40
(3, 6, 8, 9, 14, 15);23;15
(3, 6, 8, 10, 11, 15);18;15
(3, 6, 8, 10, 12, 15);18;15
(3, 6, 8, 10, 13, 15);18;15
(3, 6, 8, 10, 14, 15);29;18
(3, 6, 8, 11, 12, 15);18;15
(3, 6, 8, 11, 13, 15);18;15
(3, 6, 8, 11, 14, 15);18;15
(3, 6, 8, 12, 13, 15);25;41
(3, 6, 8, 12, 14, 15);29;20
(3, 6, 8, 13, 14, 15);21;15
(3, 6, 9, 10, 11, 15);37;16
(3, 6, 9, 10, 12, 15);18;15
(3, 6, 9, 10, 13, 15);18;15
(3, 6, 9, 10, 14, 15);36;15
(3, 6, 9, 11, 12, 15);18;15
(3, 6, 9, 11, 13, 15);18;15
(3, 6, 9, 11, 14, 15);18;15
(3, 6, 9, 12, 13, 15);18;15
(3, 6, 9, 12, 14, 15);18;15
(3, 6, 9, 13, 14, 15);64;18
(3, 6, 10, 11, 12, 15);22;21
(3, 6, 10, 11, 13, 15);7;51
(3, 6, 10, 11, 14, 15);17;21
(3, 6, 10, 12, 13, 15);25;23
(3, 6, 10, 12, 14, 15);29;20
(3, 6, 10, 13, 14, 15);27;23
(3, 6, 11, 12, 13, 15);26;15
(3, 6, 11, 12, 14, 15);26;15
(3, 6, 11, 13, 14, 15);26;15
(3, 6, 12, 13, 14, 15);9;15
(3, 7, 8, 9, 10, 15);18;15
(3, 7, 8, 9, 11, 15);18;15
(3, 7, 8, 9, 12, 15);20;43
(3, 7, 8, 9, 13, 15);22;15
(3, 7, 8, 9, 14, 15);22;15
(3, 7, 8, 10, 11, 15);18;15
(3, 7, 8, 10, 12, 15);60;15
(3, 7, 8, 10, 13, 15);18;63
(3, 7, 8, 10, 14, 15);17;55
(3, 7, 8, 11, 12, 15);23;19
(3, 7, 8, 11, 13, 15);16;31
(3, 7, 8, 11, 14, 15);22;15
(3, 7, 8, 12, 13, 15);58;125
(3, 7, 8, 12, 14, 15);22;42
(3, 7, 8, 13, 14, 15);22;65
(3, 7, 9, 10, 11, 15);18;15
(3, 7, 9, 10, 12, 15);60;15
(3, 7, 9, 10, 13, 15);20;38
(3, 7, 9, 10, 14, 15);17;47
(3, 7, 9, 11, 12, 15);42;15
(3, 7, 9, 11, 13, 15);2;20
(3, 7, 9, 11, 14, 15);40;15
(3, 7, 9, 12, 13, 15);24;20
(3, 7, 9, 12, 14, 15);23;18
(3, 7, 9, 13, 14, 15);22;15
(3, 7, 10, 11, 12, 15);22;45
(3, 7, 10, 11, 13, 15);20;38
(3, 7, 10, 11, 14, 15);58;15
(3, 7, 10, 12, 13, 15);22;20
(3, 7, 10, 12, 14, 15);41;21
(3, 7, 10, 13, 14, 15);40;29
(3, 7, 11, 12, 13, 15);24;81
(3, 7, 11, 12, 14, 15);45;19
(3, 7, 11, 13, 14, 15);44;112
(3, 7, 12, 13, 14, 15);27;15
(3, 8, 9, 10, 11, 15);18;34
(3, 8, 9, 10, 12, 15);168;15
(3, 8, 9, 10, 13, 15);23;15
(3, 8, 9, 10, 14, 15);6;30
(3, 8, 9, 11, 12, 15);66;15
(3, 8, 9, 11, 13, 15);46;32
(3, 8, 9, 11, 14, 15);64;15
(3, 8, 9, 12, 13, 15);23;21
(3, 8, 9, 12, 14, 15);23;21
(3, 8, 9, 13, 14, 15);28;15
(3, 8, 10, 11, 12, 15);42;15
(3, 8, 10, 11, 13, 15);23;15
(3, 8, 10, 11, 14, 15);41;15
(3, 8, 10, 12, 13, 15);23;44
(3, 8, 10, 12, 14, 15);23;35
(3, 8, 10, 13, 14, 15);23;15
(3, 8, 11, 12, 13, 15);23;21
(3, 8, 11, 12, 14, 15);23;15
(3, 8, 11, 13, 14, 15);23;43
(3, 8, 12, 13, 14, 15);27;15
(3, 9, 10, 11, 12, 15);24;15
(3, 9, 10, 11, 13, 15);24;15
(3, 9, 10, 11, 14, 15);24;15
(3, 9, 10, 12, 13, 15);24;15
(3, 9, 10, 12, 14, 15);24;15
(3, 9, 10, 13, 14, 15);24;15
(3, 9, 11, 12, 13, 15);24;15
(3, 9, 11, 12, 14, 15);24;15
(3, 9, 11, 13, 14, 15);24;15
(3, 9, 12, 13, 14, 15);24;15
(3, 10, 11, 12, 13, 15);24;15
(3, 10, 11, 12, 14, 15);24;15
(3, 10, 11, 13, 14, 15);24;15
(3, 10, 12, 13, 14, 15);24;15
(3, 11, 12, 13, 14, 15);24;15
(4, 5, 6, 7, 8, 15);23;15
(4, 5, 6, 7, 9, 15);24;15
(4, 5, 6, 7, 10, 15);45;44
(4, 5, 6, 7, 11, 15);19;15
(4, 5, 6, 7, 12, 15);19;15
(4, 5, 6, 7, 13, 15);20;15
(4, 5, 6, 7, 14, 15);21;15
(4, 5, 6, 8, 9, 15);24;15
(4, 5, 6, 8, 10, 15);9;21
(4, 5, 6, 8, 11, 15);19;15
(4, 5, 6, 8, 12, 15);19;15
(4, 5, 6, 8, 13, 15);21;19
(4, 5, 6, 8, 14, 15);22;15
(4, 5, 6, 9, 10, 15);65;25
(4, 5, 6, 9, 11, 15);19;15
(4, 5, 6, 9, 12, 15);19;15
(4, 5, 6, 9, 13, 15);19;15
(4, 5, 6, 9, 14, 15);41;58
(4, 5, 6, 10, 11, 15);19;15
(4, 5, 6, 10, 12, 15);19;15
(4, 5, 6, 10, 13, 15);19;15
(4, 5, 6, 10, 14, 15);19;15
(4, 5, 6, 11, 12, 15);26;31
(4, 5, 6, 11, 13, 15);36;33
(4, 5, 6, 11, 14, 15);39;28
(4, 5, 6, 12, 13, 15);9;17
(4, 5, 6, 12, 14, 15);9;17
(4, 5, 6, 13, 14, 15);19;15
(4, 5, 7, 8, 9, 15);24;15
(4, 5, 7, 8, 10, 15);86;15
(4, 5, 7, 8, 11, 15);19;15
(4, 5, 7, 8, 12, 15);19;15
(4, 5, 7, 8, 13, 15);21;15
(4, 5, 7, 8, 14, 15);22;15
(4, 5, 7, 9, 10, 15);14;36
(4, 5, 7, 9, 11, 15);19;15
(4, 5, 7, 9, 12, 15);19;15
(4, 5, 7, 9, 13, 15);19;15
(4, 5, 7, 9, 14, 15);29;57
(4, 5, 7, 10, 11, 15);19;15
(4, 5, 7, 10, 12, 15);19;15
(4, 5, 7, 10, 13, 15);19;15
(4, 5, 7, 10, 14, 15);19;15
(4, 5, 7, 11, 12, 15);19;15
(4, 5, 7, 11, 13, 15);19;15
(4, 5, 7, 11, 14, 15);19;15
(4, 5, 7, 12, 13, 15);19;15
(4, 5, 7, 12, 14, 15);19;15
(4, 5, 7, 13, 14, 15);20;15
(4, 5, 8, 9, 10, 15);13;24
(4, 5, 8, 9, 11, 15);19;15
(4, 5, 8, 9, 12, 15);19;15
(4, 5, 8, 9, 13, 15);19;15
(4, 5, 8, 9, 14, 15);19;23
(4, 5, 8, 10, 11, 15);19;15
(4, 5, 8, 10, 12, 15);19;15
(4, 5, 8, 10, 13, 15);19;15
(4, 5, 8, 10, 14, 15);19;15
(4, 5, 8, 11, 12, 15);19;15
(4, 5, 8, 11, 13, 15);19;15
(4, 5, 8, 11, 14, 15);19;15
(4, 5, 8, 12, 13, 15);19;15
(4, 5, 8, 12, 14, 15);19;15
(4, 5, 8, 13, 14, 15);28;19
(4, 5, 9, 10, 11, 15);19;15
(4, 5, 9, 10, 12, 15);19;15
(4, 5, 9, 10, 13, 15);19;15
(4, 5, 9, 10, 14, 15);19;15
(4, 5, 9, 11, 12, 15);19;15
(4, 5, 9, 11, 13, 15);19;15
(4, 5, 9, 11, 14, 15);19;15
(4, 5, 9, 12, 13, 15);19;15
(4, 5, 9, 12, 14, 15);19;15
(4, 5, 9, 13, 14, 15);19;15
(4, 5, 10, 11, 12, 15);61;90
(4, 5, 10, 11, 13, 15);46;154
(4, 5, 10, 11, 14, 15);46;28
(4, 5, 10, 12, 13, 15);17;53
(4, 5, 10, 12, 14, 15);47;15
(4, 5, 10, 13, 14, 15);45;31
(4, 5, 11, 12, 13, 15);26;38
(4, 5, 11, 12, 14, 15);26;15
(4, 5, 11, 13, 14, 15);26;49
(4, 5, 12, 13, 14, 15);27;15
(4, 6, 7, 8, 9, 15);24;15
(4, 6, 7, 8, 10, 15);14;40
(4, 6, 7, 8, 11, 15);19;15
(4, 6, 7, 8, 12, 15);19;15
(4, 6, 7, 8, 13, 15);21;15
(4, 6, 7, 8, 14, 15);22;15
(4, 6, 7, 9, 10, 15);24;26
(4, 6, 7, 9, 11, 15);19;15
(4, 6, 7, 9, 12, 15);19;15
(4, 6, 7, 9, 13, 15);19;15
(4, 6, 7, 9, 14, 15);21;15
(4, 6, 7, 10, 11, 15);19;15
(4, 6, 7, 10, 12, 15);19;15
(4, 6, 7, 10, 13, 15);19;15
(4, 6, 7, 10, 14, 15);19;15
(4, 6, 7, 11, 12, 15);19;15
(4, 6, 7, 11, 13, 15);19;15
(4, 6, 7, 11, 14, 15);19;15
(4, 6, 7, 12, 13, 15);19;15
(4, 6, 7, 12, 14, 15);19;15
(4, 6, 7, 13, 14, 15);20;15
(4, 6, 8, 9, 10, 15);19;52
(4, 6, 8, 9, 11, 15);19;15
(4, 6, 8, 9, 12, 15);19;15
(4, 6, 8, 9, 13, 15);19;15
(4, 6, 8, 9, 14, 15);23;61
(4, 6, 8, 10, 11, 15);19;15
(4, 6, 8, 10, 12, 15);19;15
(4, 6, 8, 10, 13, 15);19;15
(4, 6, 8, 10, 14, 15);19;15
(4, 6, 8, 11, 12, 15);19;15
(4, 6, 8, 11, 13, 15);19;15
(4, 6, 8, 11, 14, 15);19;15
(4, 6, 8, 12, 13, 15);19;15
(4, 6, 8, 12, 14, 15);19;15
(4, 6, 8, 13, 14, 15);40;15
(4, 6, 9, 10, 11, 15);19;15
(4, 6, 9, 10, 12, 15);19;15
(4, 6, 9, 10, 13, 15);19;15
(4, 6, 9, 10, 14, 15);19;15
(4, 6, 9, 11, 12, 15);19;15
(4, 6, 9, 11, 13, 15);19;15
(4, 6, 9, 11, 14, 15);19;15
(4, 6, 9, 12, 13, 15);19;15
(4, 6, 9, 12, 14, 15);19;15
(4, 6, 9, 13, 14, 15);19;15
(4, 6, 10, 11, 12, 15);19;15
(4, 6, 10, 11, 13, 15);19;15
(4, 6, 10, 11, 14, 15);19;15
(4, 6, 10, 12, 13, 15);19;15
(4, 6, 10, 12, 14, 15);19;15
(4, 6, 10, 13, 14, 15);19;15
(4, 6, 11, 12, 13, 15);26;31
(4, 6, 11, 12, 14, 15);26;31
(4, 6, 11, 13, 14, 15);46;41
(4, 6, 12, 13, 14, 15);9;17
(4, 7, 8, 9, 10, 15);17;22
(4, 7, 8, 9, 11, 15);19;15
(4, 7, 8, 9, 12, 15);19;15
(4, 7, 8, 9, 13, 15);19;15
(4, 7, 8, 9, 14, 15);11;27
(4, 7, 8, 10, 11, 15);19;15
(4, 7, 8, 10, 12, 15);19;15
(4, 7, 8, 10, 13, 15);19;15
(4, 7, 8, 10, 14, 15);19;15
(4, 7, 8, 11, 12, 15);19;15
(4, 7, 8, 11, 13, 15);19;15
(4, 7, 8, 11, 14, 15);19;15
(4, 7, 8, 12, 13, 15);19;15
(4, 7, 8, 12, 14, 15);19;15
(4, 7, 8, 13, 14, 15);21;15
(4, 7, 9, 10, 11, 15);19;15
(4, 7, 9, 10, 12, 15);19;15
(4, 7, 9, 10, 13, 15);19;15
(4, 7, 9, 10, 14, 15);19;15
(4, 7, 9, 11, 12, 15);19;15
(4, 7, 9, 11, 13, 15);19;15
(4, 7, 9, 11, 14, 15);19;15
(4, 7, 9, 12, 13, 15);19;15
(4, 7, 9, 12, 14, 15);19;15
(4, 7, 9, 13, 14, 15);19;15
(4, 7, 10, 11, 12, 15);19;15
(4, 7, 10, 11, 13, 15);19;15
(4, 7, 10, 11, 14, 15);19;15
(4, 7, 10, 12, 13, 15);19;15
(4, 7, 10, 12, 14, 15);19;15
(4, 7, 10, 13, 14, 15);19;15
(4, 7, 11, 12, 13, 15);19;15
(4, 7, 11, 12, 14, 15);19;15
(4, 7, 11, 13, 14, 15);19;15
(4, 7, 12, 13, 14, 15);19;15
(4, 8, 9, 10, 11, 15);19;15
(4, 8, 9, 10, 12, 15);19;15
(4, 8, 9, 10, 13, 15);19;15
(4, 8, 9, 10, 14, 15);19;15
(4, 8, 9, 11, 12, 15);19;15
(4, 8, 9, 11, 13, 15);19;15
(4, 8, 9, 11, 14, 15);19;15
(4, 8, 9, 12, 13, 15);19;15
(4, 8, 9, 12, 14, 15);19;15
(4, 8, 9, 13, 14, 15);19;15
(4, 8, 10, 11, 12, 15);19;15
(4, 8, 10, 11, 13, 15);19;15
(4, 8, 10, 11, 14, 15);19;15
(4, 8, 10, 12, 13, 15);19;15
(4, 8, 10, 12, 14, 15);19;15
(4, 8, 10, 13, 14, 15);19;15
(4, 8, 11, 12, 13, 15);19;15
(4, 8, 11, 12, 14, 15);19;15
(4, 8, 11, 13, 14, 15);19;15
(4, 8, 12, 13, 14, 15);19;15
(4, 9, 10, 11, 12, 15);43;45
(4, 9, 10, 11, 13, 15);44;24
(4, 9, 10, 11, 14, 15);25;15
(4, 9, 10, 12, 13, 15);22;78
(4, 9, 10, 12, 14, 15);24;15
(4, 9, 10, 13, 14, 15);43;15
(4, 9, 11, 12, 13, 15);24;24
(4, 9, 11, 12, 14, 15);26;15
(4, 9, 11, 13, 14, 15);44;24
(4, 9, 12, 13, 14, 15);43;33
(4, 10, 11, 12, 13, 15);25;15
(4, 10, 11, 12, 14, 15);25;15
(4, 10, 11, 13, 14, 15);25;15
(4, 10, 12, 13, 14, 15);25;15
(4, 11, 12, 13, 14, 15);26;15
(5, 6, 7, 8, 9, 15);24;15
(5, 6, 7, 8, 10, 15);20;15
(5, 6, 7, 8, 11, 15);20;15
(5, 6, 7, 8, 12, 15);20;15
(5, 6, 7, 8, 13, 15);20;15
(5, 6, 7, 8, 14, 15);22;15
(5, 6, 7, 9, 10, 15);20;15
(5, 6, 7, 9, 11, 15);20;15
(5, 6, 7, 9, 12, 15);20;15
(5, 6, 7, 9, 13, 15);20;15
(5, 6, 7, 9, 14, 15);20;15
(5, 6, 7, 10, 11, 15);20;15
(5, 6, 7, 10, 12, 15);20;15
(5, 6, 7, 10, 13, 15);20;15
(5, 6, 7, 10, 14, 15);20;15
(5, 6, 7, 11, 12, 15);20;15
(5, 6, 7, 11, 13, 15);20;15
(5, 6, 7, 11, 14, 15);20;15
(5, 6, 7, 12, 13, 15);20;15
(5, 6, 7, 12, 14, 15);20;15
(5, 6, 7, 13, 14, 15);20;15
(5, 6, 8, 9, 10, 15);20;15
(5, 6, 8, 9, 11, 15);20;15
(5, 6, 8, 9, 12, 15);20;15
(5, 6, 8, 9, 13, 15);20;15
(5, 6, 8, 9, 14, 15);20;15
(5, 6, 8, 10, 11, 15);20;15
(5, 6, 8, 10, 12, 15);20;15
(5, 6, 8, 10, 13, 15);20;15
(5, 6, 8, 10, 14, 15);20;15
(5, 6, 8, 11, 12, 15);20;15
(5, 6, 8, 11, 13, 15);20;15
(5, 6, 8, 11, 14, 15);20;15
(5, 6, 8, 12, 13, 15);20;15
(5, 6, 8, 12, 14, 15);20;15
(5, 6, 8, 13, 14, 15);20;15
(5, 6, 9, 10, 11, 15);20;15
(5, 6, 9, 10, 12, 15);20;15
(5, 6, 9, 10, 13, 15);20;15
(5, 6, 9, 10, 14, 15);20;15
(5, 6, 9, 11, 12, 15);20;15
(5, 6, 9, 11, 13, 15);20;15
(5, 6, 9, 11, 14, 15);20;15
(5, 6, 9, 12, 13, 15);20;15
(5, 6, 9, 12, 14, 15);20;15
(5, 6, 9, 13, 14, 15);20;15
(5, 6, 10, 11, 12, 15);20;15
(5, 6, 10, 11, 13, 15);20;15
(5, 6, 10, 11, 14, 15);20;15
(5, 6, 10, 12, 13, 15);20;15
(5, 6, 10, 12, 14, 15);20;15
(5, 6, 10, 13, 14, 15);20;15
(5, 6, 11, 12, 13, 15);20;15
(5, 6, 11, 12, 14, 15);20;15
(5, 6, 11, 13, 14, 15);20;15
(5, 6, 12, 13, 14, 15);9;29
(5, 7, 8, 9, 10, 15);20;15
(5, 7, 8, 9, 11, 15);20;15
(5, 7, 8, 9, 12, 15);20;15
(5, 7, 8, 9, 13, 15);20;15
(5, 7, 8, 9, 14, 15);20;15
(5, 7, 8, 10, 11, 15);20;15
(5, 7, 8, 10, 12, 15);20;15
(5, 7, 8, 10, 13, 15);20;15
(5, 7, 8, 10, 14, 15);20;15
(5, 7, 8, 11, 12, 15);20;15
(5, 7, 8, 11, 13, 15);20;15
(5, 7, 8, 11, 14, 15);20;15
(5, 7, 8, 12, 13, 15);20;15
(5, 7, 8, 12, 14, 15);20;15
(5, 7, 8, 13, 14, 15);20;15
(5, 7, 9, 10, 11, 15);20;15
(5, 7, 9, 10, 12, 15);20;15
(5, 7, 9, 10, 13, 15);20;15
(5, 7, 9, 10, 14, 15);20;15
(5, 7, 9, 11, 12, 15);20;15
(5, 7, 9, 11, 13, 15);20;15
(5, 7, 9, 11, 14, 15);20;15
(5, 7, 9, 12, 13, 15);20;15
(5, 7, 9, 12, 14, 15);20;15
(5, 7, 9, 13, 14, 15);20;15
(5, 7, 10, 11, 12, 15);20;15
(5, 7, 10, 11, 13, 15);20;15
(5, 7, 10, 11, 14, 15);20;15
(5, 7, 10, 12, 13, 15);20;15
(5, 7, 10, 12, 14, 15);20;15
(5, 7, 10, 13, 14, 15);20;15
(5, 7, 11, 12, 13, 15);20;15
(5, 7, 11, 12, 14, 15);20;15
(5, 7, 11, 13, 14, 15);20;15
(5, 7, 12, 13, 14, 15);20;15
(5, 8, 9, 10, 11, 15);20;15
(5, 8, 9, 10, 12, 15);20;15
(5, 8, 9, 10, 13, 15);20;15
(5, 8, 9, 10, 14, 15);20;15
(5, 8, 9, 11, 12, 15);20;15
(5, 8, 9, 11, 13, 15);20;15
(5, 8, 9, 11, 14, 15);20;15
(5, 8, 9, 12, 13, 15);20;15
(5, 8, 9, 12, 14, 15);20;15
(5, 8, 9, 13, 14, 15);20;15
(5, 8, 10, 11, 12, 15);20;15
(5, 8, 10, 11, 13, 15);20;15
(5, 8, 10, 11, 14, 15);20;15
(5, 8, 10, 12, 13, 15);20;15
(5, 8, 10, 12, 14, 15);20;15
(5, 8, 10, 13, 14, 15);20;15
(5, 8, 11, 12, 13, 15);20;15
(5, 8, 11, 12, 14, 15);20;15
(5, 8, 11, 13, 14, 15);20;15
(5, 8, 12, 13, 14, 15);20;15
(5, 9, 10, 11, 12, 15);20;15
(5, 9, 10, 11, 13, 15);20;15
(5, 9, 10, 11, 14, 15);20;15
(5, 9, 10, 12, 13, 15);20;15
(5, 9, 10, 12, 14, 15);20;15
(5, 9, 10, 13, 14, 15);20;15
(5, 9, 11, 12, 13, 15);20;15
(5, 9, 11, 12, 14, 15);20;15
(5, 9, 11, 13, 14, 15);20;15
(5, 9, 12, 13, 14, 15);20;15
(5, 10, 11, 12, 13, 15);20;15
(5, 10, 11, 12, 14, 15);20;15
(5, 10, 11, 13, 14, 15);20;15
(5, 10, 12, 13, 14, 15);20;15
(5, 11, 12, 13, 14, 15);26;15
(6, 7, 8, 9, 10, 15);21;15
(6, 7, 8, 9, 11, 15);21;15
(6, 7, 8, 9, 12, 15);21;15
(6, 7, 8, 9, 13, 15);21;15
(6, 7, 8, 9, 14, 15);21;15
(6, 7, 8, 10, 11, 15);21;15
(6, 7, 8, 10, 12, 15);21;15
(6, 7, 8, 10, 13, 15);21;15
(6, 7, 8, 10, 14, 15);21;15
(6, 7, 8, 11, 12, 15);21;15
(6, 7, 8, 11, 13, 15);21;15
(6, 7, 8, 11, 14, 15);21;15
(6, 7, 8, 12, 13, 15);21;15
(6, 7, 8, 12, 14, 15);21;15
(6, 7, 8, 13, 14, 15);21;15
(6, 7, 9, 10, 11, 15);21;15
(6, 7, 9, 10, 12, 15);21;15
(6, 7, 9, 10, 13, 15);21;15
(6, 7, 9, 10, 14, 15);21;15
(6, 7, 9, 11, 12, 15);21;15
(6, 7, 9, 11, 13, 15);21;15
(6, 7, 9, 11, 14, 15);21;15
(6, 7, 9, 12, 13, 15);21;15
(6, 7, 9, 12, 14, 15);21;15
(6, 7, 9, 13, 14, 15);21;15
(6, 7, 10, 11, 12, 15);21;15
(6, 7, 10, 11, 13, 15);21;15
(6, 7, 10, 11, 14, 15);21;15
(6, 7, 10, 12, 13, 15);21;15
(6, 7, 10, 12, 14, 15);21;15
(6, 7, 10, 13, 14, 15);21;15
(6, 7, 11, 12, 13, 15);21;15
(6, 7, 11, 12, 14, 15);21;15
(6, 7, 11, 13, 14, 15);21;15
(6, 7, 12, 13, 14, 15);21;15
(6, 8, 9, 10, 11, 15);21;15
(6, 8, 9, 10, 12, 15);21;15
(6, 8, 9, 10, 13, 15);21;15
(6, 8, 9, 10, 14, 15);21;15
(6, 8, 9, 11, 12, 15);21;15
(6, 8, 9, 11, 13, 15);21;15
(6, 8, 9, 11, 14, 15);21;15
(6, 8, 9, 12, 13, 15);21;15
(6, 8, 9, 12, 14, 15);21;15
(6, 8, 9, 13, 14, 15);21;15
(6, 8, 10, 11, 12, 15);21;15
(6, 8, 10, 11, 13, 15);21;15
(6, 8, 10, 11, 14, 15);21;15
(6, 8, 10, 12, 13, 15);21;15
(6, 8, 10, 12, 14, 15);21;15
(6, 8, 10, 13, 14, 15);21;15
(6, 8, 11, 12, 13, 15);21;15
(6, 8, 11, 12, 14, 15);21;15
(6, 8, 11, 13, 14, 15);21;15
(6, 8, 12, 13, 14, 15);21;15
(6, 9, 10, 11, 12, 15);21;15
(6, 9, 10, 11, 13, 15);21;15
(6, 9, 10, 11, 14, 15);21;15
(6, 9, 10, 12, 13, 15);21;15
(6, 9, 10, 12, 14, 15);21;15
(6, 9, 10, 13, 14, 15);21;15
(6, 9, 11, 12, 13, 15);21;15
(6, 9, 11, 12, 14, 15);21;15
(6, 9, 11, 13, 14, 15);21;15
(6, 9, 12, 13, 14, 15);21;15
(6, 10, 11, 12, 13, 15);21;15
(6, 10, 11, 12, 14, 15);21;15
(6, 10, 11, 13, 14, 15);21;15
(6, 10, 12, 13, 14, 15);21;15
(6, 11, 12, 13, 14, 15);21;15
(7, 8, 9, 10, 11, 15);22;15
(7, 8, 9, 10, 12, 15);22;15
(7, 8, 9, 10, 13, 15);22;15
(7, 8, 9, 10, 14, 15);22;15
(7, 8, 9, 11, 12, 15);22;15
(7, 8, 9, 11, 13, 15);22;15
(7, 8, 9, 11, 14, 15);22;15
(7, 8, 9, 12, 13, 15);22;15
(7, 8, 9, 12, 14, 15);22;15
(7, 8, 9, 13, 14, 15);22;15
(7, 8, 10, 11, 12, 15);22;15
(7, 8, 10, 11, 13, 15);22;15
(7, 8, 10, 11, 14, 15);22;15
(7, 8, 10, 12, 13, 15);22;15
(7, 8, 10, 12, 14, 15);22;15
(7, 8, 10, 13, 14, 15);22;15
(7, 8, 11, 12, 13, 15);22;15
(7, 8, 11, 12, 14, 15);22;15
(7, 8, 11, 13, 14, 15);22;15
(7, 8, 12, 13, 14, 15);22;15
(7, 9, 10, 11, 12, 15);22;15
(7, 9, 10, 11, 13, 15);22;15
(7, 9, 10, 11, 14, 15);22;15
(7, 9, 10, 12, 13, 15);22;15
(7, 9, 10, 12, 14, 15);22;15
(7, 9, 10, 13, 14, 15);22;15
(7, 9, 11, 12, 13, 15);22;15
(7, 9, 11, 12, 14, 15);22;15
(7, 9, 11, 13, 14, 15);22;15
(7, 9, 12, 13, 14, 15);22;15
(7, 10, 11, 12, 13, 15);22;15
(7, 10, 11, 12, 14, 15);22;15
(7, 10, 11, 13, 14, 15);22;15
(7, 10, 12, 13, 14, 15);22;15
(7, 11, 12, 13, 14, 15);22;15
(8, 9, 10, 11, 12, 15);23;15
(8, 9, 10, 11, 13, 15);23;15
(8, 9, 10, 11, 14, 15);23;15
(8, 9, 10, 12, 13, 15);23;15
(8, 9, 10, 12, 14, 15);23;15
(8, 9, 10, 13, 14, 15);23;15
(8, 9, 11, 12, 13, 15);23;15
(8, 9, 11, 12, 14, 15);23;15
(8, 9, 11, 13, 14, 15);23;15
(8, 9, 12, 13, 14, 15);23;15
(8, 10, 11, 12, 13, 15);23;15
(8, 10, 11, 12, 14, 15);23;15
(8, 10, 11, 13, 14, 15);23;15
(8, 10, 12, 13, 14, 15);23;15
(8, 11, 12, 13, 14, 15);23;15
(9, 10, 11, 12, 13, 15);24;15
(9, 10, 11, 12, 14, 15);24;15
(9, 10, 11, 13, 14, 15);24;15
(9, 10, 12, 13, 14, 15);24;15
(9, 11, 12, 13, 14, 15);24;15
(10, 11, 12, 13, 14, 15);25;15
