S;p;l
(1, 2, 3, 4, 5, 14);6;14
(1, 2, 3, 4, 6, 14);5;14
(1, 2, 3, 4, 7, 14);5;14
(1, 2, 3, 4, 8, 14);5;14
(1, 2, 3, 4, 9, 14);5;14
(1, 2, 3, 4, 10, 14);11;14
(1, 2, 3, 4, 11, 14);5;14
(1, 2, 3, 4, 12, 14);5;14
(1, 2, 3, 4, 13, 14);5;14
(1, 2, 3, 5, 6, 14);4;14
(1, 2, 3, 5, 7, 14);4;14
(1, 2, 3, 5, 8, 14);16;14
(1, 2, 3, 5, 9, 14);4;14
(1, 2, 3, 5, 10, 14);4;14
(1, 2, 3, 5, 11, 14);4;14
(1, 2, 3, 5, 12, 14);15;14
(1, 2, 3, 5, 13, 14);4;14
(1, 2, 3, 6, 7, 14);4;14
(1, 2, 3, 6, 8, 14);20;14
(1, 2, 3, 6, 9, 14);4;14
(1, 2, 3, 6, 10, 14);4;14
(1, 2, 3, 6, 11, 14);4;14
(1, 2, 3, 6, 12, 14);13;14
(1, 2, 3, 6, 13, 14);4;14
(1, 2, 3, 7, 8, 14);15;14
(1, 2, 3, 7, 9, 14);4;14
(1, 2, 3, 7, 10, 14);4;14
(1, 2, 3, 7, 11, 14);4;14
(1, 2, 3, 7, 12, 14);13;14
(1, 2, 3, 7, 13, 14);4;14
(1, 2, 3, 8, 9, 14);5;14
(1, 2, 3, 8, 10, 14);20;14
(1, 2, 3, 8, 11, 14);25;14
(1, 2, 3, 8, 12, 14);15;14
(1, 2, 3, 8, 13, 14);15;14
(1, 2, 3, 9, 10, 14);4;14
(1, 2, 3, 9, 11, 14);4;14
(1, 2, 3, 9, 12, 14);15;14
(1, 2, 3, 9, 13, 14);4;14
(1, 2, 3, 10, 11, 14);4;14
(1, 2, 3, 10, 12, 14);13;14
(1, 2, 3, 10, 13, 14);4;14
(1, 2, 3, 11, 12, 14);13;14
(1, 2, 3, 11, 13, 14);4;14
(1, 2, 3, 12, 13, 14);15;14
(1, 2, 4, 5, 6, 14);10;14
(1, 2, 4, 5, 7, 14);3;14
(1, 2, 4, 5, 8, 14);3;14
(1, 2, 4, 5, 9, 14);13;14
(1, 2, 4, 5, 10, 14);3;14
(1, 2, 4, 5, 11, 14);3;14
(1, 2, 4, 5, 12, 14);16;14
(1, 2, 4, 5, 13, 14);3;14
(1, 2, 4, 6, 7, 14);8;14
(1, 2, 4, 6, 8, 14);10;14
(1, 2, 4, 6, 9, 14);8;14
(1, 2, 4, 6, 10, 14);8;14
(1, 2, 4, 6, 11, 14);13;14
(1, 2, 4, 6, 12, 14);8;14
(1, 2, 4, 6, 13, 14);15;14
(1, 2, 4, 7, 8, 14);3;14
(1, 2, 4, 7, 9, 14);16;14
(1, 2, 4, 7, 10, 14);3;14
(1, 2, 4, 7, 11, 14);3;14
(1, 2, 4, 7, 12, 14);19;14
(1, 2, 4, 7, 13, 14);3;14
(1, 2, 4, 8, 9, 14);13;14
(1, 2, 4, 8, 10, 14);3;14
(1, 2, 4, 8, 11, 14);3;14
(1, 2, 4, 8, 12, 14);16;14
(1, 2, 4, 8, 13, 14);3;14
(1, 2, 4, 9, 10, 14);46;14
(1, 2, 4, 9, 11, 14);13;14
(1, 2, 4, 9, 12, 14);16;14
(1, 2, 4, 9, 13, 14);41;14
(1, 2, 4, 10, 11, 14);3;14
(1, 2, 4, 10, 12, 14);22;14
(1, 2, 4, 10, 13, 14);3;14
(1, 2, 4, 11, 12, 14);16;14
(1, 2, 4, 11, 13, 14);3;14
(1, 2, 4, 12, 13, 14);24;14
(1, 2, 5, 6, 7, 14);4;15
(1, 2, 5, 6, 8, 14);19;14
(1, 2, 5, 6, 9, 14);15;22
(1, 2, 5, 6, 10, 14);15;14
(1, 2, 5, 6, 11, 14);19;14
(1, 2, 5, 6, 12, 14);10;25
(1, 2, 5, 6, 13, 14);15;22
(1, 2, 5, 7, 8, 14);3;14
(1, 2, 5, 7, 9, 14);16;14
(1, 2, 5, 7, 10, 14);3;14
(1, 2, 5, 7, 11, 14);3;14
(1, 2, 5, 7, 12, 14);19;14
(1, 2, 5, 7, 13, 14);3;14
(1, 2, 5, 8, 9, 14);23;14
(1, 2, 5, 8, 10, 14);3;14
(1, 2, 5, 8, 11, 14);3;14
(1, 2, 5, 8, 12, 14);13;14
(1, 2, 5, 8, 13, 14);3;14
(1, 2, 5, 9, 10, 14);18;14
(1, 2, 5, 9, 11, 14);23;14
(1, 2, 5, 9, 12, 14);23;14
(1, 2, 5, 9, 13, 14);58;14
(1, 2, 5, 10, 11, 14);3;14
(1, 2, 5, 10, 12, 14);22;14
(1, 2, 5, 10, 13, 14);3;14
(1, 2, 5, 11, 12, 14);13;14
(1, 2, 5, 11, 13, 14);3;14
(1, 2, 5, 12, 13, 14);24;14
(1, 2, 6, 7, 8, 14);12;14
(1, 2, 6, 7, 9, 14);8;14
(1, 2, 6, 7, 10, 14);8;14
(1, 2, 6, 7, 11, 14);4;14
(1, 2, 6, 7, 12, 14);8;14
(1, 2, 6, 7, 13, 14);4;31
(1, 2, 6, 8, 9, 14);20;14
(1, 2, 6, 8, 10, 14);16;14
(1, 2, 6, 8, 11, 14);19;14
(1, 2, 6, 8, 12, 14);20;14
(1, 2, 6, 8, 13, 14);19;14
(1, 2, 6, 9, 10, 14);15;14
(1, 2, 6, 9, 11, 14);20;14
(1, 2, 6, 9, 12, 14);8;18
(1, 2, 6, 9, 13, 14);15;14
(1, 2, 6, 10, 11, 14);12;14
(1, 2, 6, 10, 12, 14);24;14
(1, 2, 6, 10, 13, 14);15;14
(1, 2, 6, 11, 12, 14);20;14
(1, 2, 6, 11, 13, 14);12;14
(1, 2, 6, 12, 13, 14);51;14
(1, 2, 7, 8, 9, 14);16;14
(1, 2, 7, 8, 10, 14);3;14
(1, 2, 7, 8, 11, 14);3;14
(1, 2, 7, 8, 12, 14);19;14
(1, 2, 7, 8, 13, 14);3;14
(1, 2, 7, 9, 10, 14);8;17
(1, 2, 7, 9, 11, 14);16;14
(1, 2, 7, 9, 12, 14);16;14
(1, 2, 7, 9, 13, 14);26;14
(1, 2, 7, 10, 11, 14);3;14
(1, 2, 7, 10, 12, 14);22;14
(1, 2, 7, 10, 13, 14);3;14
(1, 2, 7, 11, 12, 14);19;14
(1, 2, 7, 11, 13, 14);3;14
(1, 2, 7, 12, 13, 14);24;14
(1, 2, 8, 9, 10, 14);18;14
(1, 2, 8, 9, 11, 14);23;14
(1, 2, 8, 9, 12, 14);23;14
(1, 2, 8, 9, 13, 14);43;14
(1, 2, 8, 10, 11, 14);3;14
(1, 2, 8, 10, 12, 14);22;14
(1, 2, 8, 10, 13, 14);3;14
(1, 2, 8, 11, 12, 14);13;14
(1, 2, 8, 11, 13, 14);3;14
(1, 2, 8, 12, 13, 14);24;14
(1, 2, 9, 10, 11, 14);18;14
(1, 2, 9, 10, 12, 14);26;30
(1, 2, 9, 10, 13, 14);15;17
(1, 2, 9, 11, 12, 14);23;14
(1, 2, 9, 11, 13, 14);40;50
(1, 2, 9, 12, 13, 14);51;14
(1, 2, 10, 11, 12, 14);22;14
(1, 2, 10, 11, 13, 14);3;14
(1, 2, 10, 12, 13, 14);24;14
(1, 2, 11, 12, 13, 14);24;14
(1, 3, 4, 5, 6, 14);9;14
(1, 3, 4, 5, 7, 14);18;14
(1, 3, 4, 5, 8, 14);9;14
(1, 3, 4, 5, 9, 14);18;14
(1, 3, 4, 5, 10, 14);15;14
(1, 3, 4, 5, 11, 14);15;14
(1, 3, 4, 5, 12, 14);17;14
(1, 3, 4, 5, 13, 14);17;14
(1, 3, 4, 6, 7, 14);10;14
(1, 3, 4, 6, 8, 14);18;14
(1, 3, 4, 6, 9, 14);17;14
(1, 3, 4, 6, 10, 14);18;14
(1, 3, 4, 6, 11, 14);17;14
(1, 3, 4, 6, 12, 14);15;20
(1, 3, 4, 6, 13, 14);17;14
(1, 3, 4, 7, 8, 14);11;14
(1, 3, 4, 7, 9, 14);18;14
(1, 3, 4, 7, 10, 14);30;16
(1, 3, 4, 7, 11, 14);18;14
(1, 3, 4, 7, 12, 14);5;36
(1, 3, 4, 7, 13, 14);18;14
(1, 3, 4, 8, 9, 14);17;14
(1, 3, 4, 8, 10, 14);18;14
(1, 3, 4, 8, 11, 14);17;30
(1, 3, 4, 8, 12, 14);18;14
(1, 3, 4, 8, 13, 14);17;32
(1, 3, 4, 9, 10, 14);13;14
(1, 3, 4, 9, 11, 14);17;14
(1, 3, 4, 9, 12, 14);13;14
(1, 3, 4, 9, 13, 14);17;14
(1, 3, 4, 10, 11, 14);15;14
(1, 3, 4, 10, 12, 14);13;14
(1, 3, 4, 10, 13, 14);50;14
(1, 3, 4, 11, 12, 14);15;14
(1, 3, 4, 11, 13, 14);17;14
(1, 3, 4, 12, 13, 14);17;20
(1, 3, 5, 6, 7, 14);20;14
(1, 3, 5, 6, 8, 14);11;14
(1, 3, 5, 6, 9, 14);4;22
(1, 3, 5, 6, 10, 14);11;14
(1, 3, 5, 6, 11, 14);36;36
(1, 3, 5, 6, 12, 14);11;14
(1, 3, 5, 6, 13, 14);19;14
(1, 3, 5, 7, 8, 14);15;14
(1, 3, 5, 7, 9, 14);23;14
(1, 3, 5, 7, 10, 14);17;14
(1, 3, 5, 7, 11, 14);25;14
(1, 3, 5, 7, 12, 14);19;14
(1, 3, 5, 7, 13, 14);27;14
(1, 3, 5, 8, 9, 14);17;14
(1, 3, 5, 8, 10, 14);13;14
(1, 3, 5, 8, 11, 14);19;14
(1, 3, 5, 8, 12, 14);13;14
(1, 3, 5, 8, 13, 14);21;14
(1, 3, 5, 9, 10, 14);19;14
(1, 3, 5, 9, 11, 14);25;14
(1, 3, 5, 9, 12, 14);21;14
(1, 3, 5, 9, 13, 14);27;14
(1, 3, 5, 10, 11, 14);21;14
(1, 3, 5, 10, 12, 14);15;14
(1, 3, 5, 10, 13, 14);23;14
(1, 3, 5, 11, 12, 14);23;14
(1, 3, 5, 11, 13, 14);27;14
(1, 3, 5, 12, 13, 14);25;14
(1, 3, 6, 7, 8, 14);13;14
(1, 3, 6, 7, 9, 14);15;42
(1, 3, 6, 7, 10, 14);13;14
(1, 3, 6, 7, 11, 14);4;21
(1, 3, 6, 7, 12, 14);13;14
(1, 3, 6, 7, 13, 14);20;14
(1, 3, 6, 8, 9, 14);15;14
(1, 3, 6, 8, 10, 14);20;14
(1, 3, 6, 8, 11, 14);60;51
(1, 3, 6, 8, 12, 14);20;14
(1, 3, 6, 8, 13, 14);27;14
(1, 3, 6, 9, 10, 14);15;14
(1, 3, 6, 9, 11, 14);17;75
(1, 3, 6, 9, 12, 14);15;14
(1, 3, 6, 9, 13, 14);4;23
(1, 3, 6, 10, 11, 14);4;36
(1, 3, 6, 10, 12, 14);20;14
(1, 3, 6, 10, 13, 14);27;14
(1, 3, 6, 11, 12, 14);56;15
(1, 3, 6, 11, 13, 14);17;32
(1, 3, 6, 12, 13, 14);26;14
(1, 3, 7, 8, 9, 14);17;14
(1, 3, 7, 8, 10, 14);15;14
(1, 3, 7, 8, 11, 14);19;14
(1, 3, 7, 8, 12, 14);15;14
(1, 3, 7, 8, 13, 14);21;14
(1, 3, 7, 9, 10, 14);19;14
(1, 3, 7, 9, 11, 14);25;14
(1, 3, 7, 9, 12, 14);21;14
(1, 3, 7, 9, 13, 14);27;14
(1, 3, 7, 10, 11, 14);21;14
(1, 3, 7, 10, 12, 14);17;14
(1, 3, 7, 10, 13, 14);23;14
(1, 3, 7, 11, 12, 14);23;14
(1, 3, 7, 11, 13, 14);27;14
(1, 3, 7, 12, 13, 14);25;14
(1, 3, 8, 9, 10, 14);17;14
(1, 3, 8, 9, 11, 14);19;14
(1, 3, 8, 9, 12, 14);17;14
(1, 3, 8, 9, 13, 14);21;14
(1, 3, 8, 10, 11, 14);19;14
(1, 3, 8, 10, 12, 14);11;14
(1, 3, 8, 10, 13, 14);53;44
(1, 3, 8, 11, 12, 14);19;14
(1, 3, 8, 11, 13, 14);21;14
(1, 3, 8, 12, 13, 14);26;14
(1, 3, 9, 10, 11, 14);21;14
(1, 3, 9, 10, 12, 14);19;14
(1, 3, 9, 10, 13, 14);23;14
(1, 3, 9, 11, 12, 14);23;14
(1, 3, 9, 11, 13, 14);27;14
(1, 3, 9, 12, 13, 14);25;14
(1, 3, 10, 11, 12, 14);21;14
(1, 3, 10, 11, 13, 14);23;14
(1, 3, 10, 12, 13, 14);23;14
(1, 3, 11, 12, 13, 14);25;14
(1, 4, 5, 6, 7, 14);10;14
(1, 4, 5, 6, 8, 14);9;14
(1, 4, 5, 6, 9, 14);10;14
(1, 4, 5, 6, 10, 14);9;14
(1, 4, 5, 6, 11, 14);19;14
(1, 4, 5, 6, 12, 14);9;14
(1, 4, 5, 6, 13, 14);9;14
(1, 4, 5, 7, 8, 14);11;14
(1, 4, 5, 7, 9, 14);18;14
(1, 4, 5, 7, 10, 14);28;14
(1, 4, 5, 7, 11, 14);18;14
(1, 4, 5, 7, 12, 14);19;14
(1, 4, 5, 7, 13, 14);18;14
(1, 4, 5, 8, 9, 14);13;49
(1, 4, 5, 8, 10, 14);9;14
(1, 4, 5, 8, 11, 14);3;21
(1, 4, 5, 8, 12, 14);9;14
(1, 4, 5, 8, 13, 14);9;14
(1, 4, 5, 9, 10, 14);34;14
(1, 4, 5, 9, 11, 14);18;14
(1, 4, 5, 9, 12, 14);13;31
(1, 4, 5, 9, 13, 14);18;14
(1, 4, 5, 10, 11, 14);15;14
(1, 4, 5, 10, 12, 14);26;14
(1, 4, 5, 10, 13, 14);26;14
(1, 4, 5, 11, 12, 14);15;17
(1, 4, 5, 11, 13, 14);3;38
(1, 4, 5, 12, 13, 14);17;14
(1, 4, 6, 7, 8, 14);15;14
(1, 4, 6, 7, 9, 14);13;14
(1, 4, 6, 7, 10, 14);8;18
(1, 4, 6, 7, 11, 14);18;14
(1, 4, 6, 7, 12, 14);13;14
(1, 4, 6, 7, 13, 14);20;14
(1, 4, 6, 8, 9, 14);22;14
(1, 4, 6, 8, 10, 14);18;15
(1, 4, 6, 8, 11, 14);22;14
(1, 4, 6, 8, 12, 14);18;23
(1, 4, 6, 8, 13, 14);22;14
(1, 4, 6, 9, 10, 14);18;15
(1, 4, 6, 9, 11, 14);5;14
(1, 4, 6, 9, 12, 14);18;14
(1, 4, 6, 9, 13, 14);27;14
(1, 4, 6, 10, 11, 14);20;14
(1, 4, 6, 10, 12, 14);18;14
(1, 4, 6, 10, 13, 14);22;15
(1, 4, 6, 11, 12, 14);23;14
(1, 4, 6, 11, 13, 14);27;14
(1, 4, 6, 12, 13, 14);25;14
(1, 4, 7, 8, 9, 14);15;14
(1, 4, 7, 8, 10, 14);33;83
(1, 4, 7, 8, 11, 14);15;14
(1, 4, 7, 8, 12, 14);22;19
(1, 4, 7, 8, 13, 14);5;36
(1, 4, 7, 9, 10, 14);24;14
(1, 4, 7, 9, 11, 14);18;14
(1, 4, 7, 9, 12, 14);21;14
(1, 4, 7, 9, 13, 14);46;28
(1, 4, 7, 10, 11, 14);38;38
(1, 4, 7, 10, 12, 14);24;14
(1, 4, 7, 10, 13, 14);43;14
(1, 4, 7, 11, 12, 14);18;17
(1, 4, 7, 11, 13, 14);20;14
(1, 4, 7, 12, 13, 14);25;47
(1, 4, 8, 9, 10, 14);18;14
(1, 4, 8, 9, 11, 14);22;14
(1, 4, 8, 9, 12, 14);18;17
(1, 4, 8, 9, 13, 14);22;14
(1, 4, 8, 10, 11, 14);20;25
(1, 4, 8, 10, 12, 14);18;14
(1, 4, 8, 10, 13, 14);22;15
(1, 4, 8, 11, 12, 14);20;14
(1, 4, 8, 11, 13, 14);22;14
(1, 4, 8, 12, 13, 14);22;100
(1, 4, 9, 10, 11, 14);20;14
(1, 4, 9, 10, 12, 14);13;14
(1, 4, 9, 10, 13, 14);22;15
(1, 4, 9, 11, 12, 14);23;14
(1, 4, 9, 11, 13, 14);27;14
(1, 4, 9, 12, 13, 14);25;14
(1, 4, 10, 11, 12, 14);40;35
(1, 4, 10, 11, 13, 14);22;15
(1, 4, 10, 12, 13, 14);22;56
(1, 4, 11, 12, 13, 14);25;14
(1, 5, 6, 7, 8, 14);13;14
(1, 5, 6, 7, 9, 14);23;14
(1, 5, 6, 7, 10, 14);13;14
(1, 5, 6, 7, 11, 14);20;14
(1, 5, 6, 7, 12, 14);13;14
(1, 5, 6, 7, 13, 14);20;14
(1, 5, 6, 8, 9, 14);15;14
(1, 5, 6, 8, 10, 14);11;14
(1, 5, 6, 8, 11, 14);17;14
(1, 5, 6, 8, 12, 14);11;14
(1, 5, 6, 8, 13, 14);9;20
(1, 5, 6, 9, 10, 14);15;14
(1, 5, 6, 9, 11, 14);10;22
(1, 5, 6, 9, 12, 14);15;14
(1, 5, 6, 9, 13, 14);37;33
(1, 5, 6, 10, 11, 14);17;14
(1, 5, 6, 10, 12, 14);11;14
(1, 5, 6, 10, 13, 14);15;30
(1, 5, 6, 11, 12, 14);17;14
(1, 5, 6, 11, 13, 14);19;37
(1, 5, 6, 12, 13, 14);9;25
(1, 5, 7, 8, 9, 14);17;14
(1, 5, 7, 8, 10, 14);15;14
(1, 5, 7, 8, 11, 14);19;14
(1, 5, 7, 8, 12, 14);15;14
(1, 5, 7, 8, 13, 14);21;14
(1, 5, 7, 9, 10, 14);19;14
(1, 5, 7, 9, 11, 14);25;14
(1, 5, 7, 9, 12, 14);21;14
(1, 5, 7, 9, 13, 14);27;14
(1, 5, 7, 10, 11, 14);21;14
(1, 5, 7, 10, 12, 14);17;14
(1, 5, 7, 10, 13, 14);23;14
(1, 5, 7, 11, 12, 14);23;14
(1, 5, 7, 11, 13, 14);27;14
(1, 5, 7, 12, 13, 14);25;14
(1, 5, 8, 9, 10, 14);17;14
(1, 5, 8, 9, 11, 14);19;14
(1, 5, 8, 9, 12, 14);17;14
(1, 5, 8, 9, 13, 14);21;14
(1, 5, 8, 10, 11, 14);19;14
(1, 5, 8, 10, 12, 14);13;14
(1, 5, 8, 10, 13, 14);21;14
(1, 5, 8, 11, 12, 14);19;14
(1, 5, 8, 11, 13, 14);21;14
(1, 5, 8, 12, 13, 14);21;14
(1, 5, 9, 10, 11, 14);21;14
(1, 5, 9, 10, 12, 14);19;14
(1, 5, 9, 10, 13, 14);23;14
(1, 5, 9, 11, 12, 14);23;14
(1, 5, 9, 11, 13, 14);27;14
(1, 5, 9, 12, 13, 14);25;14
(1, 5, 10, 11, 12, 14);21;14
(1, 5, 10, 11, 13, 14);23;14
(1, 5, 10, 12, 13, 14);23;14
(1, 5, 11, 12, 13, 14);25;14
(1, 6, 7, 8, 9, 14);15;14
(1, 6, 7, 8, 10, 14);13;14
(1, 6, 7, 8, 11, 14);17;14
(1, 6, 7, 8, 12, 14);13;14
(1, 6, 7, 8, 13, 14);19;14
(1, 6, 7, 9, 10, 14);15;14
(1, 6, 7, 9, 11, 14);18;35
(1, 6, 7, 9, 12, 14);15;14
(1, 6, 7, 9, 13, 14);20;14
(1, 6, 7, 10, 11, 14);17;14
(1, 6, 7, 10, 12, 14);13;14
(1, 6, 7, 10, 13, 14);19;14
(1, 6, 7, 11, 12, 14);17;14
(1, 6, 7, 11, 13, 14);20;14
(1, 6, 7, 12, 13, 14);19;14
(1, 6, 8, 9, 10, 14);37;32
(1, 6, 8, 9, 11, 14);22;22
(1, 6, 8, 9, 12, 14);20;14
(1, 6, 8, 9, 13, 14);22;14
(1, 6, 8, 10, 11, 14);22;21
(1, 6, 8, 10, 12, 14);20;14
(1, 6, 8, 10, 13, 14);26;21
(1, 6, 8, 11, 12, 14);22;14
(1, 6, 8, 11, 13, 14);46;37
(1, 6, 8, 12, 13, 14);26;33
(1, 6, 9, 10, 11, 14);39;70
(1, 6, 9, 10, 12, 14);33;28
(1, 6, 9, 10, 13, 14);41;32
(1, 6, 9, 11, 12, 14);20;14
(1, 6, 9, 11, 13, 14);27;19
(1, 6, 9, 12, 13, 14);22;14
(1, 6, 10, 11, 12, 14);22;14
(1, 6, 10, 11, 13, 14);24;14
(1, 6, 10, 12, 13, 14);26;33
(1, 6, 11, 12, 13, 14);24;14
(1, 7, 8, 9, 10, 14);17;14
(1, 7, 8, 9, 11, 14);19;14
(1, 7, 8, 9, 12, 14);17;14
(1, 7, 8, 9, 13, 14);21;14
(1, 7, 8, 10, 11, 14);19;14
(1, 7, 8, 10, 12, 14);15;14
(1, 7, 8, 10, 13, 14);21;14
(1, 7, 8, 11, 12, 14);19;14
(1, 7, 8, 11, 13, 14);21;14
(1, 7, 8, 12, 13, 14);21;14
(1, 7, 9, 10, 11, 14);21;14
(1, 7, 9, 10, 12, 14);19;14
(1, 7, 9, 10, 13, 14);23;14
(1, 7, 9, 11, 12, 14);23;14
(1, 7, 9, 11, 13, 14);27;14
(1, 7, 9, 12, 13, 14);25;14
(1, 7, 10, 11, 12, 14);21;14
(1, 7, 10, 11, 13, 14);23;14
(1, 7, 10, 12, 13, 14);23;14
(1, 7, 11, 12, 13, 14);25;14
(1, 8, 9, 10, 11, 14);19;14
(1, 8, 9, 10, 12, 14);17;14
(1, 8, 9, 10, 13, 14);21;14
(1, 8, 9, 11, 12, 14);19;14
(1, 8, 9, 11, 13, 14);21;14
(1, 8, 9, 12, 13, 14);21;14
(1, 8, 10, 11, 12, 14);22;14
(1, 8, 10, 11, 13, 14);24;14
(1, 8, 10, 12, 13, 14);26;35
(1, 8, 11, 12, 13, 14);24;14
(1, 9, 10, 11, 12, 14);21;14
(1, 9, 10, 11, 13, 14);23;14
(1, 9, 10, 12, 13, 14);23;14
(1, 9, 11, 12, 13, 14);25;14
(1, 10, 11, 12, 13, 14);23;14
(2, 3, 4, 5, 6, 14);8;14
(2, 3, 4, 5, 7, 14);9;14
(2, 3, 4, 5, 8, 14);19;14
(2, 3, 4, 5, 9, 14);18;14
(2, 3, 4, 5, 10, 14);8;20
(2, 3, 4, 5, 11, 14);16;14
(2, 3, 4, 5, 12, 14);16;14
(2, 3, 4, 5, 13, 14);16;14
(2, 3, 4, 6, 7, 14);9;14
(2, 3, 4, 6, 8, 14);10;14
(2, 3, 4, 6, 9, 14);5;14
(2, 3, 4, 6, 10, 14);8;14
(2, 3, 4, 6, 11, 14);8;14
(2, 3, 4, 6, 12, 14);8;14
(2, 3, 4, 6, 13, 14);8;14
(2, 3, 4, 7, 8, 14);11;14
(2, 3, 4, 7, 9, 14);11;14
(2, 3, 4, 7, 10, 14);17;14
(2, 3, 4, 7, 11, 14);6;67
(2, 3, 4, 7, 12, 14);16;14
(2, 3, 4, 7, 13, 14);11;14
(2, 3, 4, 8, 9, 14);6;14
(2, 3, 4, 8, 10, 14);6;14
(2, 3, 4, 8, 11, 14);25;14
(2, 3, 4, 8, 12, 14);16;14
(2, 3, 4, 8, 13, 14);17;14
(2, 3, 4, 9, 10, 14);6;14
(2, 3, 4, 9, 11, 14);25;14
(2, 3, 4, 9, 12, 14);16;17
(2, 3, 4, 9, 13, 14);17;14
(2, 3, 4, 10, 11, 14);25;14
(2, 3, 4, 10, 12, 14);22;14
(2, 3, 4, 10, 13, 14);23;14
(2, 3, 4, 11, 12, 14);38;14
(2, 3, 4, 11, 13, 14);59;15
(2, 3, 4, 12, 13, 14);16;14
(2, 3, 5, 6, 7, 14);9;14
(2, 3, 5, 6, 8, 14);10;14
(2, 3, 5, 6, 9, 14);4;22
(2, 3, 5, 6, 10, 14);8;14
(2, 3, 5, 6, 11, 14);8;14
(2, 3, 5, 6, 12, 14);8;14
(2, 3, 5, 6, 13, 14);8;14
(2, 3, 5, 7, 8, 14);10;14
(2, 3, 5, 7, 9, 14);11;14
(2, 3, 5, 7, 10, 14);4;15
(2, 3, 5, 7, 11, 14);9;14
(2, 3, 5, 7, 12, 14);9;14
(2, 3, 5, 7, 13, 14);9;14
(2, 3, 5, 8, 9, 14);17;15
(2, 3, 5, 8, 10, 14);19;14
(2, 3, 5, 8, 11, 14);29;15
(2, 3, 5, 8, 12, 14);17;23
(2, 3, 5, 8, 13, 14);27;14
(2, 3, 5, 9, 10, 14);19;14
(2, 3, 5, 9, 11, 14);4;26
(2, 3, 5, 9, 12, 14);34;31
(2, 3, 5, 9, 13, 14);18;14
(2, 3, 5, 10, 11, 14);4;26
(2, 3, 5, 10, 12, 14);8;20
(2, 3, 5, 10, 13, 14);8;20
(2, 3, 5, 11, 12, 14);16;14
(2, 3, 5, 11, 13, 14);16;14
(2, 3, 5, 12, 13, 14);16;14
(2, 3, 6, 7, 8, 14);20;14
(2, 3, 6, 7, 9, 14);28;14
(2, 3, 6, 7, 10, 14);17;14
(2, 3, 6, 7, 11, 14);17;17
(2, 3, 6, 7, 12, 14);26;14
(2, 3, 6, 7, 13, 14);20;14
(2, 3, 6, 8, 9, 14);27;41
(2, 3, 6, 8, 10, 14);16;14
(2, 3, 6, 8, 11, 14);60;75
(2, 3, 6, 8, 12, 14);20;14
(2, 3, 6, 8, 13, 14);16;35
(2, 3, 6, 9, 10, 14);12;14
(2, 3, 6, 9, 11, 14);5;25
(2, 3, 6, 9, 12, 14);5;41
(2, 3, 6, 9, 13, 14);4;40
(2, 3, 6, 10, 11, 14);17;14
(2, 3, 6, 10, 12, 14);24;14
(2, 3, 6, 10, 13, 14);16;14
(2, 3, 6, 11, 12, 14);8;32
(2, 3, 6, 11, 13, 14);8;25
(2, 3, 6, 12, 13, 14);20;20
(2, 3, 7, 8, 9, 14);16;14
(2, 3, 7, 8, 10, 14);17;14
(2, 3, 7, 8, 11, 14);22;27
(2, 3, 7, 8, 12, 14);26;14
(2, 3, 7, 8, 13, 14);21;14
(2, 3, 7, 9, 10, 14);17;14
(2, 3, 7, 9, 11, 14);38;75
(2, 3, 7, 9, 12, 14);21;14
(2, 3, 7, 9, 13, 14);16;14
(2, 3, 7, 10, 11, 14);17;29
(2, 3, 7, 10, 12, 14);21;15
(2, 3, 7, 10, 13, 14);37;73
(2, 3, 7, 11, 12, 14);48;22
(2, 3, 7, 11, 13, 14);47;104
(2, 3, 7, 12, 13, 14);26;14
(2, 3, 8, 9, 10, 14);6;14
(2, 3, 8, 9, 11, 14);57;14
(2, 3, 8, 9, 12, 14);21;14
(2, 3, 8, 9, 13, 14);11;14
(2, 3, 8, 10, 11, 14);39;16
(2, 3, 8, 10, 12, 14);21;15
(2, 3, 8, 10, 13, 14);16;53
(2, 3, 8, 11, 12, 14);48;53
(2, 3, 8, 11, 13, 14);47;47
(2, 3, 8, 12, 13, 14);26;14
(2, 3, 9, 10, 11, 14);25;14
(2, 3, 9, 10, 12, 14);21;15
(2, 3, 9, 10, 13, 14);23;14
(2, 3, 9, 11, 12, 14);21;16
(2, 3, 9, 11, 13, 14);21;35
(2, 3, 9, 12, 13, 14);21;14
(2, 3, 10, 11, 12, 14);105;265
(2, 3, 10, 11, 13, 14);21;37
(2, 3, 10, 12, 13, 14);21;15
(2, 3, 11, 12, 13, 14);25;14
(2, 4, 5, 6, 7, 14);9;14
(2, 4, 5, 6, 8, 14);10;14
(2, 4, 5, 6, 9, 14);18;14
(2, 4, 5, 6, 10, 14);8;14
(2, 4, 5, 6, 11, 14);8;14
(2, 4, 5, 6, 12, 14);8;14
(2, 4, 5, 6, 13, 14);8;14
(2, 4, 5, 7, 8, 14);10;14
(2, 4, 5, 7, 9, 14);11;14
(2, 4, 5, 7, 10, 14);3;20
(2, 4, 5, 7, 11, 14);9;14
(2, 4, 5, 7, 12, 14);9;14
(2, 4, 5, 7, 13, 14);9;14
(2, 4, 5, 8, 9, 14);19;14
(2, 4, 5, 8, 10, 14);3;15
(2, 4, 5, 8, 11, 14);3;14
(2, 4, 5, 8, 12, 14);16;14
(2, 4, 5, 8, 13, 14);26;14
(2, 4, 5, 9, 10, 14);19;14
(2, 4, 5, 9, 11, 14);13;35
(2, 4, 5, 9, 12, 14);41;18
(2, 4, 5, 9, 13, 14);18;14
(2, 4, 5, 10, 11, 14);8;20
(2, 4, 5, 10, 12, 14);8;20
(2, 4, 5, 10, 13, 14);3;27
(2, 4, 5, 11, 12, 14);16;14
(2, 4, 5, 11, 13, 14);16;14
(2, 4, 5, 12, 13, 14);16;14
(2, 4, 6, 7, 8, 14);10;14
(2, 4, 6, 7, 9, 14);11;14
(2, 4, 6, 7, 10, 14);8;14
(2, 4, 6, 7, 11, 14);9;14
(2, 4, 6, 7, 12, 14);9;14
(2, 4, 6, 7, 13, 14);9;14
(2, 4, 6, 8, 9, 14);11;14
(2, 4, 6, 8, 10, 14);12;14
(2, 4, 6, 8, 11, 14);10;14
(2, 4, 6, 8, 12, 14);10;14
(2, 4, 6, 8, 13, 14);10;14
(2, 4, 6, 9, 10, 14);8;14
(2, 4, 6, 9, 11, 14);13;14
(2, 4, 6, 9, 12, 14);8;14
(2, 4, 6, 9, 13, 14);26;14
(2, 4, 6, 10, 11, 14);8;14
(2, 4, 6, 10, 12, 14);8;14
(2, 4, 6, 10, 13, 14);8;14
(2, 4, 6, 11, 12, 14);8;14
(2, 4, 6, 11, 13, 14);8;14
(2, 4, 6, 12, 13, 14);8;14
(2, 4, 7, 8, 9, 14);11;14
(2, 4, 7, 8, 10, 14);17;14
(2, 4, 7, 8, 11, 14);3;18
(2, 4, 7, 8, 12, 14);16;14
(2, 4, 7, 8, 13, 14);11;14
(2, 4, 7, 9, 10, 14);17;14
(2, 4, 7, 9, 11, 14);16;18
(2, 4, 7, 9, 12, 14);16;14
(2, 4, 7, 9, 13, 14);11;14
(2, 4, 7, 10, 11, 14);3;20
(2, 4, 7, 10, 12, 14);65;14
(2, 4, 7, 10, 13, 14);17;33
(2, 4, 7, 11, 12, 14);19;38
(2, 4, 7, 11, 13, 14);3;20
(2, 4, 7, 12, 13, 14);9;33
(2, 4, 8, 9, 10, 14);6;14
(2, 4, 8, 9, 11, 14);25;14
(2, 4, 8, 9, 12, 14);16;17
(2, 4, 8, 9, 13, 14);17;14
(2, 4, 8, 10, 11, 14);3;21
(2, 4, 8, 10, 12, 14);22;14
(2, 4, 8, 10, 13, 14);23;14
(2, 4, 8, 11, 12, 14);16;18
(2, 4, 8, 11, 13, 14);37;18
(2, 4, 8, 12, 13, 14);16;14
(2, 4, 9, 10, 11, 14);25;14
(2, 4, 9, 10, 12, 14);22;14
(2, 4, 9, 10, 13, 14);23;14
(2, 4, 9, 11, 12, 14);22;14
(2, 4, 9, 11, 13, 14);22;14
(2, 4, 9, 12, 13, 14);16;17
(2, 4, 10, 11, 12, 14);22;14
(2, 4, 10, 11, 13, 14);22;14
(2, 4, 10, 12, 13, 14);22;14
(2, 4, 11, 12, 13, 14);16;22
(2, 5, 6, 7, 8, 14);38;15
(2, 5, 6, 7, 9, 14);4;20
(2, 5, 6, 7, 10, 14);12;14
(2, 5, 6, 7, 11, 14);25;15
(2, 5, 6, 7, 12, 14);9;44
(2, 5, 6, 7, 13, 14);4;24
(2, 5, 6, 8, 9, 14);22;51
(2, 5, 6, 8, 10, 14);16;14
(2, 5, 6, 8, 11, 14);16;14
(2, 5, 6, 8, 12, 14);20;14
(2, 5, 6, 8, 13, 14);10;69
(2, 5, 6, 9, 10, 14);19;14
(2, 5, 6, 9, 11, 14);55;14
(2, 5, 6, 9, 12, 14);26;14
(2, 5, 6, 9, 13, 14);19;18
(2, 5, 6, 10, 11, 14);16;14
(2, 5, 6, 10, 12, 14);24;14
(2, 5, 6, 10, 13, 14);19;14
(2, 5, 6, 11, 12, 14);8;48
(2, 5, 6, 11, 13, 14);8;34
(2, 5, 6, 12, 13, 14);26;14
(2, 5, 7, 8, 9, 14);16;14
(2, 5, 7, 8, 10, 14);28;14
(2, 5, 7, 8, 11, 14);3;24
(2, 5, 7, 8, 12, 14);19;14
(2, 5, 7, 8, 13, 14);31;16
(2, 5, 7, 9, 10, 14);4;20
(2, 5, 7, 9, 11, 14);16;14
(2, 5, 7, 9, 12, 14);36;14
(2, 5, 7, 9, 13, 14);4;24
(2, 5, 7, 10, 11, 14);12;35
(2, 5, 7, 10, 12, 14);36;14
(2, 5, 7, 10, 13, 14);4;24
(2, 5, 7, 11, 12, 14);19;27
(2, 5, 7, 11, 13, 14);36;14
(2, 5, 7, 12, 13, 14);9;60
(2, 5, 8, 9, 10, 14);19;14
(2, 5, 8, 9, 11, 14);23;14
(2, 5, 8, 9, 12, 14);17;55
(2, 5, 8, 9, 13, 14);22;14
(2, 5, 8, 10, 11, 14);16;34
(2, 5, 8, 10, 12, 14);20;16
(2, 5, 8, 10, 13, 14);56;141
(2, 5, 8, 11, 12, 14);26;14
(2, 5, 8, 11, 13, 14);41;14
(2, 5, 8, 12, 13, 14);26;14
(2, 5, 9, 10, 11, 14);39;36
(2, 5, 9, 10, 12, 14);23;20
(2, 5, 9, 10, 13, 14);19;34
(2, 5, 9, 11, 12, 14);23;14
(2, 5, 9, 11, 13, 14);23;40
(2, 5, 9, 12, 13, 14);26;32
(2, 5, 10, 11, 12, 14);23;20
(2, 5, 10, 11, 13, 14);8;31
(2, 5, 10, 12, 13, 14);23;43
(2, 5, 11, 12, 13, 14);23;42
(2, 6, 7, 8, 9, 14);16;14
(2, 6, 7, 8, 10, 14);16;14
(2, 6, 7, 8, 11, 14);38;48
(2, 6, 7, 8, 12, 14);20;14
(2, 6, 7, 8, 13, 14);36;14
(2, 6, 7, 9, 10, 14);16;14
(2, 6, 7, 9, 11, 14);53;27
(2, 6, 7, 9, 12, 14);20;14
(2, 6, 7, 9, 13, 14);4;44
(2, 6, 7, 10, 11, 14);21;14
(2, 6, 7, 10, 12, 14);24;14
(2, 6, 7, 10, 13, 14);20;14
(2, 6, 7, 11, 12, 14);26;32
(2, 6, 7, 11, 13, 14);44;14
(2, 6, 7, 12, 13, 14);44;14
(2, 6, 8, 9, 10, 14);16;14
(2, 6, 8, 9, 11, 14);36;14
(2, 6, 8, 9, 12, 14);20;14
(2, 6, 8, 9, 13, 14);27;36
(2, 6, 8, 10, 11, 14);16;19
(2, 6, 8, 10, 12, 14);20;14
(2, 6, 8, 10, 13, 14);16;20
(2, 6, 8, 11, 12, 14);20;14
(2, 6, 8, 11, 13, 14);20;14
(2, 6, 8, 12, 13, 14);20;14
(2, 6, 9, 10, 11, 14);20;14
(2, 6, 9, 10, 12, 14);24;14
(2, 6, 9, 10, 13, 14);23;14
(2, 6, 9, 11, 12, 14);44;14
(2, 6, 9, 11, 13, 14);43;14
(2, 6, 9, 12, 13, 14);23;35
(2, 6, 10, 11, 12, 14);24;14
(2, 6, 10, 11, 13, 14);24;14
(2, 6, 10, 12, 13, 14);24;14
(2, 6, 11, 12, 13, 14);24;14
(2, 7, 8, 9, 10, 14);16;14
(2, 7, 8, 9, 11, 14);16;14
(2, 7, 8, 9, 12, 14);20;14
(2, 7, 8, 9, 13, 14);16;28
(2, 7, 8, 10, 11, 14);38;14
(2, 7, 8, 10, 12, 14);20;14
(2, 7, 8, 10, 13, 14);36;14
(2, 7, 8, 11, 12, 14);19;55
(2, 7, 8, 11, 13, 14);25;14
(2, 7, 8, 12, 13, 14);26;18
(2, 7, 9, 10, 11, 14);53;27
(2, 7, 9, 10, 12, 14);20;14
(2, 7, 9, 10, 13, 14);4;44
(2, 7, 9, 11, 12, 14);20;14
(2, 7, 9, 11, 13, 14);20;14
(2, 7, 9, 12, 13, 14);20;14
(2, 7, 10, 11, 12, 14);46;21
(2, 7, 10, 11, 13, 14);24;23
(2, 7, 10, 12, 13, 14);44;14
(2, 7, 11, 12, 13, 14);25;14
(2, 8, 9, 10, 11, 14);36;14
(2, 8, 9, 10, 12, 14);20;14
(2, 8, 9, 10, 13, 14);23;57
(2, 8, 9, 11, 12, 14);20;14
(2, 8, 9, 11, 13, 14);20;14
(2, 8, 9, 12, 13, 14);21;34
(2, 8, 10, 11, 12, 14);20;14
(2, 8, 10, 11, 13, 14);20;14
(2, 8, 10, 12, 13, 14);20;14
(2, 8, 11, 12, 13, 14);25;14
(2, 9, 10, 11, 12, 14);44;14
(2, 9, 10, 11, 13, 14);43;14
(2, 9, 10, 12, 13, 14);23;22
(2, 9, 11, 12, 13, 14);23;14
(2, 10, 11, 12, 13, 14);24;14
(3, 4, 5, 6, 7, 14);10;14
(3, 4, 5, 6, 8, 14);11;14
(3, 4, 5, 6, 9, 14);10;28
(3, 4, 5, 6, 10, 14);8;17
(3, 4, 5, 6, 11, 14);17;14
(3, 4, 5, 6, 12, 14);9;14
(3, 4, 5, 6, 13, 14);9;14
(3, 4, 5, 7, 8, 14);11;14
(3, 4, 5, 7, 9, 14);23;14
(3, 4, 5, 7, 10, 14);17;45
(3, 4, 5, 7, 11, 14);18;14
(3, 4, 5, 7, 12, 14);19;14
(3, 4, 5, 7, 13, 14);10;14
(3, 4, 5, 8, 9, 14);19;30
(3, 4, 5, 8, 10, 14);19;22
(3, 4, 5, 8, 11, 14);17;14
(3, 4, 5, 8, 12, 14);33;46
(3, 4, 5, 8, 13, 14);27;14
(3, 4, 5, 9, 10, 14);19;14
(3, 4, 5, 9, 11, 14);18;25
(3, 4, 5, 9, 12, 14);59;84
(3, 4, 5, 9, 13, 14);18;14
(3, 4, 5, 10, 11, 14);24;14
(3, 4, 5, 10, 12, 14);24;14
(3, 4, 5, 10, 13, 14);24;14
(3, 4, 5, 11, 12, 14);25;14
(3, 4, 5, 11, 13, 14);25;14
(3, 4, 5, 12, 13, 14);17;14
(3, 4, 6, 7, 8, 14);11;14
(3, 4, 6, 7, 9, 14);23;14
(3, 4, 6, 7, 10, 14);13;15
(3, 4, 6, 7, 11, 14);18;14
(3, 4, 6, 7, 12, 14);19;14
(3, 4, 6, 7, 13, 14);10;14
(3, 4, 6, 8, 9, 14);23;14
(3, 4, 6, 8, 10, 14);36;14
(3, 4, 6, 8, 11, 14);17;14
(3, 4, 6, 8, 12, 14);9;16
(3, 4, 6, 8, 13, 14);21;14
(3, 4, 6, 9, 10, 14);20;18
(3, 4, 6, 9, 11, 14);17;14
(3, 4, 6, 9, 12, 14);17;14
(3, 4, 6, 9, 13, 14);17;17
(3, 4, 6, 10, 11, 14);8;17
(3, 4, 6, 10, 12, 14);8;17
(3, 4, 6, 10, 13, 14);8;17
(3, 4, 6, 11, 12, 14);17;14
(3, 4, 6, 11, 13, 14);17;14
(3, 4, 6, 12, 13, 14);9;14
(3, 4, 7, 8, 9, 14);11;21
(3, 4, 7, 8, 10, 14);17;33
(3, 4, 7, 8, 11, 14);17;14
(3, 4, 7, 8, 12, 14);16;22
(3, 4, 7, 8, 13, 14);11;33
(3, 4, 7, 9, 10, 14);17;41
(3, 4, 7, 9, 11, 14);17;14
(3, 4, 7, 9, 12, 14);17;14
(3, 4, 7, 9, 13, 14);11;23
(3, 4, 7, 10, 11, 14);17;14
(3, 4, 7, 10, 12, 14);17;14
(3, 4, 7, 10, 13, 14);17;14
(3, 4, 7, 11, 12, 14);54;14
(3, 4, 7, 11, 13, 14);18;14
(3, 4, 7, 12, 13, 14);38;14
(3, 4, 8, 9, 10, 14);18;14
(3, 4, 8, 9, 11, 14);17;16
(3, 4, 8, 9, 12, 14);56;16
(3, 4, 8, 9, 13, 14);17;14
(3, 4, 8, 10, 11, 14);25;28
(3, 4, 8, 10, 12, 14);54;59
(3, 4, 8, 10, 13, 14);23;30
(3, 4, 8, 11, 12, 14);39;117
(3, 4, 8, 11, 13, 14);41;14
(3, 4, 8, 12, 13, 14);16;45
(3, 4, 9, 10, 11, 14);25;14
(3, 4, 9, 10, 12, 14);23;91
(3, 4, 9, 10, 13, 14);65;87
(3, 4, 9, 11, 12, 14);23;14
(3, 4, 9, 11, 13, 14);23;14
(3, 4, 9, 12, 13, 14);40;36
(3, 4, 10, 11, 12, 14);24;14
(3, 4, 10, 11, 13, 14);24;14
(3, 4, 10, 12, 13, 14);24;14
(3, 4, 11, 12, 13, 14);25;20
(3, 5, 6, 7, 8, 14);11;14
(3, 5, 6, 7, 9, 14);23;14
(3, 5, 6, 7, 10, 14);4;19
(3, 5, 6, 7, 11, 14);18;14
(3, 5, 6, 7, 12, 14);19;14
(3, 5, 6, 7, 13, 14);10;14
(3, 5, 6, 8, 9, 14);23;14
(3, 5, 6, 8, 10, 14);11;22
(3, 5, 6, 8, 11, 14);17;14
(3, 5, 6, 8, 12, 14);11;28
(3, 5, 6, 8, 13, 14);21;14
(3, 5, 6, 9, 10, 14);4;19
(3, 5, 6, 9, 11, 14);17;14
(3, 5, 6, 9, 12, 14);17;14
(3, 5, 6, 9, 13, 14);4;33
(3, 5, 6, 10, 11, 14);8;17
(3, 5, 6, 10, 12, 14);8;17
(3, 5, 6, 10, 13, 14);8;17
(3, 5, 6, 11, 12, 14);17;14
(3, 5, 6, 11, 13, 14);17;14
(3, 5, 6, 12, 13, 14);9;14
(3, 5, 7, 8, 9, 14);23;14
(3, 5, 7, 8, 10, 14);15;45
(3, 5, 7, 8, 11, 14);17;14
(3, 5, 7, 8, 12, 14);36;35
(3, 5, 7, 8, 13, 14);21;14
(3, 5, 7, 9, 10, 14);36;19
(3, 5, 7, 9, 11, 14);17;14
(3, 5, 7, 9, 12, 14);17;14
(3, 5, 7, 9, 13, 14);28;20
(3, 5, 7, 10, 11, 14);17;14
(3, 5, 7, 10, 12, 14);17;14
(3, 5, 7, 10, 13, 14);17;14
(3, 5, 7, 11, 12, 14);36;14
(3, 5, 7, 11, 13, 14);18;15
(3, 5, 7, 12, 13, 14);38;14
(3, 5, 8, 9, 10, 14);17;19
(3, 5, 8, 9, 11, 14);17;14
(3, 5, 8, 9, 12, 14);17;14
(3, 5, 8, 9, 13, 14);28;35
(3, 5, 8, 10, 11, 14);17;14
(3, 5, 8, 10, 12, 14);17;14
(3, 5, 8, 10, 13, 14);17;14
(3, 5, 8, 11, 12, 14);17;14
(3, 5, 8, 11, 13, 14);17;14
(3, 5, 8, 12, 13, 14);27;68
(3, 5, 9, 10, 11, 14);44;95
(3, 5, 9, 10, 12, 14);19;19
(3, 5, 9, 10, 13, 14);42;142
(3, 5, 9, 11, 12, 14);41;16
(3, 5, 9, 11, 13, 14);28;26
(3, 5, 9, 12, 13, 14);59;97
(3, 5, 10, 11, 12, 14);24;14
(3, 5, 10, 11, 13, 14);24;14
(3, 5, 10, 12, 13, 14);24;14
(3, 5, 11, 12, 13, 14);25;14
(3, 6, 7, 8, 9, 14);28;14
(3, 6, 7, 8, 10, 14);33;14
(3, 6, 7, 8, 11, 14);17;14
(3, 6, 7, 8, 12, 14);20;14
(3, 6, 7, 8, 13, 14);21;14
(3, 6, 7, 9, 10, 14);29;15
(3, 6, 7, 9, 11, 14);17;14
(3, 6, 7, 9, 12, 14);17;14
(3, 6, 7, 9, 13, 14);5;20
(3, 6, 7, 10, 11, 14);17;14
(3, 6, 7, 10, 12, 14);17;14
(3, 6, 7, 10, 13, 14);17;14
(3, 6, 7, 11, 12, 14);18;14
(3, 6, 7, 11, 13, 14);18;14
(3, 6, 7, 12, 13, 14);19;14
(3, 6, 8, 9, 10, 14);28;16
(3, 6, 8, 9, 11, 14);17;14
(3, 6, 8, 9, 12, 14);17;14
(3, 6, 8, 9, 13, 14);17;17
(3, 6, 8, 10, 11, 14);17;14
(3, 6, 8, 10, 12, 14);17;14
(3, 6, 8, 10, 13, 14);17;14
(3, 6, 8, 11, 12, 14);17;14
(3, 6, 8, 11, 13, 14);17;14
(3, 6, 8, 12, 13, 14);27;44
(3, 6, 9, 10, 11, 14);17;14
(3, 6, 9, 10, 12, 14);17;14
(3, 6, 9, 10, 13, 14);17;14
(3, 6, 9, 11, 12, 14);17;14
(3, 6, 9, 11, 13, 14);17;14
(3, 6, 9, 12, 13, 14);17;14
(3, 6, 10, 11, 12, 14);26;41
(3, 6, 10, 11, 13, 14);8;17
(3, 6, 10, 12, 13, 14);8;17
(3, 6, 11, 12, 13, 14);17;14
(3, 7, 8, 9, 10, 14);17;14
(3, 7, 8, 9, 11, 14);40;14
(3, 7, 8, 9, 12, 14);17;77
(3, 7, 8, 9, 13, 14);16;15
(3, 7, 8, 10, 11, 14);57;14
(3, 7, 8, 10, 12, 14);15;86
(3, 7, 8, 10, 13, 14);55;14
(3, 7, 8, 11, 12, 14);19;30
(3, 7, 8, 11, 13, 14);22;15
(3, 7, 8, 12, 13, 14);26;20
(3, 7, 9, 10, 11, 14);57;14
(3, 7, 9, 10, 12, 14);19;34
(3, 7, 9, 10, 13, 14);55;14
(3, 7, 9, 11, 12, 14);23;19
(3, 7, 9, 11, 13, 14);22;14
(3, 7, 9, 12, 13, 14);21;14
(3, 7, 10, 11, 12, 14);21;18
(3, 7, 10, 11, 13, 14);39;21
(3, 7, 10, 12, 13, 14);38;28
(3, 7, 11, 12, 13, 14);25;14
(3, 8, 9, 10, 11, 14);40;14
(3, 8, 9, 10, 12, 14);22;14
(3, 8, 9, 10, 13, 14);23;29
(3, 8, 9, 11, 12, 14);22;21
(3, 8, 9, 11, 13, 14);22;14
(3, 8, 9, 12, 13, 14);43;14
(3, 8, 10, 11, 12, 14);22;14
(3, 8, 10, 11, 13, 14);22;14
(3, 8, 10, 12, 13, 14);22;14
(3, 8, 11, 12, 13, 14);22;21
(3, 9, 10, 11, 12, 14);23;14
(3, 9, 10, 11, 13, 14);23;14
(3, 9, 10, 12, 13, 14);23;14
(3, 9, 11, 12, 13, 14);23;14
(3, 10, 11, 12, 13, 14);23;14
(4, 5, 6, 7, 8, 14);22;14
(4, 5, 6, 7, 9, 14);23;23
(4, 5, 6, 7, 10, 14);18;14
(4, 5, 6, 7, 11, 14);18;14
(4, 5, 6, 7, 12, 14);19;14
(4, 5, 6, 7, 13, 14);20;14
(4, 5, 6, 8, 9, 14);10;27
(4, 5, 6, 8, 10, 14);18;14
(4, 5, 6, 8, 11, 14);18;14
(4, 5, 6, 8, 12, 14);18;14
(4, 5, 6, 8, 13, 14);19;18
(4, 5, 6, 9, 10, 14);18;14
(4, 5, 6, 9, 11, 14);18;14
(4, 5, 6, 9, 12, 14);18;14
(4, 5, 6, 9, 13, 14);18;14
(4, 5, 6, 10, 11, 14);18;14
(4, 5, 6, 10, 12, 14);18;14
(4, 5, 6, 10, 13, 14);18;14
(4, 5, 6, 11, 12, 14);17;56
(4, 5, 6, 11, 13, 14);17;44
(4, 5, 6, 12, 13, 14);18;14
(4, 5, 7, 8, 9, 14);6;37
(4, 5, 7, 8, 10, 14);18;14
(4, 5, 7, 8, 11, 14);18;14
(4, 5, 7, 8, 12, 14);18;14
(4, 5, 7, 8, 13, 14);3;24
(4, 5, 7, 9, 10, 14);18;14
(4, 5, 7, 9, 11, 14);18;14
(4, 5, 7, 9, 12, 14);18;14
(4, 5, 7, 9, 13, 14);18;14
(4, 5, 7, 10, 11, 14);18;14
(4, 5, 7, 10, 12, 14);18;14
(4, 5, 7, 10, 13, 14);18;14
(4, 5, 7, 11, 12, 14);18;14
(4, 5, 7, 11, 13, 14);18;14
(4, 5, 7, 12, 13, 14);19;14
(4, 5, 8, 9, 10, 14);18;14
(4, 5, 8, 9, 11, 14);18;14
(4, 5, 8, 9, 12, 14);18;14
(4, 5, 8, 9, 13, 14);18;14
(4, 5, 8, 10, 11, 14);18;14
(4, 5, 8, 10, 12, 14);18;14
(4, 5, 8, 10, 13, 14);18;14
(4, 5, 8, 11, 12, 14);18;14
(4, 5, 8, 11, 13, 14);18;14
(4, 5, 8, 12, 13, 14);18;14
(4, 5, 9, 10, 11, 14);18;14
(4, 5, 9, 10, 12, 14);18;14
(4, 5, 9, 10, 13, 14);18;14
(4, 5, 9, 11, 12, 14);18;14
(4, 5, 9, 11, 13, 14);18;14
(4, 5, 9, 12, 13, 14);18;14
(4, 5, 10, 11, 12, 14);24;14
(4, 5, 10, 11, 13, 14);3;24
(4, 5, 10, 12, 13, 14);26;14
(4, 5, 11, 12, 13, 14);25;14
(4, 6, 7, 8, 9, 14);5;25
(4, 6, 7, 8, 10, 14);18;14
(4, 6, 7, 8, 11, 14);18;14
(4, 6, 7, 8, 12, 14);18;14
(4, 6, 7, 8, 13, 14);21;14
(4, 6, 7, 9, 10, 14);18;14
(4, 6, 7, 9, 11, 14);18;14
(4, 6, 7, 9, 12, 14);18;14
(4, 6, 7, 9, 13, 14);18;14
(4, 6, 7, 10, 11, 14);18;14
(4, 6, 7, 10, 12, 14);18;14
(4, 6, 7, 10, 13, 14);18;14
(4, 6, 7, 11, 12, 14);18;14
(4, 6, 7, 11, 13, 14);18;14
(4, 6, 7, 12, 13, 14);19;14
(4, 6, 8, 9, 10, 14);18;14
(4, 6, 8, 9, 11, 14);18;14
(4, 6, 8, 9, 12, 14);18;14
(4, 6, 8, 9, 13, 14);18;14
(4, 6, 8, 10, 11, 14);18;14
(4, 6, 8, 10, 12, 14);18;14
(4, 6, 8, 10, 13, 14);18;14
(4, 6, 8, 11, 12, 14);18;14
(4, 6, 8, 11, 13, 14);18;14
(4, 6, 8, 12, 13, 14);18;14
(4, 6, 9, 10, 11, 14);18;14
(4, 6, 9, 10, 12, 14);18;14
(4, 6, 9, 10, 13, 14);18;14
(4, 6, 9, 11, 12, 14);18;14
(4, 6, 9, 11, 13, 14);18;14
(4, 6, 9, 12, 13, 14);18;14
(4, 6, 10, 11, 12, 14);18;14
(4, 6, 10, 11, 13, 14);18;14
(4, 6, 10, 12, 13, 14);18;14
(4, 6, 11, 12, 13, 14);17;30
(4, 7, 8, 9, 10, 14);18;14
(4, 7, 8, 9, 11, 14);18;14
(4, 7, 8, 9, 12, 14);18;14
(4, 7, 8, 9, 13, 14);18;14
(4, 7, 8, 10, 11, 14);18;14
(4, 7, 8, 10, 12, 14);18;14
(4, 7, 8, 10, 13, 14);18;14
(4, 7, 8, 11, 12, 14);18;14
(4, 7, 8, 11, 13, 14);18;14
(4, 7, 8, 12, 13, 14);18;14
(4, 7, 9, 10, 11, 14);18;14
(4, 7, 9, 10, 12, 14);18;14
(4, 7, 9, 10, 13, 14);18;14
(4, 7, 9, 11, 12, 14);18;14
(4, 7, 9, 11, 13, 14);18;14
(4, 7, 9, 12, 13, 14);18;14
(4, 7, 10, 11, 12, 14);18;14
(4, 7, 10, 11, 13, 14);18;14
(4, 7, 10, 12, 13, 14);18;14
(4, 7, 11, 12, 13, 14);18;14
(4, 8, 9, 10, 11, 14);18;14
(4, 8, 9, 10, 12, 14);18;14
(4, 8, 9, 10, 13, 14);18;14
(4, 8, 9, 11, 12, 14);18;14
(4, 8, 9, 11, 13, 14);18;14
(4, 8, 9, 12, 13, 14);18;14
(4, 8, 10, 11, 12, 14);18;14
(4, 8, 10, 11, 13, 14);18;14
(4, 8, 10, 12, 13, 14);18;14
(4, 8, 11, 12, 13, 14);18;14
(4, 9, 10, 11, 12, 14);21;32
(4, 9, 10, 11, 13, 14);43;53
(4, 9, 10, 12, 13, 14);42;19
(4, 9, 11, 12, 13, 14);41;32
(4, 10, 11, 12, 13, 14);24;14
(5, 6, 7, 8, 9, 14);19;14
(5, 6, 7, 8, 10, 14);19;14
(5, 6, 7, 8, 11, 14);19;14
(5, 6, 7, 8, 12, 14);19;14
(5, 6, 7, 8, 13, 14);19;14
(5, 6, 7, 9, 10, 14);19;14
(5, 6, 7, 9, 11, 14);19;14
(5, 6, 7, 9, 12, 14);19;14
(5, 6, 7, 9, 13, 14);19;14
(5, 6, 7, 10, 11, 14);19;14
(5, 6, 7, 10, 12, 14);19;14
(5, 6, 7, 10, 13, 14);19;14
(5, 6, 7, 11, 12, 14);19;14
(5, 6, 7, 11, 13, 14);19;14
(5, 6, 7, 12, 13, 14);19;14
(5, 6, 8, 9, 10, 14);19;14
(5, 6, 8, 9, 11, 14);19;14
(5, 6, 8, 9, 12, 14);19;14
(5, 6, 8, 9, 13, 14);19;14
(5, 6, 8, 10, 11, 14);19;14
(5, 6, 8, 10, 12, 14);19;14
(5, 6, 8, 10, 13, 14);19;14
(5, 6, 8, 11, 12, 14);19;14
(5, 6, 8, 11, 13, 14);19;14
(5, 6, 8, 12, 13, 14);19;14
(5, 6, 9, 10, 11, 14);19;14
(5, 6, 9, 10, 12, 14);19;14
(5, 6, 9, 10, 13, 14);19;14
(5, 6, 9, 11, 12, 14);19;14
(5, 6, 9, 11, 13, 14);19;14
(5, 6, 9, 12, 13, 14);19;14
(5, 6, 10, 11, 12, 14);19;14
(5, 6, 10, 11, 13, 14);19;14
(5, 6, 10, 12, 13, 14);19;14
(5, 6, 11, 12, 13, 14);19;14
(5, 7, 8, 9, 10, 14);19;14
(5, 7, 8, 9, 11, 14);19;14
(5, 7, 8, 9, 12, 14);19;14
(5, 7, 8, 9, 13, 14);19;14
(5, 7, 8, 10, 11, 14);19;14
(5, 7, 8, 10, 12, 14);19;14
(5, 7, 8, 10, 13, 14);19;14
(5, 7, 8, 11, 12, 14);19;14
(5, 7, 8, 11, 13, 14);19;14
(5, 7, 8, 12, 13, 14);19;14
(5, 7, 9, 10, 11, 14);19;14
(5, 7, 9, 10, 12, 14);19;14
(5, 7, 9, 10, 13, 14);19;14
(5, 7, 9, 11, 12, 14);19;14
(5, 7, 9, 11, 13, 14);19;14
(5, 7, 9, 12, 13, 14);19;14
(5, 7, 10, 11, 12, 14);19;14
(5, 7, 10, 11, 13, 14);19;14
(5, 7, 10, 12, 13, 14);19;14
(5, 7, 11, 12, 13, 14);19;14
(5, 8, 9, 10, 11, 14);19;14
(5, 8, 9, 10, 12, 14);19;14
(5, 8, 9, 10, 13, 14);19;14
(5, 8, 9, 11, 12, 14);19;14
(5, 8, 9, 11, 13, 14);19;14
(5, 8, 9, 12, 13, 14);19;14
(5, 8, 10, 11, 12, 14);19;14
(5, 8, 10, 11, 13, 14);19;14
(5, 8, 10, 12, 13, 14);19;14
(5, 8, 11, 12, 13, 14);19;14
(5, 9, 10, 11, 12, 14);19;14
(5, 9, 10, 11, 13, 14);19;14
(5, 9, 10, 12, 13, 14);19;14
(5, 9, 11, 12, 13, 14);19;14
(5, 10, 11, 12, 13, 14);19;14
(6, 7, 8, 9, 10, 14);20;14
(6, 7, 8, 9, 11, 14);20;14
(6, 7, 8, 9, 12, 14);20;14
(6, 7, 8, 9, 13, 14);20;14
(6, 7, 8, 10, 11, 14);20;14
(6, 7, 8, 10, 12, 14);20;14
(6, 7, 8, 10, 13, 14);20;14
(6, 7, 8, 11, 12, 14);20;14
(6, 7, 8, 11, 13, 14);20;14
(6, 7, 8, 12, 13, 14);20;14
(6, 7, 9, 10, 11, 14);20;14
(6, 7, 9, 10, 12, 14);20;14
(6, 7, 9, 10, 13, 14);20;14
(6, 7, 9, 11, 12, 14);20;14
(6, 7, 9, 11, 13, 14);20;14
(6, 7, 9, 12, 13, 14);20;14
(6, 7, 10, 11, 12, 14);20;14
(6, 7, 10, 11, 13, 14);20;14
(6, 7, 10, 12, 13, 14);20;14
(6, 7, 11, 12, 13, 14);20;14
(6, 8, 9, 10, 11, 14);20;14
(6, 8, 9, 10, 12, 14);20;14
(6, 8, 9, 10, 13, 14);20;14
(6, 8, 9, 11, 12, 14);20;14
(6, 8, 9, 11, 13, 14);20;14
(6, 8, 9, 12, 13, 14);20;14
(6, 8, 10, 11, 12, 14);20;14
(6, 8, 10, 11, 13, 14);20;14
(6, 8, 10, 12, 13, 14);20;14
(6, 8, 11, 12, 13, 14);20;14
(6, 9, 10, 11, 12, 14);20;14
(6, 9, 10, 11, 13, 14);20;14
(6, 9, 10, 12, 13, 14);20;14
(6, 9, 11, 12, 13, 14);20;14
(6, 10, 11, 12, 13, 14);20;14
(7, 8, 9, 10, 11, 14);21;14
(7, 8, 9, 10, 12, 14);21;14
(7, 8, 9, 10, 13, 14);21;14
(7, 8, 9, 11, 12, 14);21;14
(7, 8, 9, 11, 13, 14);21;14
(7, 8, 9, 12, 13, 14);21;14
(7, 8, 10, 11, 12, 14);21;14
(7, 8, 10, 11, 13, 14);21;14
(7, 8, 10, 12, 13, 14);21;14
(7, 8, 11, 12, 13, 14);21;14
(7, 9, 10, 11, 12, 14);21;14
(7, 9, 10, 11, 13, 14);21;14
(7, 9, 10, 12, 13, 14);21;14
(7, 9, 11, 12, 13, 14);21;14
(7, 10, 11, 12, 13, 14);21;14
(8, 9, 10, 11, 12, 14);22;14
(8, 9, 10, 11, 13, 14);22;14
(8, 9, 10, 12, 13, 14);22;14
(8, 9, 11, 12, 13, 14);22;14
(8, 10, 11, 12, 13, 14);22;14
(9, 10, 11, 12, 13, 14);23;14
