S;p;l
(1, 2, 3, 4, 5, 16);6;16
(1, 2, 3, 4, 6, 16);5;16
(1, 2, 3, 4, 7, 16);5;16
(1, 2, 3, 4, 8, 16);5;16
(1, 2, 3, 4, 9, 16);5;16
(1, 2, 3, 4, 10, 16);17;16
(1, 2, 3, 4, 11, 16);5;16
(1, 2, 3, 4, 12, 16);5;16
(1, 2, 3, 4, 13, 16);5;16
(1, 2, 3, 4, 14, 16);5;16
(1, 2, 3, 4, 15, 16);17;16
(1, 2, 3, 5, 6, 16);19;16
(1, 2, 3, 5, 7, 16);18;16
(1, 2, 3, 5, 8, 16);21;16
(1, 2, 3, 5, 9, 16);18;16
(1, 2, 3, 5, 10, 16);19;16
(1, 2, 3, 5, 11, 16);18;16
(1, 2, 3, 5, 12, 16);14;16
(1, 2, 3, 5, 13, 16);18;16
(1, 2, 3, 5, 14, 16);19;16
(1, 2, 3, 5, 15, 16);18;16
(1, 2, 3, 6, 7, 16);17;16
(1, 2, 3, 6, 8, 16);9;16
(1, 2, 3, 6, 9, 16);19;16
(1, 2, 3, 6, 10, 16);17;16
(1, 2, 3, 6, 11, 16);17;16
(1, 2, 3, 6, 12, 16);13;16
(1, 2, 3, 6, 13, 16);19;16
(1, 2, 3, 6, 14, 16);17;16
(1, 2, 3, 6, 15, 16);17;16
(1, 2, 3, 7, 8, 16);9;16
(1, 2, 3, 7, 9, 16);18;16
(1, 2, 3, 7, 10, 16);17;16
(1, 2, 3, 7, 11, 16);17;16
(1, 2, 3, 7, 12, 16);13;16
(1, 2, 3, 7, 13, 16);18;16
(1, 2, 3, 7, 14, 16);17;16
(1, 2, 3, 7, 15, 16);17;16
(1, 2, 3, 8, 9, 16);21;16
(1, 2, 3, 8, 10, 16);9;16
(1, 2, 3, 8, 11, 16);9;16
(1, 2, 3, 8, 12, 16);9;16
(1, 2, 3, 8, 13, 16);14;16
(1, 2, 3, 8, 14, 16);15;16
(1, 2, 3, 8, 15, 16);9;16
(1, 2, 3, 9, 10, 16);19;16
(1, 2, 3, 9, 11, 16);18;16
(1, 2, 3, 9, 12, 16);14;16
(1, 2, 3, 9, 13, 16);18;16
(1, 2, 3, 9, 14, 16);19;16
(1, 2, 3, 9, 15, 16);18;16
(1, 2, 3, 10, 11, 16);17;16
(1, 2, 3, 10, 12, 16);13;16
(1, 2, 3, 10, 13, 16);19;16
(1, 2, 3, 10, 14, 16);17;16
(1, 2, 3, 10, 15, 16);17;16
(1, 2, 3, 11, 12, 16);13;16
(1, 2, 3, 11, 13, 16);18;16
(1, 2, 3, 11, 14, 16);17;16
(1, 2, 3, 11, 15, 16);17;16
(1, 2, 3, 12, 13, 16);14;16
(1, 2, 3, 12, 14, 16);13;16
(1, 2, 3, 12, 15, 16);13;16
(1, 2, 3, 13, 14, 16);19;16
(1, 2, 3, 13, 15, 16);18;16
(1, 2, 3, 14, 15, 16);17;16
(1, 2, 4, 5, 6, 16);10;16
(1, 2, 4, 5, 7, 16);3;16
(1, 2, 4, 5, 8, 16);3;16
(1, 2, 4, 5, 9, 16);20;16
(1, 2, 4, 5, 10, 16);3;16
(1, 2, 4, 5, 11, 16);3;16
(1, 2, 4, 5, 12, 16);17;16
(1, 2, 4, 5, 13, 16);3;16
(1, 2, 4, 5, 14, 16);3;16
(1, 2, 4, 5, 15, 16);20;16
(1, 2, 4, 6, 7, 16);20;16
(1, 2, 4, 6, 8, 16);10;16
(1, 2, 4, 6, 9, 16);18;16
(1, 2, 4, 6, 10, 16);20;16
(1, 2, 4, 6, 11, 16);18;16
(1, 2, 4, 6, 12, 16);18;16
(1, 2, 4, 6, 13, 16);15;23
(1, 2, 4, 6, 14, 16);18;16
(1, 2, 4, 6, 15, 16);30;24
(1, 2, 4, 7, 8, 16);3;16
(1, 2, 4, 7, 9, 16);25;16
(1, 2, 4, 7, 10, 16);3;16
(1, 2, 4, 7, 11, 16);3;16
(1, 2, 4, 7, 12, 16);14;16
(1, 2, 4, 7, 13, 16);3;16
(1, 2, 4, 7, 14, 16);3;16
(1, 2, 4, 7, 15, 16);17;16
(1, 2, 4, 8, 9, 16);5;27
(1, 2, 4, 8, 10, 16);3;16
(1, 2, 4, 8, 11, 16);3;16
(1, 2, 4, 8, 12, 16);20;16
(1, 2, 4, 8, 13, 16);3;16
(1, 2, 4, 8, 14, 16);3;16
(1, 2, 4, 8, 15, 16);23;16
(1, 2, 4, 9, 10, 16);25;16
(1, 2, 4, 9, 11, 16);18;26
(1, 2, 4, 9, 12, 16);31;31
(1, 2, 4, 9, 13, 16);25;16
(1, 2, 4, 9, 14, 16);18;16
(1, 2, 4, 9, 15, 16);31;16
(1, 2, 4, 10, 11, 16);3;16
(1, 2, 4, 10, 12, 16);14;16
(1, 2, 4, 10, 13, 16);3;16
(1, 2, 4, 10, 14, 16);3;16
(1, 2, 4, 10, 15, 16);17;16
(1, 2, 4, 11, 12, 16);23;16
(1, 2, 4, 11, 13, 16);3;16
(1, 2, 4, 11, 14, 16);3;16
(1, 2, 4, 11, 15, 16);26;16
(1, 2, 4, 12, 13, 16);14;16
(1, 2, 4, 12, 14, 16);24;16
(1, 2, 4, 12, 15, 16);14;16
(1, 2, 4, 13, 14, 16);3;16
(1, 2, 4, 13, 15, 16);17;16
(1, 2, 4, 14, 15, 16);29;16
(1, 2, 5, 6, 7, 16);11;16
(1, 2, 5, 6, 8, 16);7;16
(1, 2, 5, 6, 9, 16);7;16
(1, 2, 5, 6, 10, 16);11;16
(1, 2, 5, 6, 11, 16);17;16
(1, 2, 5, 6, 12, 16);7;16
(1, 2, 5, 6, 13, 16);7;16
(1, 2, 5, 6, 14, 16);15;33
(1, 2, 5, 6, 15, 16);7;16
(1, 2, 5, 7, 8, 16);3;16
(1, 2, 5, 7, 9, 16);14;16
(1, 2, 5, 7, 10, 16);3;16
(1, 2, 5, 7, 11, 16);3;16
(1, 2, 5, 7, 12, 16);17;16
(1, 2, 5, 7, 13, 16);3;16
(1, 2, 5, 7, 14, 16);3;16
(1, 2, 5, 7, 15, 16);20;16
(1, 2, 5, 8, 9, 16);17;16
(1, 2, 5, 8, 10, 16);3;16
(1, 2, 5, 8, 11, 16);3;16
(1, 2, 5, 8, 12, 16);17;19
(1, 2, 5, 8, 13, 16);3;16
(1, 2, 5, 8, 14, 16);3;16
(1, 2, 5, 8, 15, 16);23;16
(1, 2, 5, 9, 10, 16);14;16
(1, 2, 5, 9, 11, 16);27;16
(1, 2, 5, 9, 12, 16);17;16
(1, 2, 5, 9, 13, 16);14;16
(1, 2, 5, 9, 14, 16);28;25
(1, 2, 5, 9, 15, 16);17;16
(1, 2, 5, 10, 11, 16);3;16
(1, 2, 5, 10, 12, 16);17;16
(1, 2, 5, 10, 13, 16);3;16
(1, 2, 5, 10, 14, 16);3;16
(1, 2, 5, 10, 15, 16);20;16
(1, 2, 5, 11, 12, 16);27;19
(1, 2, 5, 11, 13, 16);3;16
(1, 2, 5, 11, 14, 16);3;16
(1, 2, 5, 11, 15, 16);26;16
(1, 2, 5, 12, 13, 16);17;16
(1, 2, 5, 12, 14, 16);28;16
(1, 2, 5, 12, 15, 16);17;16
(1, 2, 5, 13, 14, 16);3;16
(1, 2, 5, 13, 15, 16);20;16
(1, 2, 5, 14, 15, 16);29;16
(1, 2, 6, 7, 8, 16);12;16
(1, 2, 6, 7, 9, 16);43;25
(1, 2, 6, 7, 10, 16);20;16
(1, 2, 6, 7, 11, 16);17;16
(1, 2, 6, 7, 12, 16);13;25
(1, 2, 6, 7, 13, 16);20;16
(1, 2, 6, 7, 14, 16);20;16
(1, 2, 6, 7, 15, 16);17;25
(1, 2, 6, 8, 9, 16);7;16
(1, 2, 6, 8, 10, 16);24;32
(1, 2, 6, 8, 11, 16);17;16
(1, 2, 6, 8, 12, 16);7;16
(1, 2, 6, 8, 13, 16);7;16
(1, 2, 6, 8, 14, 16);22;16
(1, 2, 6, 8, 15, 16);7;16
(1, 2, 6, 9, 10, 16);11;16
(1, 2, 6, 9, 11, 16);25;16
(1, 2, 6, 9, 12, 16);7;16
(1, 2, 6, 9, 13, 16);7;16
(1, 2, 6, 9, 14, 16);15;16
(1, 2, 6, 9, 15, 16);7;16
(1, 2, 6, 10, 11, 16);44;16
(1, 2, 6, 10, 12, 16);11;16
(1, 2, 6, 10, 13, 16);11;16
(1, 2, 6, 10, 14, 16);15;16
(1, 2, 6, 10, 15, 16);25;16
(1, 2, 6, 11, 12, 16);17;16
(1, 2, 6, 11, 13, 16);22;16
(1, 2, 6, 11, 14, 16);25;16
(1, 2, 6, 11, 15, 16);17;16
(1, 2, 6, 12, 13, 16);7;16
(1, 2, 6, 12, 14, 16);18;18
(1, 2, 6, 12, 15, 16);7;16
(1, 2, 6, 13, 14, 16);15;16
(1, 2, 6, 13, 15, 16);7;16
(1, 2, 6, 14, 15, 16);10;20
(1, 2, 7, 8, 9, 16);17;16
(1, 2, 7, 8, 10, 16);3;16
(1, 2, 7, 8, 11, 16);3;16
(1, 2, 7, 8, 12, 16);20;16
(1, 2, 7, 8, 13, 16);3;16
(1, 2, 7, 8, 14, 16);3;16
(1, 2, 7, 8, 15, 16);23;16
(1, 2, 7, 9, 10, 16);25;16
(1, 2, 7, 9, 11, 16);18;16
(1, 2, 7, 9, 12, 16);25;16
(1, 2, 7, 9, 13, 16);25;16
(1, 2, 7, 9, 14, 16);65;16
(1, 2, 7, 9, 15, 16);25;16
(1, 2, 7, 10, 11, 16);3;16
(1, 2, 7, 10, 12, 16);14;16
(1, 2, 7, 10, 13, 16);3;16
(1, 2, 7, 10, 14, 16);3;16
(1, 2, 7, 10, 15, 16);17;16
(1, 2, 7, 11, 12, 16);23;16
(1, 2, 7, 11, 13, 16);3;16
(1, 2, 7, 11, 14, 16);3;16
(1, 2, 7, 11, 15, 16);26;16
(1, 2, 7, 12, 13, 16);14;16
(1, 2, 7, 12, 14, 16);24;16
(1, 2, 7, 12, 15, 16);14;16
(1, 2, 7, 13, 14, 16);3;16
(1, 2, 7, 13, 15, 16);17;16
(1, 2, 7, 14, 15, 16);29;16
(1, 2, 8, 9, 10, 16);17;16
(1, 2, 8, 9, 11, 16);27;16
(1, 2, 8, 9, 12, 16);17;16
(1, 2, 8, 9, 13, 16);7;16
(1, 2, 8, 9, 14, 16);5;72
(1, 2, 8, 9, 15, 16);17;16
(1, 2, 8, 10, 11, 16);3;16
(1, 2, 8, 10, 12, 16);20;16
(1, 2, 8, 10, 13, 16);3;16
(1, 2, 8, 10, 14, 16);3;16
(1, 2, 8, 10, 15, 16);23;16
(1, 2, 8, 11, 12, 16);27;19
(1, 2, 8, 11, 13, 16);3;16
(1, 2, 8, 11, 14, 16);3;16
(1, 2, 8, 11, 15, 16);26;16
(1, 2, 8, 12, 13, 16);20;16
(1, 2, 8, 12, 14, 16);28;16
(1, 2, 8, 12, 15, 16);17;19
(1, 2, 8, 13, 14, 16);3;16
(1, 2, 8, 13, 15, 16);23;16
(1, 2, 8, 14, 15, 16);29;16
(1, 2, 9, 10, 11, 16);18;16
(1, 2, 9, 10, 12, 16);25;16
(1, 2, 9, 10, 13, 16);25;16
(1, 2, 9, 10, 14, 16);41;51
(1, 2, 9, 10, 15, 16);25;16
(1, 2, 9, 11, 12, 16);27;16
(1, 2, 9, 11, 13, 16);18;28
(1, 2, 9, 11, 14, 16);25;23
(1, 2, 9, 11, 15, 16);27;16
(1, 2, 9, 12, 13, 16);14;16
(1, 2, 9, 12, 14, 16);28;16
(1, 2, 9, 12, 15, 16);17;16
(1, 2, 9, 13, 14, 16);15;16
(1, 2, 9, 13, 15, 16);14;16
(1, 2, 9, 14, 15, 16);30;16
(1, 2, 10, 11, 12, 16);23;16
(1, 2, 10, 11, 13, 16);3;16
(1, 2, 10, 11, 14, 16);3;16
(1, 2, 10, 11, 15, 16);26;16
(1, 2, 10, 12, 13, 16);14;16
(1, 2, 10, 12, 14, 16);24;16
(1, 2, 10, 12, 15, 16);14;16
(1, 2, 10, 13, 14, 16);3;16
(1, 2, 10, 13, 15, 16);17;16
(1, 2, 10, 14, 15, 16);29;16
(1, 2, 11, 12, 13, 16);23;16
(1, 2, 11, 12, 14, 16);30;16
(1, 2, 11, 12, 15, 16);27;19
(1, 2, 11, 13, 14, 16);3;16
(1, 2, 11, 13, 15, 16);26;16
(1, 2, 11, 14, 15, 16);29;16
(1, 2, 12, 13, 14, 16);24;16
(1, 2, 12, 13, 15, 16);14;16
(1, 2, 12, 14, 15, 16);30;16
(1, 2, 13, 14, 15, 16);29;16
(1, 3, 4, 5, 6, 16);19;16
(1, 3, 4, 5, 7, 16);19;16
(1, 3, 4, 5, 8, 16);20;16
(1, 3, 4, 5, 9, 16);20;16
(1, 3, 4, 5, 10, 16);20;16
(1, 3, 4, 5, 11, 16);20;21
(1, 3, 4, 5, 12, 16);17;16
(1, 3, 4, 5, 13, 16);17;16
(1, 3, 4, 5, 14, 16);17;16
(1, 3, 4, 5, 15, 16);19;16
(1, 3, 4, 6, 7, 16);10;16
(1, 3, 4, 6, 8, 16);19;16
(1, 3, 4, 6, 9, 16);12;16
(1, 3, 4, 6, 10, 16);26;16
(1, 3, 4, 6, 11, 16);19;16
(1, 3, 4, 6, 12, 16);39;16
(1, 3, 4, 6, 13, 16);19;16
(1, 3, 4, 6, 14, 16);17;16
(1, 3, 4, 6, 15, 16);19;16
(1, 3, 4, 7, 8, 16);11;16
(1, 3, 4, 7, 9, 16);20;16
(1, 3, 4, 7, 10, 16);19;35
(1, 3, 4, 7, 11, 16);20;16
(1, 3, 4, 7, 12, 16);19;16
(1, 3, 4, 7, 13, 16);31;42
(1, 3, 4, 7, 14, 16);19;16
(1, 3, 4, 7, 15, 16);19;16
(1, 3, 4, 8, 9, 16);12;16
(1, 3, 4, 8, 10, 16);31;16
(1, 3, 4, 8, 11, 16);19;16
(1, 3, 4, 8, 12, 16);20;16
(1, 3, 4, 8, 13, 16);19;16
(1, 3, 4, 8, 14, 16);17;39
(1, 3, 4, 8, 15, 16);19;16
(1, 3, 4, 9, 10, 16);13;16
(1, 3, 4, 9, 11, 16);12;16
(1, 3, 4, 9, 12, 16);13;16
(1, 3, 4, 9, 13, 16);12;16
(1, 3, 4, 9, 14, 16);17;16
(1, 3, 4, 9, 15, 16);12;16
(1, 3, 4, 10, 11, 16);26;16
(1, 3, 4, 10, 12, 16);13;16
(1, 3, 4, 10, 13, 16);26;16
(1, 3, 4, 10, 14, 16);33;16
(1, 3, 4, 10, 15, 16);19;16
(1, 3, 4, 11, 12, 16);15;16
(1, 3, 4, 11, 13, 16);19;16
(1, 3, 4, 11, 14, 16);15;16
(1, 3, 4, 11, 15, 16);19;16
(1, 3, 4, 12, 13, 16);63;16
(1, 3, 4, 12, 14, 16);15;16
(1, 3, 4, 12, 15, 16);50;46
(1, 3, 4, 13, 14, 16);17;16
(1, 3, 4, 13, 15, 16);19;16
(1, 3, 4, 14, 15, 16);19;22
(1, 3, 5, 6, 7, 16);22;16
(1, 3, 5, 6, 8, 16);11;16
(1, 3, 5, 6, 9, 16);22;16
(1, 3, 5, 6, 10, 16);11;16
(1, 3, 5, 6, 11, 16);29;16
(1, 3, 5, 6, 12, 16);11;16
(1, 3, 5, 6, 13, 16);19;16
(1, 3, 5, 6, 14, 16);11;16
(1, 3, 5, 6, 15, 16);21;16
(1, 3, 5, 7, 8, 16);15;16
(1, 3, 5, 7, 9, 16);25;16
(1, 3, 5, 7, 10, 16);17;16
(1, 3, 5, 7, 11, 16);27;16
(1, 3, 5, 7, 12, 16);19;16
(1, 3, 5, 7, 13, 16);29;16
(1, 3, 5, 7, 14, 16);21;16
(1, 3, 5, 7, 15, 16);31;16
(1, 3, 5, 8, 9, 16);17;16
(1, 3, 5, 8, 10, 16);13;16
(1, 3, 5, 8, 11, 16);19;16
(1, 3, 5, 8, 12, 16);13;16
(1, 3, 5, 8, 13, 16);21;16
(1, 3, 5, 8, 14, 16);13;16
(1, 3, 5, 8, 15, 16);31;32
(1, 3, 5, 9, 10, 16);19;16
(1, 3, 5, 9, 11, 16);27;16
(1, 3, 5, 9, 12, 16);21;16
(1, 3, 5, 9, 13, 16);29;16
(1, 3, 5, 9, 14, 16);23;16
(1, 3, 5, 9, 15, 16);31;16
(1, 3, 5, 10, 11, 16);21;16
(1, 3, 5, 10, 12, 16);15;16
(1, 3, 5, 10, 13, 16);23;16
(1, 3, 5, 10, 14, 16);15;16
(1, 3, 5, 10, 15, 16);25;16
(1, 3, 5, 11, 12, 16);23;16
(1, 3, 5, 11, 13, 16);29;16
(1, 3, 5, 11, 14, 16);25;16
(1, 3, 5, 11, 15, 16);31;16
(1, 3, 5, 12, 13, 16);25;16
(1, 3, 5, 12, 14, 16);17;16
(1, 3, 5, 12, 15, 16);27;16
(1, 3, 5, 13, 14, 16);27;16
(1, 3, 5, 13, 15, 16);31;16
(1, 3, 5, 14, 15, 16);29;16
(1, 3, 6, 7, 8, 16);13;16
(1, 3, 6, 7, 9, 16);22;16
(1, 3, 6, 7, 10, 16);13;16
(1, 3, 6, 7, 11, 16);22;16
(1, 3, 6, 7, 12, 16);13;16
(1, 3, 6, 7, 13, 16);22;16
(1, 3, 6, 7, 14, 16);17;16
(1, 3, 6, 7, 15, 16);22;16
(1, 3, 6, 8, 9, 16);24;19
(1, 3, 6, 8, 10, 16);22;16
(1, 3, 6, 8, 11, 16);19;16
(1, 3, 6, 8, 12, 16);22;16
(1, 3, 6, 8, 13, 16);19;118
(1, 3, 6, 8, 14, 16);22;16
(1, 3, 6, 8, 15, 16);31;16
(1, 3, 6, 9, 10, 16);15;16
(1, 3, 6, 9, 11, 16);12;46
(1, 3, 6, 9, 12, 16);15;16
(1, 3, 6, 9, 13, 16);12;47
(1, 3, 6, 9, 14, 16);17;17
(1, 3, 6, 9, 15, 16);22;16
(1, 3, 6, 10, 11, 16);17;26
(1, 3, 6, 10, 12, 16);22;16
(1, 3, 6, 10, 13, 16);75;36
(1, 3, 6, 10, 14, 16);22;16
(1, 3, 6, 10, 15, 16);17;58
(1, 3, 6, 11, 12, 16);39;34
(1, 3, 6, 11, 13, 16);19;16
(1, 3, 6, 11, 14, 16);17;16
(1, 3, 6, 11, 15, 16);19;46
(1, 3, 6, 12, 13, 16);71;16
(1, 3, 6, 12, 14, 16);22;16
(1, 3, 6, 12, 15, 16);69;16
(1, 3, 6, 13, 14, 16);64;16
(1, 3, 6, 13, 15, 16);59;16
(1, 3, 6, 14, 15, 16);30;16
(1, 3, 7, 8, 9, 16);17;16
(1, 3, 7, 8, 10, 16);15;16
(1, 3, 7, 8, 11, 16);19;16
(1, 3, 7, 8, 12, 16);15;16
(1, 3, 7, 8, 13, 16);21;16
(1, 3, 7, 8, 14, 16);15;16
(1, 3, 7, 8, 15, 16);23;16
(1, 3, 7, 9, 10, 16);19;16
(1, 3, 7, 9, 11, 16);27;16
(1, 3, 7, 9, 12, 16);21;16
(1, 3, 7, 9, 13, 16);29;16
(1, 3, 7, 9, 14, 16);23;16
(1, 3, 7, 9, 15, 16);31;16
(1, 3, 7, 10, 11, 16);21;16
(1, 3, 7, 10, 12, 16);17;16
(1, 3, 7, 10, 13, 16);23;16
(1, 3, 7, 10, 14, 16);17;16
(1, 3, 7, 10, 15, 16);25;16
(1, 3, 7, 11, 12, 16);23;16
(1, 3, 7, 11, 13, 16);29;16
(1, 3, 7, 11, 14, 16);25;16
(1, 3, 7, 11, 15, 16);31;16
(1, 3, 7, 12, 13, 16);25;16
(1, 3, 7, 12, 14, 16);19;16
(1, 3, 7, 12, 15, 16);27;16
(1, 3, 7, 13, 14, 16);27;16
(1, 3, 7, 13, 15, 16);31;16
(1, 3, 7, 14, 15, 16);29;16
(1, 3, 8, 9, 10, 16);17;16
(1, 3, 8, 9, 11, 16);19;16
(1, 3, 8, 9, 12, 16);17;16
(1, 3, 8, 9, 13, 16);21;16
(1, 3, 8, 9, 14, 16);17;16
(1, 3, 8, 9, 15, 16);23;16
(1, 3, 8, 10, 11, 16);19;16
(1, 3, 8, 10, 12, 16);24;16
(1, 3, 8, 10, 13, 16);26;62
(1, 3, 8, 10, 14, 16);24;16
(1, 3, 8, 10, 15, 16);24;48
(1, 3, 8, 11, 12, 16);19;16
(1, 3, 8, 11, 13, 16);21;16
(1, 3, 8, 11, 14, 16);19;16
(1, 3, 8, 11, 15, 16);23;16
(1, 3, 8, 12, 13, 16);47;57
(1, 3, 8, 12, 14, 16);24;16
(1, 3, 8, 12, 15, 16);41;99
(1, 3, 8, 13, 14, 16);47;39
(1, 3, 8, 13, 15, 16);94;48
(1, 3, 8, 14, 15, 16);30;16
(1, 3, 9, 10, 11, 16);21;16
(1, 3, 9, 10, 12, 16);19;16
(1, 3, 9, 10, 13, 16);23;16
(1, 3, 9, 10, 14, 16);19;16
(1, 3, 9, 10, 15, 16);25;16
(1, 3, 9, 11, 12, 16);23;16
(1, 3, 9, 11, 13, 16);29;16
(1, 3, 9, 11, 14, 16);25;16
(1, 3, 9, 11, 15, 16);31;16
(1, 3, 9, 12, 13, 16);25;16
(1, 3, 9, 12, 14, 16);21;16
(1, 3, 9, 12, 15, 16);27;16
(1, 3, 9, 13, 14, 16);27;16
(1, 3, 9, 13, 15, 16);31;16
(1, 3, 9, 14, 15, 16);29;16
(1, 3, 10, 11, 12, 16);21;16
(1, 3, 10, 11, 13, 16);23;16
(1, 3, 10, 11, 14, 16);21;16
(1, 3, 10, 11, 15, 16);25;16
(1, 3, 10, 12, 13, 16);23;16
(1, 3, 10, 12, 14, 16);13;16
(1, 3, 10, 12, 15, 16);13;76
(1, 3, 10, 13, 14, 16);23;16
(1, 3, 10, 13, 15, 16);25;16
(1, 3, 10, 14, 15, 16);30;16
(1, 3, 11, 12, 13, 16);25;16
(1, 3, 11, 12, 14, 16);23;16
(1, 3, 11, 12, 15, 16);27;16
(1, 3, 11, 13, 14, 16);27;16
(1, 3, 11, 13, 15, 16);31;16
(1, 3, 11, 14, 15, 16);29;16
(1, 3, 12, 13, 14, 16);25;16
(1, 3, 12, 13, 15, 16);27;16
(1, 3, 12, 14, 15, 16);27;16
(1, 3, 13, 14, 15, 16);29;16
(1, 4, 5, 6, 7, 16);10;16
(1, 4, 5, 6, 8, 16);20;16
(1, 4, 5, 6, 9, 16);10;16
(1, 4, 5, 6, 10, 16);20;16
(1, 4, 5, 6, 11, 16);29;16
(1, 4, 5, 6, 12, 16);10;29
(1, 4, 5, 6, 13, 16);19;16
(1, 4, 5, 6, 14, 16);19;16
(1, 4, 5, 6, 15, 16);19;16
(1, 4, 5, 7, 8, 16);11;16
(1, 4, 5, 7, 9, 16);20;16
(1, 4, 5, 7, 10, 16);3;23
(1, 4, 5, 7, 11, 16);20;16
(1, 4, 5, 7, 12, 16);19;16
(1, 4, 5, 7, 13, 16);3;31
(1, 4, 5, 7, 14, 16);19;16
(1, 4, 5, 7, 15, 16);19;16
(1, 4, 5, 8, 9, 16);12;16
(1, 4, 5, 8, 10, 16);20;16
(1, 4, 5, 8, 11, 16);3;30
(1, 4, 5, 8, 12, 16);20;16
(1, 4, 5, 8, 13, 16);3;32
(1, 4, 5, 8, 14, 16);20;16
(1, 4, 5, 8, 15, 16);20;16
(1, 4, 5, 9, 10, 16);20;16
(1, 4, 5, 9, 11, 16);20;16
(1, 4, 5, 9, 12, 16);21;16
(1, 4, 5, 9, 13, 16);20;16
(1, 4, 5, 9, 14, 16);10;33
(1, 4, 5, 9, 15, 16);20;16
(1, 4, 5, 10, 11, 16);3;29
(1, 4, 5, 10, 12, 16);17;16
(1, 4, 5, 10, 13, 16);3;23
(1, 4, 5, 10, 14, 16);26;16
(1, 4, 5, 10, 15, 16);20;16
(1, 4, 5, 11, 12, 16);38;16
(1, 4, 5, 11, 13, 16);27;44
(1, 4, 5, 11, 14, 16);3;44
(1, 4, 5, 11, 15, 16);20;16
(1, 4, 5, 12, 13, 16);17;16
(1, 4, 5, 12, 14, 16);17;16
(1, 4, 5, 12, 15, 16);19;16
(1, 4, 5, 13, 14, 16);17;16
(1, 4, 5, 13, 15, 16);20;22
(1, 4, 5, 14, 15, 16);19;16
(1, 4, 6, 7, 8, 16);40;16
(1, 4, 6, 7, 9, 16);23;16
(1, 4, 6, 7, 10, 16);22;21
(1, 4, 6, 7, 11, 16);23;16
(1, 4, 6, 7, 12, 16);23;26
(1, 4, 6, 7, 13, 16);17;35
(1, 4, 6, 7, 14, 16);23;16
(1, 4, 6, 7, 15, 16);22;16
(1, 4, 6, 8, 9, 16);17;16
(1, 4, 6, 8, 10, 16);26;16
(1, 4, 6, 8, 11, 16);12;16
(1, 4, 6, 8, 12, 16);20;16
(1, 4, 6, 8, 13, 16);12;16
(1, 4, 6, 8, 14, 16);22;16
(1, 4, 6, 8, 15, 16);31;16
(1, 4, 6, 9, 10, 16);39;27
(1, 4, 6, 9, 11, 16);5;16
(1, 4, 6, 9, 12, 16);28;16
(1, 4, 6, 9, 13, 16);22;16
(1, 4, 6, 9, 14, 16);5;16
(1, 4, 6, 9, 15, 16);24;24
(1, 4, 6, 10, 11, 16);34;33
(1, 4, 6, 10, 12, 16);20;17
(1, 4, 6, 10, 13, 16);17;58
(1, 4, 6, 10, 14, 16);20;16
(1, 4, 6, 10, 15, 16);26;16
(1, 4, 6, 11, 12, 16);28;16
(1, 4, 6, 11, 13, 16);17;16
(1, 4, 6, 11, 14, 16);5;16
(1, 4, 6, 11, 15, 16);31;19
(1, 4, 6, 12, 13, 16);49;45
(1, 4, 6, 12, 14, 16);28;16
(1, 4, 6, 12, 15, 16);27;16
(1, 4, 6, 13, 14, 16);27;16
(1, 4, 6, 13, 15, 16);31;19
(1, 4, 6, 14, 15, 16);29;16
(1, 4, 7, 8, 9, 16);15;16
(1, 4, 7, 8, 10, 16);3;26
(1, 4, 7, 8, 11, 16);29;24
(1, 4, 7, 8, 12, 16);20;16
(1, 4, 7, 8, 13, 16);3;26
(1, 4, 7, 8, 14, 16);15;16
(1, 4, 7, 8, 15, 16);23;16
(1, 4, 7, 9, 10, 16);25;16
(1, 4, 7, 9, 11, 16);20;17
(1, 4, 7, 9, 12, 16);23;21
(1, 4, 7, 9, 13, 16);20;37
(1, 4, 7, 9, 14, 16);23;16
(1, 4, 7, 9, 15, 16);82;24
(1, 4, 7, 10, 11, 16);17;37
(1, 4, 7, 10, 12, 16);28;16
(1, 4, 7, 10, 13, 16);17;16
(1, 4, 7, 10, 14, 16);26;16
(1, 4, 7, 10, 15, 16);31;18
(1, 4, 7, 11, 12, 16);23;16
(1, 4, 7, 11, 13, 16);20;16
(1, 4, 7, 11, 14, 16);23;43
(1, 4, 7, 11, 15, 16);22;46
(1, 4, 7, 12, 13, 16);28;25
(1, 4, 7, 12, 14, 16);23;21
(1, 4, 7, 12, 15, 16);49;38
(1, 4, 7, 13, 14, 16);20;16
(1, 4, 7, 13, 15, 16);31;18
(1, 4, 7, 14, 15, 16);30;16
(1, 4, 8, 9, 10, 16);17;49
(1, 4, 8, 9, 11, 16);17;16
(1, 4, 8, 9, 12, 16);20;16
(1, 4, 8, 9, 13, 16);17;16
(1, 4, 8, 9, 14, 16);22;16
(1, 4, 8, 9, 15, 16);24;16
(1, 4, 8, 10, 11, 16);26;16
(1, 4, 8, 10, 12, 16);20;16
(1, 4, 8, 10, 13, 16);3;40
(1, 4, 8, 10, 14, 16);20;34
(1, 4, 8, 10, 15, 16);23;41
(1, 4, 8, 11, 12, 16);20;16
(1, 4, 8, 11, 13, 16);12;16
(1, 4, 8, 11, 14, 16);22;16
(1, 4, 8, 11, 15, 16);31;16
(1, 4, 8, 12, 13, 16);22;21
(1, 4, 8, 12, 14, 16);20;16
(1, 4, 8, 12, 15, 16);24;16
(1, 4, 8, 13, 14, 16);22;16
(1, 4, 8, 13, 15, 16);31;16
(1, 4, 8, 14, 15, 16);29;16
(1, 4, 9, 10, 11, 16);39;27
(1, 4, 9, 10, 12, 16);26;16
(1, 4, 9, 10, 13, 16);25;72
(1, 4, 9, 10, 14, 16);46;16
(1, 4, 9, 10, 15, 16);43;16
(1, 4, 9, 11, 12, 16);28;16
(1, 4, 9, 11, 13, 16);22;16
(1, 4, 9, 11, 14, 16);5;16
(1, 4, 9, 11, 15, 16);24;24
(1, 4, 9, 12, 13, 16);49;45
(1, 4, 9, 12, 14, 16);28;16
(1, 4, 9, 12, 15, 16);54;21
(1, 4, 9, 13, 14, 16);27;16
(1, 4, 9, 13, 15, 16);24;24
(1, 4, 9, 14, 15, 16);29;16
(1, 4, 10, 11, 12, 16);20;57
(1, 4, 10, 11, 13, 16);29;27
(1, 4, 10, 11, 14, 16);20;16
(1, 4, 10, 11, 15, 16);26;16
(1, 4, 10, 12, 13, 16);22;122
(1, 4, 10, 12, 14, 16);26;16
(1, 4, 10, 12, 15, 16);50;63
(1, 4, 10, 13, 14, 16);22;16
(1, 4, 10, 13, 15, 16);31;49
(1, 4, 10, 14, 15, 16);50;81
(1, 4, 11, 12, 13, 16);49;45
(1, 4, 11, 12, 14, 16);28;16
(1, 4, 11, 12, 15, 16);27;16
(1, 4, 11, 13, 14, 16);27;16
(1, 4, 11, 13, 15, 16);31;19
(1, 4, 11, 14, 15, 16);29;16
(1, 4, 12, 13, 14, 16);25;16
(1, 4, 12, 13, 15, 16);51;125
(1, 4, 12, 14, 15, 16);30;35
(1, 4, 13, 14, 15, 16);29;16
(1, 5, 6, 7, 8, 16);13;16
(1, 5, 6, 7, 9, 16);22;16
(1, 5, 6, 7, 10, 16);13;16
(1, 5, 6, 7, 11, 16);22;16
(1, 5, 6, 7, 12, 16);13;16
(1, 5, 6, 7, 13, 16);22;16
(1, 5, 6, 7, 14, 16);23;16
(1, 5, 6, 7, 15, 16);22;16
(1, 5, 6, 8, 9, 16);7;20
(1, 5, 6, 8, 10, 16);11;16
(1, 5, 6, 8, 11, 16);17;16
(1, 5, 6, 8, 12, 16);11;16
(1, 5, 6, 8, 13, 16);21;16
(1, 5, 6, 8, 14, 16);11;16
(1, 5, 6, 8, 15, 16);31;16
(1, 5, 6, 9, 10, 16);15;16
(1, 5, 6, 9, 11, 16);22;16
(1, 5, 6, 9, 12, 16);15;16
(1, 5, 6, 9, 13, 16);22;16
(1, 5, 6, 9, 14, 16);30;16
(1, 5, 6, 9, 15, 16);22;16
(1, 5, 6, 10, 11, 16);17;16
(1, 5, 6, 10, 12, 16);11;16
(1, 5, 6, 10, 13, 16);11;41
(1, 5, 6, 10, 14, 16);11;16
(1, 5, 6, 10, 15, 16);31;16
(1, 5, 6, 11, 12, 16);17;16
(1, 5, 6, 11, 13, 16);41;17
(1, 5, 6, 11, 14, 16);29;34
(1, 5, 6, 11, 15, 16);41;27
(1, 5, 6, 12, 13, 16);45;16
(1, 5, 6, 12, 14, 16);11;16
(1, 5, 6, 12, 15, 16);7;37
(1, 5, 6, 13, 14, 16);19;16
(1, 5, 6, 13, 15, 16);21;16
(1, 5, 6, 14, 15, 16);30;16
(1, 5, 7, 8, 9, 16);17;16
(1, 5, 7, 8, 10, 16);15;16
(1, 5, 7, 8, 11, 16);19;16
(1, 5, 7, 8, 12, 16);15;16
(1, 5, 7, 8, 13, 16);21;16
(1, 5, 7, 8, 14, 16);15;16
(1, 5, 7, 8, 15, 16);23;16
(1, 5, 7, 9, 10, 16);19;16
(1, 5, 7, 9, 11, 16);27;16
(1, 5, 7, 9, 12, 16);21;16
(1, 5, 7, 9, 13, 16);29;16
(1, 5, 7, 9, 14, 16);23;16
(1, 5, 7, 9, 15, 16);31;16
(1, 5, 7, 10, 11, 16);21;16
(1, 5, 7, 10, 12, 16);17;16
(1, 5, 7, 10, 13, 16);23;16
(1, 5, 7, 10, 14, 16);17;16
(1, 5, 7, 10, 15, 16);25;16
(1, 5, 7, 11, 12, 16);23;16
(1, 5, 7, 11, 13, 16);29;16
(1, 5, 7, 11, 14, 16);25;16
(1, 5, 7, 11, 15, 16);31;16
(1, 5, 7, 12, 13, 16);25;16
(1, 5, 7, 12, 14, 16);19;16
(1, 5, 7, 12, 15, 16);27;16
(1, 5, 7, 13, 14, 16);27;16
(1, 5, 7, 13, 15, 16);31;16
(1, 5, 7, 14, 15, 16);29;16
(1, 5, 8, 9, 10, 16);17;16
(1, 5, 8, 9, 11, 16);19;16
(1, 5, 8, 9, 12, 16);17;16
(1, 5, 8, 9, 13, 16);21;16
(1, 5, 8, 9, 14, 16);17;16
(1, 5, 8, 9, 15, 16);23;16
(1, 5, 8, 10, 11, 16);19;16
(1, 5, 8, 10, 12, 16);13;16
(1, 5, 8, 10, 13, 16);21;16
(1, 5, 8, 10, 14, 16);13;16
(1, 5, 8, 10, 15, 16);30;114
(1, 5, 8, 11, 12, 16);19;16
(1, 5, 8, 11, 13, 16);21;16
(1, 5, 8, 11, 14, 16);19;16
(1, 5, 8, 11, 15, 16);23;16
(1, 5, 8, 12, 13, 16);21;16
(1, 5, 8, 12, 14, 16);13;16
(1, 5, 8, 12, 15, 16);30;77
(1, 5, 8, 13, 14, 16);21;16
(1, 5, 8, 13, 15, 16);23;16
(1, 5, 8, 14, 15, 16);31;79
(1, 5, 9, 10, 11, 16);21;16
(1, 5, 9, 10, 12, 16);19;16
(1, 5, 9, 10, 13, 16);23;16
(1, 5, 9, 10, 14, 16);19;16
(1, 5, 9, 10, 15, 16);25;16
(1, 5, 9, 11, 12, 16);23;16
(1, 5, 9, 11, 13, 16);29;16
(1, 5, 9, 11, 14, 16);25;16
(1, 5, 9, 11, 15, 16);31;16
(1, 5, 9, 12, 13, 16);25;16
(1, 5, 9, 12, 14, 16);21;16
(1, 5, 9, 12, 15, 16);27;16
(1, 5, 9, 13, 14, 16);27;16
(1, 5, 9, 13, 15, 16);31;16
(1, 5, 9, 14, 15, 16);29;16
(1, 5, 10, 11, 12, 16);21;16
(1, 5, 10, 11, 13, 16);23;16
(1, 5, 10, 11, 14, 16);21;16
(1, 5, 10, 11, 15, 16);25;16
(1, 5, 10, 12, 13, 16);23;16
(1, 5, 10, 12, 14, 16);15;16
(1, 5, 10, 12, 15, 16);25;16
(1, 5, 10, 13, 14, 16);23;16
(1, 5, 10, 13, 15, 16);25;16
(1, 5, 10, 14, 15, 16);25;16
(1, 5, 11, 12, 13, 16);25;16
(1, 5, 11, 12, 14, 16);23;16
(1, 5, 11, 12, 15, 16);27;16
(1, 5, 11, 13, 14, 16);27;16
(1, 5, 11, 13, 15, 16);31;16
(1, 5, 11, 14, 15, 16);29;16
(1, 5, 12, 13, 14, 16);25;16
(1, 5, 12, 13, 15, 16);27;16
(1, 5, 12, 14, 15, 16);27;16
(1, 5, 13, 14, 15, 16);29;16
(1, 6, 7, 8, 9, 16);44;29
(1, 6, 7, 8, 10, 16);13;16
(1, 6, 7, 8, 11, 16);29;29
(1, 6, 7, 8, 12, 16);13;16
(1, 6, 7, 8, 13, 16);14;37
(1, 6, 7, 8, 14, 16);13;16
(1, 6, 7, 8, 15, 16);22;16
(1, 6, 7, 9, 10, 16);15;16
(1, 6, 7, 9, 11, 16);23;55
(1, 6, 7, 9, 12, 16);15;16
(1, 6, 7, 9, 13, 16);22;16
(1, 6, 7, 9, 14, 16);23;76
(1, 6, 7, 9, 15, 16);22;16
(1, 6, 7, 10, 11, 16);17;16
(1, 6, 7, 10, 12, 16);13;16
(1, 6, 7, 10, 13, 16);19;16
(1, 6, 7, 10, 14, 16);13;16
(1, 6, 7, 10, 15, 16);77;24
(1, 6, 7, 11, 12, 16);17;16
(1, 6, 7, 11, 13, 16);22;16
(1, 6, 7, 11, 14, 16);17;21
(1, 6, 7, 11, 15, 16);22;16
(1, 6, 7, 12, 13, 16);19;16
(1, 6, 7, 12, 14, 16);13;16
(1, 6, 7, 12, 15, 16);13;64
(1, 6, 7, 13, 14, 16);10;37
(1, 6, 7, 13, 15, 16);22;16
(1, 6, 7, 14, 15, 16);21;16
(1, 6, 8, 9, 10, 16);56;75
(1, 6, 8, 9, 11, 16);17;16
(1, 6, 8, 9, 12, 16);7;24
(1, 6, 8, 9, 13, 16);17;19
(1, 6, 8, 9, 14, 16);22;22
(1, 6, 8, 9, 15, 16);24;16
(1, 6, 8, 10, 11, 16);26;50
(1, 6, 8, 10, 12, 16);22;16
(1, 6, 8, 10, 13, 16);26;23
(1, 6, 8, 10, 14, 16);22;16
(1, 6, 8, 10, 15, 16);28;23
(1, 6, 8, 11, 12, 16);22;19
(1, 6, 8, 11, 13, 16);24;16
(1, 6, 8, 11, 14, 16);22;16
(1, 6, 8, 11, 15, 16);31;16
(1, 6, 8, 12, 13, 16);26;23
(1, 6, 8, 12, 14, 16);22;16
(1, 6, 8, 12, 15, 16);28;16
(1, 6, 8, 13, 14, 16);26;23
(1, 6, 8, 13, 15, 16);31;16
(1, 6, 8, 14, 15, 16);28;35
(1, 6, 9, 10, 11, 16);58;57
(1, 6, 9, 10, 12, 16);11;22
(1, 6, 9, 10, 13, 16);60;17
(1, 6, 9, 10, 14, 16);15;34
(1, 6, 9, 10, 15, 16);45;40
(1, 6, 9, 11, 12, 16);17;30
(1, 6, 9, 11, 13, 16);22;16
(1, 6, 9, 11, 14, 16);5;16
(1, 6, 9, 11, 15, 16);24;93
(1, 6, 9, 12, 13, 16);24;16
(1, 6, 9, 12, 14, 16);28;49
(1, 6, 9, 12, 15, 16);24;16
(1, 6, 9, 13, 14, 16);27;19
(1, 6, 9, 13, 15, 16);24;70
(1, 6, 9, 14, 15, 16);29;22
(1, 6, 10, 11, 12, 16);22;16
(1, 6, 10, 11, 13, 16);26;31
(1, 6, 10, 11, 14, 16);22;21
(1, 6, 10, 11, 15, 16);26;16
(1, 6, 10, 12, 13, 16);26;23
(1, 6, 10, 12, 14, 16);22;16
(1, 6, 10, 12, 15, 16);28;23
(1, 6, 10, 13, 14, 16);26;16
(1, 6, 10, 13, 15, 16);28;23
(1, 6, 10, 14, 15, 16);28;35
(1, 6, 11, 12, 13, 16);24;16
(1, 6, 11, 12, 14, 16);39;16
(1, 6, 11, 12, 15, 16);26;19
(1, 6, 11, 13, 14, 16);27;16
(1, 6, 11, 13, 15, 16);31;16
(1, 6, 11, 14, 15, 16);29;16
(1, 6, 12, 13, 14, 16);26;16
(1, 6, 12, 13, 15, 16);28;16
(1, 6, 12, 14, 15, 16);28;51
(1, 6, 13, 14, 15, 16);28;16
(1, 7, 8, 9, 10, 16);17;16
(1, 7, 8, 9, 11, 16);19;16
(1, 7, 8, 9, 12, 16);17;16
(1, 7, 8, 9, 13, 16);21;16
(1, 7, 8, 9, 14, 16);17;16
(1, 7, 8, 9, 15, 16);23;16
(1, 7, 8, 10, 11, 16);19;16
(1, 7, 8, 10, 12, 16);15;16
(1, 7, 8, 10, 13, 16);21;16
(1, 7, 8, 10, 14, 16);15;16
(1, 7, 8, 10, 15, 16);23;16
(1, 7, 8, 11, 12, 16);19;16
(1, 7, 8, 11, 13, 16);21;16
(1, 7, 8, 11, 14, 16);19;16
(1, 7, 8, 11, 15, 16);23;16
(1, 7, 8, 12, 13, 16);21;16
(1, 7, 8, 12, 14, 16);15;16
(1, 7, 8, 12, 15, 16);23;16
(1, 7, 8, 13, 14, 16);21;16
(1, 7, 8, 13, 15, 16);23;16
(1, 7, 8, 14, 15, 16);23;16
(1, 7, 9, 10, 11, 16);21;16
(1, 7, 9, 10, 12, 16);19;16
(1, 7, 9, 10, 13, 16);23;16
(1, 7, 9, 10, 14, 16);19;16
(1, 7, 9, 10, 15, 16);25;16
(1, 7, 9, 11, 12, 16);23;16
(1, 7, 9, 11, 13, 16);29;16
(1, 7, 9, 11, 14, 16);25;16
(1, 7, 9, 11, 15, 16);31;16
(1, 7, 9, 12, 13, 16);25;16
(1, 7, 9, 12, 14, 16);21;16
(1, 7, 9, 12, 15, 16);27;16
(1, 7, 9, 13, 14, 16);27;16
(1, 7, 9, 13, 15, 16);31;16
(1, 7, 9, 14, 15, 16);29;16
(1, 7, 10, 11, 12, 16);21;16
(1, 7, 10, 11, 13, 16);23;16
(1, 7, 10, 11, 14, 16);21;16
(1, 7, 10, 11, 15, 16);25;16
(1, 7, 10, 12, 13, 16);23;16
(1, 7, 10, 12, 14, 16);17;16
(1, 7, 10, 12, 15, 16);25;16
(1, 7, 10, 13, 14, 16);23;16
(1, 7, 10, 13, 15, 16);25;16
(1, 7, 10, 14, 15, 16);25;16
(1, 7, 11, 12, 13, 16);25;16
(1, 7, 11, 12, 14, 16);23;16
(1, 7, 11, 12, 15, 16);27;16
(1, 7, 11, 13, 14, 16);27;16
(1, 7, 11, 13, 15, 16);31;16
(1, 7, 11, 14, 15, 16);29;16
(1, 7, 12, 13, 14, 16);25;16
(1, 7, 12, 13, 15, 16);27;16
(1, 7, 12, 14, 15, 16);27;16
(1, 7, 13, 14, 15, 16);29;16
(1, 8, 9, 10, 11, 16);19;16
(1, 8, 9, 10, 12, 16);17;16
(1, 8, 9, 10, 13, 16);21;16
(1, 8, 9, 10, 14, 16);17;16
(1, 8, 9, 10, 15, 16);23;16
(1, 8, 9, 11, 12, 16);19;16
(1, 8, 9, 11, 13, 16);21;16
(1, 8, 9, 11, 14, 16);19;16
(1, 8, 9, 11, 15, 16);23;16
(1, 8, 9, 12, 13, 16);21;16
(1, 8, 9, 12, 14, 16);17;16
(1, 8, 9, 12, 15, 16);23;16
(1, 8, 9, 13, 14, 16);21;16
(1, 8, 9, 13, 15, 16);23;16
(1, 8, 9, 14, 15, 16);23;16
(1, 8, 10, 11, 12, 16);45;54
(1, 8, 10, 11, 13, 16);26;26
(1, 8, 10, 11, 14, 16);24;16
(1, 8, 10, 11, 15, 16);26;16
(1, 8, 10, 12, 13, 16);26;25
(1, 8, 10, 12, 14, 16);24;16
(1, 8, 10, 12, 15, 16);30;25
(1, 8, 10, 13, 14, 16);26;16
(1, 8, 10, 13, 15, 16);54;43
(1, 8, 10, 14, 15, 16);30;39
(1, 8, 11, 12, 13, 16);47;67
(1, 8, 11, 12, 14, 16);41;34
(1, 8, 11, 12, 15, 16);49;43
(1, 8, 11, 13, 14, 16);24;16
(1, 8, 11, 13, 15, 16);26;16
(1, 8, 11, 14, 15, 16);26;16
(1, 8, 12, 13, 14, 16);26;16
(1, 8, 12, 13, 15, 16);28;16
(1, 8, 12, 14, 15, 16);30;39
(1, 8, 13, 14, 15, 16);28;16
(1, 9, 10, 11, 12, 16);21;16
(1, 9, 10, 11, 13, 16);23;16
(1, 9, 10, 11, 14, 16);21;16
(1, 9, 10, 11, 15, 16);25;16
(1, 9, 10, 12, 13, 16);23;16
(1, 9, 10, 12, 14, 16);19;16
(1, 9, 10, 12, 15, 16);25;16
(1, 9, 10, 13, 14, 16);23;16
(1, 9, 10, 13, 15, 16);25;16
(1, 9, 10, 14, 15, 16);25;16
(1, 9, 11, 12, 13, 16);25;16
(1, 9, 11, 12, 14, 16);23;16
(1, 9, 11, 12, 15, 16);27;16
(1, 9, 11, 13, 14, 16);27;16
(1, 9, 11, 13, 15, 16);31;16
(1, 9, 11, 14, 15, 16);29;16
(1, 9, 12, 13, 14, 16);25;16
(1, 9, 12, 13, 15, 16);27;16
(1, 9, 12, 14, 15, 16);27;16
(1, 9, 13, 14, 15, 16);29;16
(1, 10, 11, 12, 13, 16);23;16
(1, 10, 11, 12, 14, 16);21;16
(1, 10, 11, 12, 15, 16);25;16
(1, 10, 11, 13, 14, 16);23;16
(1, 10, 11, 13, 15, 16);25;16
(1, 10, 11, 14, 15, 16);25;16
(1, 10, 12, 13, 14, 16);26;16
(1, 10, 12, 13, 15, 16);28;16
(1, 10, 12, 14, 15, 16);30;41
(1, 10, 13, 14, 15, 16);28;16
(1, 11, 12, 13, 14, 16);25;16
(1, 11, 12, 13, 15, 16);27;16
(1, 11, 12, 14, 15, 16);27;16
(1, 11, 13, 14, 15, 16);29;16
(1, 12, 13, 14, 15, 16);27;16
(2, 3, 4, 5, 6, 16);18;16
(2, 3, 4, 5, 7, 16);9;16
(2, 3, 4, 5, 8, 16);13;16
(2, 3, 4, 5, 9, 16);7;16
(2, 3, 4, 5, 10, 16);7;16
(2, 3, 4, 5, 11, 16);7;16
(2, 3, 4, 5, 12, 16);7;16
(2, 3, 4, 5, 13, 16);29;16
(2, 3, 4, 5, 14, 16);18;16
(2, 3, 4, 5, 15, 16);20;16
(2, 3, 4, 6, 7, 16);9;16
(2, 3, 4, 6, 8, 16);10;16
(2, 3, 4, 6, 9, 16);5;16
(2, 3, 4, 6, 10, 16);20;16
(2, 3, 4, 6, 11, 16);5;22
(2, 3, 4, 6, 12, 16);18;16
(2, 3, 4, 6, 13, 16);18;16
(2, 3, 4, 6, 14, 16);18;16
(2, 3, 4, 6, 15, 16);18;16
(2, 3, 4, 7, 8, 16);20;16
(2, 3, 4, 7, 9, 16);23;16
(2, 3, 4, 7, 10, 16);23;16
(2, 3, 4, 7, 11, 16);14;16
(2, 3, 4, 7, 12, 16);19;16
(2, 3, 4, 7, 13, 16);20;16
(2, 3, 4, 7, 14, 16);9;25
(2, 3, 4, 7, 15, 16);19;16
(2, 3, 4, 8, 9, 16);6;16
(2, 3, 4, 8, 10, 16);6;16
(2, 3, 4, 8, 11, 16);19;16
(2, 3, 4, 8, 12, 16);20;16
(2, 3, 4, 8, 13, 16);29;16
(2, 3, 4, 8, 14, 16);6;16
(2, 3, 4, 8, 15, 16);6;16
(2, 3, 4, 9, 10, 16);6;16
(2, 3, 4, 9, 11, 16);13;16
(2, 3, 4, 9, 12, 16);7;18
(2, 3, 4, 9, 13, 16);29;16
(2, 3, 4, 9, 14, 16);6;16
(2, 3, 4, 9, 15, 16);6;16
(2, 3, 4, 10, 11, 16);13;16
(2, 3, 4, 10, 12, 16);14;16
(2, 3, 4, 10, 13, 16);29;16
(2, 3, 4, 10, 14, 16);6;16
(2, 3, 4, 10, 15, 16);6;16
(2, 3, 4, 11, 12, 16);14;16
(2, 3, 4, 11, 13, 16);6;25
(2, 3, 4, 11, 14, 16);25;16
(2, 3, 4, 11, 15, 16);13;16
(2, 3, 4, 12, 13, 16);40;16
(2, 3, 4, 12, 14, 16);24;16
(2, 3, 4, 12, 15, 16);38;16
(2, 3, 4, 13, 14, 16);29;16
(2, 3, 4, 13, 15, 16);29;16
(2, 3, 4, 14, 15, 16);6;16
(2, 3, 5, 6, 7, 16);9;16
(2, 3, 5, 6, 8, 16);10;16
(2, 3, 5, 6, 9, 16);19;38
(2, 3, 5, 6, 10, 16);20;16
(2, 3, 5, 6, 11, 16);39;24
(2, 3, 5, 6, 12, 16);18;16
(2, 3, 5, 6, 13, 16);18;16
(2, 3, 5, 6, 14, 16);18;16
(2, 3, 5, 6, 15, 16);18;16
(2, 3, 5, 7, 8, 16);10;16
(2, 3, 5, 7, 9, 16);11;16
(2, 3, 5, 7, 10, 16);21;16
(2, 3, 5, 7, 11, 16);9;16
(2, 3, 5, 7, 12, 16);9;16
(2, 3, 5, 7, 13, 16);9;16
(2, 3, 5, 7, 14, 16);9;16
(2, 3, 5, 7, 15, 16);9;16
(2, 3, 5, 8, 9, 16);28;35
(2, 3, 5, 8, 10, 16);13;16
(2, 3, 5, 8, 11, 16);13;16
(2, 3, 5, 8, 12, 16);28;22
(2, 3, 5, 8, 13, 16);39;24
(2, 3, 5, 8, 14, 16);28;50
(2, 3, 5, 8, 15, 16);24;35
(2, 3, 5, 9, 10, 16);7;16
(2, 3, 5, 9, 11, 16);7;16
(2, 3, 5, 9, 12, 16);7;16
(2, 3, 5, 9, 13, 16);18;16
(2, 3, 5, 9, 14, 16);18;16
(2, 3, 5, 9, 15, 16);18;16
(2, 3, 5, 10, 11, 16);7;16
(2, 3, 5, 10, 12, 16);7;16
(2, 3, 5, 10, 13, 16);26;16
(2, 3, 5, 10, 14, 16);19;16
(2, 3, 5, 10, 15, 16);40;16
(2, 3, 5, 11, 12, 16);7;16
(2, 3, 5, 11, 13, 16);29;16
(2, 3, 5, 11, 14, 16);38;33
(2, 3, 5, 11, 15, 16);20;16
(2, 3, 5, 12, 13, 16);29;44
(2, 3, 5, 12, 14, 16);43;20
(2, 3, 5, 12, 15, 16);31;76
(2, 3, 5, 13, 14, 16);18;16
(2, 3, 5, 13, 15, 16);18;16
(2, 3, 5, 14, 15, 16);18;16
(2, 3, 6, 7, 8, 16);14;16
(2, 3, 6, 7, 9, 16);5;113
(2, 3, 6, 7, 10, 16);13;16
(2, 3, 6, 7, 11, 16);9;16
(2, 3, 6, 7, 12, 16);9;16
(2, 3, 6, 7, 13, 16);19;16
(2, 3, 6, 7, 14, 16);30;29
(2, 3, 6, 7, 15, 16);9;16
(2, 3, 6, 8, 9, 16);22;91
(2, 3, 6, 8, 10, 16);36;16
(2, 3, 6, 8, 11, 16);14;16
(2, 3, 6, 8, 12, 16);14;16
(2, 3, 6, 8, 13, 16);19;16
(2, 3, 6, 8, 14, 16);22;37
(2, 3, 6, 8, 15, 16);23;16
(2, 3, 6, 9, 10, 16);44;16
(2, 3, 6, 9, 11, 16);5;20
(2, 3, 6, 9, 12, 16);15;119
(2, 3, 6, 9, 13, 16);19;16
(2, 3, 6, 9, 14, 16);5;46
(2, 3, 6, 9, 15, 16);60;35
(2, 3, 6, 10, 11, 16);13;16
(2, 3, 6, 10, 12, 16);22;16
(2, 3, 6, 10, 13, 16);132;131
(2, 3, 6, 10, 14, 16);30;16
(2, 3, 6, 10, 15, 16);13;16
(2, 3, 6, 11, 12, 16);9;16
(2, 3, 6, 11, 13, 16);19;37
(2, 3, 6, 11, 14, 16);30;29
(2, 3, 6, 11, 15, 16);9;16
(2, 3, 6, 12, 13, 16);19;16
(2, 3, 6, 12, 14, 16);18;58
(2, 3, 6, 12, 15, 16);9;16
(2, 3, 6, 13, 14, 16);74;123
(2, 3, 6, 13, 15, 16);9;32
(2, 3, 6, 14, 15, 16);30;29
(2, 3, 7, 8, 9, 16);23;16
(2, 3, 7, 8, 10, 16);18;23
(2, 3, 7, 8, 11, 16);19;16
(2, 3, 7, 8, 12, 16);24;16
(2, 3, 7, 8, 13, 16);29;16
(2, 3, 7, 8, 14, 16);78;21
(2, 3, 7, 8, 15, 16);23;16
(2, 3, 7, 9, 10, 16);18;16
(2, 3, 7, 9, 11, 16);18;16
(2, 3, 7, 9, 12, 16);43;21
(2, 3, 7, 9, 13, 16);25;57
(2, 3, 7, 9, 14, 16);23;16
(2, 3, 7, 9, 15, 16);18;28
(2, 3, 7, 10, 11, 16);13;25
(2, 3, 7, 10, 12, 16);33;16
(2, 3, 7, 10, 13, 16);43;55
(2, 3, 7, 10, 14, 16);23;31
(2, 3, 7, 10, 15, 16);13;27
(2, 3, 7, 11, 12, 16);14;16
(2, 3, 7, 11, 13, 16);24;16
(2, 3, 7, 11, 14, 16);45;43
(2, 3, 7, 11, 15, 16);18;16
(2, 3, 7, 12, 13, 16);29;16
(2, 3, 7, 12, 14, 16);28;16
(2, 3, 7, 12, 15, 16);9;44
(2, 3, 7, 13, 14, 16);28;33
(2, 3, 7, 13, 15, 16);28;16
(2, 3, 7, 14, 15, 16);23;16
(2, 3, 8, 9, 10, 16);18;16
(2, 3, 8, 9, 11, 16);18;16
(2, 3, 8, 9, 12, 16);24;16
(2, 3, 8, 9, 13, 16);29;16
(2, 3, 8, 9, 14, 16);6;20
(2, 3, 8, 9, 15, 16);6;20
(2, 3, 8, 10, 11, 16);18;68
(2, 3, 8, 10, 12, 16);19;16
(2, 3, 8, 10, 13, 16);29;49
(2, 3, 8, 10, 14, 16);6;20
(2, 3, 8, 10, 15, 16);18;16
(2, 3, 8, 11, 12, 16);19;16
(2, 3, 8, 11, 13, 16);24;16
(2, 3, 8, 11, 14, 16);47;154
(2, 3, 8, 11, 15, 16);23;16
(2, 3, 8, 12, 13, 16);29;16
(2, 3, 8, 12, 14, 16);28;33
(2, 3, 8, 12, 15, 16);23;40
(2, 3, 8, 13, 14, 16);28;26
(2, 3, 8, 13, 15, 16);28;61
(2, 3, 8, 14, 15, 16);6;62
(2, 3, 9, 10, 11, 16);13;16
(2, 3, 9, 10, 12, 16);19;16
(2, 3, 9, 10, 13, 16);19;50
(2, 3, 9, 10, 14, 16);6;36
(2, 3, 9, 10, 15, 16);6;16
(2, 3, 9, 11, 12, 16);19;16
(2, 3, 9, 11, 13, 16);42;123
(2, 3, 9, 11, 14, 16);5;22
(2, 3, 9, 11, 15, 16);18;18
(2, 3, 9, 12, 13, 16);25;16
(2, 3, 9, 12, 14, 16);28;61
(2, 3, 9, 12, 15, 16);168;189
(2, 3, 9, 13, 14, 16);29;16
(2, 3, 9, 13, 15, 16);29;16
(2, 3, 9, 14, 15, 16);6;20
(2, 3, 10, 11, 12, 16);14;16
(2, 3, 10, 11, 13, 16);86;55
(2, 3, 10, 11, 14, 16);25;16
(2, 3, 10, 11, 15, 16);13;16
(2, 3, 10, 12, 13, 16);43;63
(2, 3, 10, 12, 14, 16);23;23
(2, 3, 10, 12, 15, 16);22;27
(2, 3, 10, 13, 14, 16);29;43
(2, 3, 10, 13, 15, 16);29;35
(2, 3, 10, 14, 15, 16);6;36
(2, 3, 11, 12, 13, 16);24;16
(2, 3, 11, 12, 14, 16);50;19
(2, 3, 11, 12, 15, 16);9;18
(2, 3, 11, 13, 14, 16);52;29
(2, 3, 11, 13, 15, 16);28;16
(2, 3, 11, 14, 15, 16);87;34
(2, 3, 12, 13, 14, 16);28;38
(2, 3, 12, 13, 15, 16);28;16
(2, 3, 12, 14, 15, 16);28;27
(2, 3, 13, 14, 15, 16);28;54
(2, 4, 5, 6, 7, 16);9;16
(2, 4, 5, 6, 8, 16);10;16
(2, 4, 5, 6, 9, 16);18;16
(2, 4, 5, 6, 10, 16);20;16
(2, 4, 5, 6, 11, 16);10;20
(2, 4, 5, 6, 12, 16);18;16
(2, 4, 5, 6, 13, 16);18;16
(2, 4, 5, 6, 14, 16);18;16
(2, 4, 5, 6, 15, 16);18;16
(2, 4, 5, 7, 8, 16);10;16
(2, 4, 5, 7, 9, 16);11;16
(2, 4, 5, 7, 10, 16);3;16
(2, 4, 5, 7, 11, 16);9;16
(2, 4, 5, 7, 12, 16);9;16
(2, 4, 5, 7, 13, 16);9;16
(2, 4, 5, 7, 14, 16);9;16
(2, 4, 5, 7, 15, 16);9;16
(2, 4, 5, 8, 9, 16);13;16
(2, 4, 5, 8, 10, 16);13;16
(2, 4, 5, 8, 11, 16);32;16
(2, 4, 5, 8, 12, 16);20;16
(2, 4, 5, 8, 13, 16);3;21
(2, 4, 5, 8, 14, 16);30;16
(2, 4, 5, 8, 15, 16);30;16
(2, 4, 5, 9, 10, 16);7;16
(2, 4, 5, 9, 11, 16);7;16
(2, 4, 5, 9, 12, 16);7;16
(2, 4, 5, 9, 13, 16);25;16
(2, 4, 5, 9, 14, 16);18;16
(2, 4, 5, 9, 15, 16);20;16
(2, 4, 5, 10, 11, 16);7;16
(2, 4, 5, 10, 12, 16);7;16
(2, 4, 5, 10, 13, 16);29;16
(2, 4, 5, 10, 14, 16);19;16
(2, 4, 5, 10, 15, 16);20;16
(2, 4, 5, 11, 12, 16);7;16
(2, 4, 5, 11, 13, 16);39;16
(2, 4, 5, 11, 14, 16);19;56
(2, 4, 5, 11, 15, 16);20;16
(2, 4, 5, 12, 13, 16);25;16
(2, 4, 5, 12, 14, 16);18;20
(2, 4, 5, 12, 15, 16);27;16
(2, 4, 5, 13, 14, 16);18;16
(2, 4, 5, 13, 15, 16);18;16
(2, 4, 5, 14, 15, 16);18;16
(2, 4, 6, 7, 8, 16);10;16
(2, 4, 6, 7, 9, 16);11;16
(2, 4, 6, 7, 10, 16);20;16
(2, 4, 6, 7, 11, 16);9;16
(2, 4, 6, 7, 12, 16);9;16
(2, 4, 6, 7, 13, 16);9;16
(2, 4, 6, 7, 14, 16);9;16
(2, 4, 6, 7, 15, 16);9;16
(2, 4, 6, 8, 9, 16);11;16
(2, 4, 6, 8, 10, 16);12;16
(2, 4, 6, 8, 11, 16);10;16
(2, 4, 6, 8, 12, 16);10;16
(2, 4, 6, 8, 13, 16);10;16
(2, 4, 6, 8, 14, 16);10;16
(2, 4, 6, 8, 15, 16);10;16
(2, 4, 6, 9, 10, 16);20;16
(2, 4, 6, 9, 11, 16);18;16
(2, 4, 6, 9, 12, 16);18;16
(2, 4, 6, 9, 13, 16);18;16
(2, 4, 6, 9, 14, 16);18;16
(2, 4, 6, 9, 15, 16);29;16
(2, 4, 6, 10, 11, 16);21;16
(2, 4, 6, 10, 12, 16);22;16
(2, 4, 6, 10, 13, 16);20;22
(2, 4, 6, 10, 14, 16);20;16
(2, 4, 6, 10, 15, 16);20;16
(2, 4, 6, 11, 12, 16);18;22
(2, 4, 6, 11, 13, 16);15;22
(2, 4, 6, 11, 14, 16);18;20
(2, 4, 6, 11, 15, 16);30;16
(2, 4, 6, 12, 13, 16);18;16
(2, 4, 6, 12, 14, 16);18;16
(2, 4, 6, 12, 15, 16);18;16
(2, 4, 6, 13, 14, 16);18;16
(2, 4, 6, 13, 15, 16);18;16
(2, 4, 6, 14, 15, 16);18;16
(2, 4, 7, 8, 9, 16);23;16
(2, 4, 7, 8, 10, 16);3;16
(2, 4, 7, 8, 11, 16);3;17
(2, 4, 7, 8, 12, 16);20;16
(2, 4, 7, 8, 13, 16);20;16
(2, 4, 7, 8, 14, 16);3;32
(2, 4, 7, 8, 15, 16);23;16
(2, 4, 7, 9, 10, 16);23;16
(2, 4, 7, 9, 11, 16);32;16
(2, 4, 7, 9, 12, 16);38;16
(2, 4, 7, 9, 13, 16);25;25
(2, 4, 7, 9, 14, 16);23;16
(2, 4, 7, 9, 15, 16);23;16
(2, 4, 7, 10, 11, 16);14;16
(2, 4, 7, 10, 12, 16);14;16
(2, 4, 7, 10, 13, 16);3;16
(2, 4, 7, 10, 14, 16);3;20
(2, 4, 7, 10, 15, 16);17;20
(2, 4, 7, 11, 12, 16);23;16
(2, 4, 7, 11, 13, 16);3;17
(2, 4, 7, 11, 14, 16);18;16
(2, 4, 7, 11, 15, 16);27;16
(2, 4, 7, 12, 13, 16);14;17
(2, 4, 7, 12, 14, 16);24;69
(2, 4, 7, 12, 15, 16);19;16
(2, 4, 7, 13, 14, 16);3;20
(2, 4, 7, 13, 15, 16);17;20
(2, 4, 7, 14, 15, 16);29;16
(2, 4, 8, 9, 10, 16);6;16
(2, 4, 8, 9, 11, 16);19;16
(2, 4, 8, 9, 12, 16);20;16
(2, 4, 8, 9, 13, 16);29;16
(2, 4, 8, 9, 14, 16);6;16
(2, 4, 8, 9, 15, 16);6;16
(2, 4, 8, 10, 11, 16);19;16
(2, 4, 8, 10, 12, 16);20;16
(2, 4, 8, 10, 13, 16);3;20
(2, 4, 8, 10, 14, 16);6;16
(2, 4, 8, 10, 15, 16);6;16
(2, 4, 8, 11, 12, 16);20;16
(2, 4, 8, 11, 13, 16);3;23
(2, 4, 8, 11, 14, 16);25;16
(2, 4, 8, 11, 15, 16);19;16
(2, 4, 8, 12, 13, 16);20;23
(2, 4, 8, 12, 14, 16);24;16
(2, 4, 8, 12, 15, 16);44;16
(2, 4, 8, 13, 14, 16);3;26
(2, 4, 8, 13, 15, 16);29;16
(2, 4, 8, 14, 15, 16);6;16
(2, 4, 9, 10, 11, 16);13;16
(2, 4, 9, 10, 12, 16);7;18
(2, 4, 9, 10, 13, 16);29;16
(2, 4, 9, 10, 14, 16);6;16
(2, 4, 9, 10, 15, 16);6;16
(2, 4, 9, 11, 12, 16);7;18
(2, 4, 9, 11, 13, 16);18;31
(2, 4, 9, 11, 14, 16);25;16
(2, 4, 9, 11, 15, 16);13;16
(2, 4, 9, 12, 13, 16);25;31
(2, 4, 9, 12, 14, 16);24;16
(2, 4, 9, 12, 15, 16);27;83
(2, 4, 9, 13, 14, 16);29;16
(2, 4, 9, 13, 15, 16);29;16
(2, 4, 9, 14, 15, 16);6;16
(2, 4, 10, 11, 12, 16);14;16
(2, 4, 10, 11, 13, 16);3;23
(2, 4, 10, 11, 14, 16);25;16
(2, 4, 10, 11, 15, 16);13;16
(2, 4, 10, 12, 13, 16);14;46
(2, 4, 10, 12, 14, 16);24;16
(2, 4, 10, 12, 15, 16);14;24
(2, 4, 10, 13, 14, 16);3;26
(2, 4, 10, 13, 15, 16);29;16
(2, 4, 10, 14, 15, 16);6;16
(2, 4, 11, 12, 13, 16);61;59
(2, 4, 11, 12, 14, 16);24;16
(2, 4, 11, 12, 15, 16);27;16
(2, 4, 11, 13, 14, 16);24;16
(2, 4, 11, 13, 15, 16);24;16
(2, 4, 11, 14, 15, 16);25;16
(2, 4, 12, 13, 14, 16);24;16
(2, 4, 12, 13, 15, 16);24;16
(2, 4, 12, 14, 15, 16);24;16
(2, 4, 13, 14, 15, 16);29;16
(2, 5, 6, 7, 8, 16);23;16
(2, 5, 6, 7, 9, 16);37;19
(2, 5, 6, 7, 10, 16);44;16
(2, 5, 6, 7, 11, 16);22;16
(2, 5, 6, 7, 12, 16);14;16
(2, 5, 6, 7, 13, 16);23;37
(2, 5, 6, 7, 14, 16);21;16
(2, 5, 6, 7, 15, 16);21;16
(2, 5, 6, 8, 9, 16);14;16
(2, 5, 6, 8, 10, 16);18;44
(2, 5, 6, 8, 11, 16);49;42
(2, 5, 6, 8, 12, 16);14;16
(2, 5, 6, 8, 13, 16);7;17
(2, 5, 6, 8, 14, 16);10;36
(2, 5, 6, 8, 15, 16);7;16
(2, 5, 6, 9, 10, 16);26;16
(2, 5, 6, 9, 11, 16);56;17
(2, 5, 6, 9, 12, 16);18;16
(2, 5, 6, 9, 13, 16);11;16
(2, 5, 6, 9, 14, 16);30;16
(2, 5, 6, 9, 15, 16);21;63
(2, 5, 6, 10, 11, 16);21;16
(2, 5, 6, 10, 12, 16);22;16
(2, 5, 6, 10, 13, 16);26;16
(2, 5, 6, 10, 14, 16);30;16
(2, 5, 6, 10, 15, 16);95;175
(2, 5, 6, 11, 12, 16);69;41
(2, 5, 6, 11, 13, 16);61;22
(2, 5, 6, 11, 14, 16);21;120
(2, 5, 6, 11, 15, 16);73;79
(2, 5, 6, 12, 13, 16);18;16
(2, 5, 6, 12, 14, 16);18;55
(2, 5, 6, 12, 15, 16);21;16
(2, 5, 6, 13, 14, 16);30;16
(2, 5, 6, 13, 15, 16);29;55
(2, 5, 6, 14, 15, 16);29;26
(2, 5, 7, 8, 9, 16);14;16
(2, 5, 7, 8, 10, 16);3;19
(2, 5, 7, 8, 11, 16);23;16
(2, 5, 7, 8, 12, 16);23;21
(2, 5, 7, 8, 13, 16);3;19
(2, 5, 7, 8, 14, 16);41;16
(2, 5, 7, 8, 15, 16);23;16
(2, 5, 7, 9, 10, 16);29;78
(2, 5, 7, 9, 11, 16);18;22
(2, 5, 7, 9, 12, 16);14;16
(2, 5, 7, 9, 13, 16);40;36
(2, 5, 7, 9, 14, 16);11;98
(2, 5, 7, 9, 15, 16);18;26
(2, 5, 7, 10, 11, 16);3;21
(2, 5, 7, 10, 12, 16);32;16
(2, 5, 7, 10, 13, 16);3;26
(2, 5, 7, 10, 14, 16);3;56
(2, 5, 7, 10, 15, 16);21;37
(2, 5, 7, 11, 12, 16);27;39
(2, 5, 7, 11, 13, 16);18;16
(2, 5, 7, 11, 14, 16);40;17
(2, 5, 7, 11, 15, 16);31;16
(2, 5, 7, 12, 13, 16);9;45
(2, 5, 7, 12, 14, 16);51;31
(2, 5, 7, 12, 15, 16);37;32
(2, 5, 7, 13, 14, 16);3;24
(2, 5, 7, 13, 15, 16);9;80
(2, 5, 7, 14, 15, 16);30;16
(2, 5, 8, 9, 10, 16);18;16
(2, 5, 8, 9, 11, 16);27;16
(2, 5, 8, 9, 12, 16);24;16
(2, 5, 8, 9, 13, 16);21;16
(2, 5, 8, 9, 14, 16);50;24
(2, 5, 8, 9, 15, 16);24;16
(2, 5, 8, 10, 11, 16);39;50
(2, 5, 8, 10, 12, 16);18;16
(2, 5, 8, 10, 13, 16);18;16
(2, 5, 8, 10, 14, 16);19;41
(2, 5, 8, 10, 15, 16);13;33
(2, 5, 8, 11, 12, 16);27;16
(2, 5, 8, 11, 13, 16);89;65
(2, 5, 8, 11, 14, 16);49;16
(2, 5, 8, 11, 15, 16);27;81
(2, 5, 8, 12, 13, 16);21;39
(2, 5, 8, 12, 14, 16);28;34
(2, 5, 8, 12, 15, 16);24;20
(2, 5, 8, 13, 14, 16);98;54
(2, 5, 8, 13, 15, 16);7;61
(2, 5, 8, 14, 15, 16);28;53
(2, 5, 9, 10, 11, 16);21;16
(2, 5, 9, 10, 12, 16);7;17
(2, 5, 9, 10, 13, 16);26;28
(2, 5, 9, 10, 14, 16);19;91
(2, 5, 9, 10, 15, 16);70;237
(2, 5, 9, 11, 12, 16);7;27
(2, 5, 9, 11, 13, 16);68;19
(2, 5, 9, 11, 14, 16);25;16
(2, 5, 9, 11, 15, 16);27;16
(2, 5, 9, 12, 13, 16);25;16
(2, 5, 9, 12, 14, 16);54;20
(2, 5, 9, 12, 15, 16);31;16
(2, 5, 9, 13, 14, 16);47;21
(2, 5, 9, 13, 15, 16);28;16
(2, 5, 9, 14, 15, 16);28;16
(2, 5, 10, 11, 12, 16);21;16
(2, 5, 10, 11, 13, 16);43;110
(2, 5, 10, 11, 14, 16);25;16
(2, 5, 10, 11, 15, 16);21;46
(2, 5, 10, 12, 13, 16);22;28
(2, 5, 10, 12, 14, 16);25;20
(2, 5, 10, 12, 15, 16);70;84
(2, 5, 10, 13, 14, 16);3;43
(2, 5, 10, 13, 15, 16);25;19
(2, 5, 10, 14, 15, 16);25;16
(2, 5, 11, 12, 13, 16);46;19
(2, 5, 11, 12, 14, 16);25;20
(2, 5, 11, 12, 15, 16);27;16
(2, 5, 11, 13, 14, 16);25;16
(2, 5, 11, 13, 15, 16);25;19
(2, 5, 11, 14, 15, 16);25;41
(2, 5, 12, 13, 14, 16);54;20
(2, 5, 12, 13, 15, 16);28;16
(2, 5, 12, 14, 15, 16);28;16
(2, 5, 13, 14, 15, 16);28;16
(2, 6, 7, 8, 9, 16);43;16
(2, 6, 7, 8, 10, 16);18;16
(2, 6, 7, 8, 11, 16);14;18
(2, 6, 7, 8, 12, 16);14;16
(2, 6, 7, 8, 13, 16);19;45
(2, 6, 7, 8, 14, 16);22;16
(2, 6, 7, 8, 15, 16);23;20
(2, 6, 7, 9, 10, 16);18;16
(2, 6, 7, 9, 11, 16);18;16
(2, 6, 7, 9, 12, 16);18;16
(2, 6, 7, 9, 13, 16);37;29
(2, 6, 7, 9, 14, 16);22;16
(2, 6, 7, 9, 15, 16);79;127
(2, 6, 7, 10, 11, 16);26;16
(2, 6, 7, 10, 12, 16);22;16
(2, 6, 7, 10, 13, 16);23;16
(2, 6, 7, 10, 14, 16);30;16
(2, 6, 7, 10, 15, 16);26;16
(2, 6, 7, 11, 12, 16);18;16
(2, 6, 7, 11, 13, 16);45;16
(2, 6, 7, 11, 14, 16);30;16
(2, 6, 7, 11, 15, 16);22;16
(2, 6, 7, 12, 13, 16);19;122
(2, 6, 7, 12, 14, 16);26;16
(2, 6, 7, 12, 15, 16);9;16
(2, 6, 7, 13, 14, 16);50;136
(2, 6, 7, 13, 15, 16);48;35
(2, 6, 7, 14, 15, 16);30;16
(2, 6, 8, 9, 10, 16);18;16
(2, 6, 8, 9, 11, 16);18;16
(2, 6, 8, 9, 12, 16);14;17
(2, 6, 8, 9, 13, 16);7;21
(2, 6, 8, 9, 14, 16);22;16
(2, 6, 8, 9, 15, 16);7;73
(2, 6, 8, 10, 11, 16);18;16
(2, 6, 8, 10, 12, 16);18;16
(2, 6, 8, 10, 13, 16);18;19
(2, 6, 8, 10, 14, 16);22;16
(2, 6, 8, 10, 15, 16);18;20
(2, 6, 8, 11, 12, 16);14;18
(2, 6, 8, 11, 13, 16);40;16
(2, 6, 8, 11, 14, 16);22;16
(2, 6, 8, 11, 15, 16);23;20
(2, 6, 8, 12, 13, 16);7;21
(2, 6, 8, 12, 14, 16);22;16
(2, 6, 8, 12, 15, 16);23;20
(2, 6, 8, 13, 14, 16);22;16
(2, 6, 8, 13, 15, 16);22;16
(2, 6, 8, 14, 15, 16);22;16
(2, 6, 9, 10, 11, 16);22;16
(2, 6, 9, 10, 12, 16);22;16
(2, 6, 9, 10, 13, 16);26;16
(2, 6, 9, 10, 14, 16);30;16
(2, 6, 9, 10, 15, 16);25;16
(2, 6, 9, 11, 12, 16);18;16
(2, 6, 9, 11, 13, 16);22;16
(2, 6, 9, 11, 14, 16);48;16
(2, 6, 9, 11, 15, 16);43;24
(2, 6, 9, 12, 13, 16);18;16
(2, 6, 9, 12, 14, 16);26;16
(2, 6, 9, 12, 15, 16);21;78
(2, 6, 9, 13, 14, 16);30;16
(2, 6, 9, 13, 15, 16);51;16
(2, 6, 9, 14, 15, 16);25;68
(2, 6, 10, 11, 12, 16);22;16
(2, 6, 10, 11, 13, 16);49;35
(2, 6, 10, 11, 14, 16);30;16
(2, 6, 10, 11, 15, 16);26;16
(2, 6, 10, 12, 13, 16);22;25
(2, 6, 10, 12, 14, 16);26;16
(2, 6, 10, 12, 15, 16);22;26
(2, 6, 10, 13, 14, 16);30;16
(2, 6, 10, 13, 15, 16);55;16
(2, 6, 10, 14, 15, 16);30;16
(2, 6, 11, 12, 13, 16);22;25
(2, 6, 11, 12, 14, 16);26;16
(2, 6, 11, 12, 15, 16);9;26
(2, 6, 11, 13, 14, 16);26;16
(2, 6, 11, 13, 15, 16);26;16
(2, 6, 11, 14, 15, 16);30;16
(2, 6, 12, 13, 14, 16);26;16
(2, 6, 12, 13, 15, 16);26;16
(2, 6, 12, 14, 15, 16);26;16
(2, 6, 13, 14, 15, 16);29;16
(2, 7, 8, 9, 10, 16);18;16
(2, 7, 8, 9, 11, 16);18;16
(2, 7, 8, 9, 12, 16);14;17
(2, 7, 8, 9, 13, 16);25;25
(2, 7, 8, 9, 14, 16);22;16
(2, 7, 8, 9, 15, 16);23;37
(2, 7, 8, 10, 11, 16);18;16
(2, 7, 8, 10, 12, 16);18;16
(2, 7, 8, 10, 13, 16);3;48
(2, 7, 8, 10, 14, 16);22;16
(2, 7, 8, 10, 15, 16);18;20
(2, 7, 8, 11, 12, 16);19;18
(2, 7, 8, 11, 13, 16);3;30
(2, 7, 8, 11, 14, 16);72;16
(2, 7, 8, 11, 15, 16);23;16
(2, 7, 8, 12, 13, 16);29;23
(2, 7, 8, 12, 14, 16);28;16
(2, 7, 8, 12, 15, 16);23;16
(2, 7, 8, 13, 14, 16);3;36
(2, 7, 8, 13, 15, 16);49;39
(2, 7, 8, 14, 15, 16);72;18
(2, 7, 9, 10, 11, 16);18;16
(2, 7, 9, 10, 12, 16);18;16
(2, 7, 9, 10, 13, 16);41;19
(2, 7, 9, 10, 14, 16);22;16
(2, 7, 9, 10, 15, 16);61;50
(2, 7, 9, 11, 12, 16);18;16
(2, 7, 9, 11, 13, 16);59;21
(2, 7, 9, 11, 14, 16);22;16
(2, 7, 9, 11, 15, 16);18;50
(2, 7, 9, 12, 13, 16);47;68
(2, 7, 9, 12, 14, 16);22;16
(2, 7, 9, 12, 15, 16);14;86
(2, 7, 9, 13, 14, 16);22;16
(2, 7, 9, 13, 15, 16);22;16
(2, 7, 9, 14, 15, 16);22;16
(2, 7, 10, 11, 12, 16);22;16
(2, 7, 10, 11, 13, 16);23;16
(2, 7, 10, 11, 14, 16);30;16
(2, 7, 10, 11, 15, 16);26;16
(2, 7, 10, 12, 13, 16);23;16
(2, 7, 10, 12, 14, 16);26;16
(2, 7, 10, 12, 15, 16);22;16
(2, 7, 10, 13, 14, 16);27;26
(2, 7, 10, 13, 15, 16);26;25
(2, 7, 10, 14, 15, 16);30;16
(2, 7, 11, 12, 13, 16);47;16
(2, 7, 11, 12, 14, 16);27;23
(2, 7, 11, 12, 15, 16);27;16
(2, 7, 11, 13, 14, 16);27;16
(2, 7, 11, 13, 15, 16);27;24
(2, 7, 11, 14, 15, 16);30;29
(2, 7, 12, 13, 14, 16);27;23
(2, 7, 12, 13, 15, 16);27;24
(2, 7, 12, 14, 15, 16);27;16
(2, 7, 13, 14, 15, 16);27;16
(2, 8, 9, 10, 11, 16);18;16
(2, 8, 9, 10, 12, 16);18;16
(2, 8, 9, 10, 13, 16);18;19
(2, 8, 9, 10, 14, 16);22;16
(2, 8, 9, 10, 15, 16);18;46
(2, 8, 9, 11, 12, 16);18;16
(2, 8, 9, 11, 13, 16);65;77
(2, 8, 9, 11, 14, 16);22;16
(2, 8, 9, 11, 15, 16);58;138
(2, 8, 9, 12, 13, 16);21;21
(2, 8, 9, 12, 14, 16);28;16
(2, 8, 9, 12, 15, 16);24;24
(2, 8, 9, 13, 14, 16);72;16
(2, 8, 9, 13, 15, 16);29;48
(2, 8, 9, 14, 15, 16);6;48
(2, 8, 10, 11, 12, 16);18;16
(2, 8, 10, 11, 13, 16);40;16
(2, 8, 10, 11, 14, 16);22;16
(2, 8, 10, 11, 15, 16);18;20
(2, 8, 10, 12, 13, 16);18;19
(2, 8, 10, 12, 14, 16);22;16
(2, 8, 10, 12, 15, 16);18;20
(2, 8, 10, 13, 14, 16);22;16
(2, 8, 10, 13, 15, 16);22;16
(2, 8, 10, 14, 15, 16);22;16
(2, 8, 11, 12, 13, 16);24;16
(2, 8, 11, 12, 14, 16);50;75
(2, 8, 11, 12, 15, 16);23;16
(2, 8, 11, 13, 14, 16);47;47
(2, 8, 11, 13, 15, 16);49;39
(2, 8, 11, 14, 15, 16);94;16
(2, 8, 12, 13, 14, 16);28;16
(2, 8, 12, 13, 15, 16);28;16
(2, 8, 12, 14, 15, 16);28;16
(2, 8, 13, 14, 15, 16);78;71
(2, 9, 10, 11, 12, 16);22;16
(2, 9, 10, 11, 13, 16);22;16
(2, 9, 10, 11, 14, 16);48;16
(2, 9, 10, 11, 15, 16);68;34
(2, 9, 10, 12, 13, 16);22;16
(2, 9, 10, 12, 14, 16);26;16
(2, 9, 10, 12, 15, 16);25;16
(2, 9, 10, 13, 14, 16);30;16
(2, 9, 10, 13, 15, 16);25;25
(2, 9, 10, 14, 15, 16);54;29
(2, 9, 11, 12, 13, 16);22;16
(2, 9, 11, 12, 14, 16);48;16
(2, 9, 11, 12, 15, 16);27;66
(2, 9, 11, 13, 14, 16);48;16
(2, 9, 11, 13, 15, 16);47;16
(2, 9, 11, 14, 15, 16);25;16
(2, 9, 12, 13, 14, 16);26;24
(2, 9, 12, 13, 15, 16);28;16
(2, 9, 12, 14, 15, 16);28;16
(2, 9, 13, 14, 15, 16);29;16
(2, 10, 11, 12, 13, 16);22;16
(2, 10, 11, 12, 14, 16);26;16
(2, 10, 11, 12, 15, 16);22;26
(2, 10, 11, 13, 14, 16);26;16
(2, 10, 11, 13, 15, 16);26;16
(2, 10, 11, 14, 15, 16);30;16
(2, 10, 12, 13, 14, 16);26;16
(2, 10, 12, 13, 15, 16);26;16
(2, 10, 12, 14, 15, 16);26;16
(2, 10, 13, 14, 15, 16);29;16
(2, 11, 12, 13, 14, 16);26;16
(2, 11, 12, 13, 15, 16);26;16
(2, 11, 12, 14, 15, 16);26;16
(2, 11, 13, 14, 15, 16);26;16
(2, 12, 13, 14, 15, 16);26;16
(3, 4, 5, 6, 7, 16);10;16
(3, 4, 5, 6, 8, 16);11;16
(3, 4, 5, 6, 9, 16);12;16
(3, 4, 5, 6, 10, 16);20;16
(3, 4, 5, 6, 11, 16);27;16
(3, 4, 5, 6, 12, 16);28;16
(3, 4, 5, 6, 13, 16);19;16
(3, 4, 5, 6, 14, 16);19;16
(3, 4, 5, 6, 15, 16);19;16
(3, 4, 5, 7, 8, 16);11;16
(3, 4, 5, 7, 9, 16);12;16
(3, 4, 5, 7, 10, 16);13;16
(3, 4, 5, 7, 11, 16);18;28
(3, 4, 5, 7, 12, 16);19;16
(3, 4, 5, 7, 13, 16);10;16
(3, 4, 5, 7, 14, 16);10;16
(3, 4, 5, 7, 15, 16);10;16
(3, 4, 5, 8, 9, 16);12;16
(3, 4, 5, 8, 10, 16);13;16
(3, 4, 5, 8, 11, 16);13;23
(3, 4, 5, 8, 12, 16);20;16
(3, 4, 5, 8, 13, 16);21;16
(3, 4, 5, 8, 14, 16);11;16
(3, 4, 5, 8, 15, 16);11;16
(3, 4, 5, 9, 10, 16);7;16
(3, 4, 5, 9, 11, 16);7;16
(3, 4, 5, 9, 12, 16);21;16
(3, 4, 5, 9, 13, 16);29;26
(3, 4, 5, 9, 14, 16);19;16
(3, 4, 5, 9, 15, 16);20;16
(3, 4, 5, 10, 11, 16);21;16
(3, 4, 5, 10, 12, 16);7;20
(3, 4, 5, 10, 13, 16);26;16
(3, 4, 5, 10, 14, 16);66;16
(3, 4, 5, 10, 15, 16);20;16
(3, 4, 5, 11, 12, 16);7;65
(3, 4, 5, 11, 13, 16);27;16
(3, 4, 5, 11, 14, 16);27;16
(3, 4, 5, 11, 15, 16);20;38
(3, 4, 5, 12, 13, 16);28;27
(3, 4, 5, 12, 14, 16);28;27
(3, 4, 5, 12, 15, 16);28;27
(3, 4, 5, 13, 14, 16);19;22
(3, 4, 5, 13, 15, 16);19;22
(3, 4, 5, 14, 15, 16);19;16
(3, 4, 6, 7, 8, 16);11;16
(3, 4, 6, 7, 9, 16);12;16
(3, 4, 6, 7, 10, 16);13;16
(3, 4, 6, 7, 11, 16);5;18
(3, 4, 6, 7, 12, 16);19;16
(3, 4, 6, 7, 13, 16);10;16
(3, 4, 6, 7, 14, 16);10;16
(3, 4, 6, 7, 15, 16);10;16
(3, 4, 6, 8, 9, 16);12;16
(3, 4, 6, 8, 10, 16);13;16
(3, 4, 6, 8, 11, 16);19;32
(3, 4, 6, 8, 12, 16);20;16
(3, 4, 6, 8, 13, 16);21;16
(3, 4, 6, 8, 14, 16);11;16
(3, 4, 6, 8, 15, 16);11;16
(3, 4, 6, 9, 10, 16);13;16
(3, 4, 6, 9, 11, 16);12;27
(3, 4, 6, 9, 12, 16);15;20
(3, 4, 6, 9, 13, 16);12;39
(3, 4, 6, 9, 14, 16);17;28
(3, 4, 6, 9, 15, 16);12;16
(3, 4, 6, 10, 11, 16);56;16
(3, 4, 6, 10, 12, 16);20;38
(3, 4, 6, 10, 13, 16);66;16
(3, 4, 6, 10, 14, 16);20;16
(3, 4, 6, 10, 15, 16);54;16
(3, 4, 6, 11, 12, 16);5;27
(3, 4, 6, 11, 13, 16);19;34
(3, 4, 6, 11, 14, 16);27;16
(3, 4, 6, 11, 15, 16);27;16
(3, 4, 6, 12, 13, 16);28;16
(3, 4, 6, 12, 14, 16);28;16
(3, 4, 6, 12, 15, 16);28;16
(3, 4, 6, 13, 14, 16);19;16
(3, 4, 6, 13, 15, 16);19;16
(3, 4, 6, 14, 15, 16);19;16
(3, 4, 7, 8, 9, 16);12;16
(3, 4, 7, 8, 10, 16);13;16
(3, 4, 7, 8, 11, 16);5;74
(3, 4, 7, 8, 12, 16);20;16
(3, 4, 7, 8, 13, 16);21;16
(3, 4, 7, 8, 14, 16);11;16
(3, 4, 7, 8, 15, 16);11;16
(3, 4, 7, 9, 10, 16);13;16
(3, 4, 7, 9, 11, 16);92;39
(3, 4, 7, 9, 12, 16);19;45
(3, 4, 7, 9, 13, 16);10;20
(3, 4, 7, 9, 14, 16);23;16
(3, 4, 7, 9, 15, 16);12;16
(3, 4, 7, 10, 11, 16);14;39
(3, 4, 7, 10, 12, 16);14;73
(3, 4, 7, 10, 13, 16);19;16
(3, 4, 7, 10, 14, 16);30;59
(3, 4, 7, 10, 15, 16);25;22
(3, 4, 7, 11, 12, 16);5;50
(3, 4, 7, 11, 13, 16);29;48
(3, 4, 7, 11, 14, 16);18;51
(3, 4, 7, 11, 15, 16);18;40
(3, 4, 7, 12, 13, 16);19;32
(3, 4, 7, 12, 14, 16);19;16
(3, 4, 7, 12, 15, 16);19;16
(3, 4, 7, 13, 14, 16);10;16
(3, 4, 7, 13, 15, 16);10;16
(3, 4, 7, 14, 15, 16);10;16
(3, 4, 8, 9, 10, 16);6;19
(3, 4, 8, 9, 11, 16);19;16
(3, 4, 8, 9, 12, 16);20;38
(3, 4, 8, 9, 13, 16);12;18
(3, 4, 8, 9, 14, 16);6;22
(3, 4, 8, 9, 15, 16);12;16
(3, 4, 8, 10, 11, 16);19;36
(3, 4, 8, 10, 12, 16);20;16
(3, 4, 8, 10, 13, 16);26;26
(3, 4, 8, 10, 14, 16);6;28
(3, 4, 8, 10, 15, 16);6;25
(3, 4, 8, 11, 12, 16);20;33
(3, 4, 8, 11, 13, 16);19;18
(3, 4, 8, 11, 14, 16);25;40
(3, 4, 8, 11, 15, 16);19;16
(3, 4, 8, 12, 13, 16);66;45
(3, 4, 8, 12, 14, 16);20;32
(3, 4, 8, 12, 15, 16);64;18
(3, 4, 8, 13, 14, 16);29;55
(3, 4, 8, 13, 15, 16);19;18
(3, 4, 8, 14, 15, 16);6;27
(3, 4, 9, 10, 11, 16);20;16
(3, 4, 9, 10, 12, 16);7;27
(3, 4, 9, 10, 13, 16);69;16
(3, 4, 9, 10, 14, 16);6;25
(3, 4, 9, 10, 15, 16);19;16
(3, 4, 9, 11, 12, 16);7;27
(3, 4, 9, 11, 13, 16);46;53
(3, 4, 9, 11, 14, 16);25;16
(3, 4, 9, 11, 15, 16);26;16
(3, 4, 9, 12, 13, 16);46;38
(3, 4, 9, 12, 14, 16);25;100
(3, 4, 9, 12, 15, 16);51;64
(3, 4, 9, 13, 14, 16);62;22
(3, 4, 9, 13, 15, 16);43;103
(3, 4, 9, 14, 15, 16);6;34
(3, 4, 10, 11, 12, 16);28;16
(3, 4, 10, 11, 13, 16);26;33
(3, 4, 10, 11, 14, 16);26;23
(3, 4, 10, 11, 15, 16);26;16
(3, 4, 10, 12, 13, 16);26;33
(3, 4, 10, 12, 14, 16);26;16
(3, 4, 10, 12, 15, 16);26;23
(3, 4, 10, 13, 14, 16);26;16
(3, 4, 10, 13, 15, 16);26;16
(3, 4, 10, 14, 15, 16);6;48
(3, 4, 11, 12, 13, 16);26;23
(3, 4, 11, 12, 14, 16);26;23
(3, 4, 11, 12, 15, 16);26;33
(3, 4, 11, 13, 14, 16);26;47
(3, 4, 11, 13, 15, 16);26;16
(3, 4, 11, 14, 15, 16);26;49
(3, 4, 12, 13, 14, 16);26;49
(3, 4, 12, 13, 15, 16);26;23
(3, 4, 12, 14, 15, 16);26;49
(3, 4, 13, 14, 15, 16);19;22
(3, 5, 6, 7, 8, 16);11;16
(3, 5, 6, 7, 9, 16);12;16
(3, 5, 6, 7, 10, 16);13;16
(3, 5, 6, 7, 11, 16);22;16
(3, 5, 6, 7, 12, 16);19;16
(3, 5, 6, 7, 13, 16);10;16
(3, 5, 6, 7, 14, 16);10;16
(3, 5, 6, 7, 15, 16);10;16
(3, 5, 6, 8, 9, 16);12;16
(3, 5, 6, 8, 10, 16);13;16
(3, 5, 6, 8, 11, 16);23;20
(3, 5, 6, 8, 12, 16);11;32
(3, 5, 6, 8, 13, 16);21;16
(3, 5, 6, 8, 14, 16);11;16
(3, 5, 6, 8, 15, 16);11;16
(3, 5, 6, 9, 10, 16);13;16
(3, 5, 6, 9, 11, 16);22;20
(3, 5, 6, 9, 12, 16);15;21
(3, 5, 6, 9, 13, 16);19;18
(3, 5, 6, 9, 14, 16);19;18
(3, 5, 6, 9, 15, 16);12;16
(3, 5, 6, 10, 11, 16);21;16
(3, 5, 6, 10, 12, 16);11;33
(3, 5, 6, 10, 13, 16);66;16
(3, 5, 6, 10, 14, 16);20;16
(3, 5, 6, 10, 15, 16);53;18
(3, 5, 6, 11, 12, 16);27;30
(3, 5, 6, 11, 13, 16);27;16
(3, 5, 6, 11, 14, 16);27;16
(3, 5, 6, 11, 15, 16);70;16
(3, 5, 6, 12, 13, 16);28;16
(3, 5, 6, 12, 14, 16);28;16
(3, 5, 6, 12, 15, 16);28;16
(3, 5, 6, 13, 14, 16);19;16
(3, 5, 6, 13, 15, 16);19;16
(3, 5, 6, 14, 15, 16);19;16
(3, 5, 7, 8, 9, 16);12;16
(3, 5, 7, 8, 10, 16);13;16
(3, 5, 7, 8, 11, 16);66;46
(3, 5, 7, 8, 12, 16);34;17
(3, 5, 7, 8, 13, 16);21;16
(3, 5, 7, 8, 14, 16);11;16
(3, 5, 7, 8, 15, 16);11;16
(3, 5, 7, 9, 10, 16);13;16
(3, 5, 7, 9, 11, 16);27;16
(3, 5, 7, 9, 12, 16);21;40
(3, 5, 7, 9, 13, 16);32;20
(3, 5, 7, 9, 14, 16);23;16
(3, 5, 7, 9, 15, 16);12;16
(3, 5, 7, 10, 11, 16);26;41
(3, 5, 7, 10, 12, 16);17;21
(3, 5, 7, 10, 13, 16);19;16
(3, 5, 7, 10, 14, 16);17;48
(3, 5, 7, 10, 15, 16);42;118
(3, 5, 7, 11, 12, 16);45;25
(3, 5, 7, 11, 13, 16);18;31
(3, 5, 7, 11, 14, 16);18;28
(3, 5, 7, 11, 15, 16);32;19
(3, 5, 7, 12, 13, 16);19;32
(3, 5, 7, 12, 14, 16);19;16
(3, 5, 7, 12, 15, 16);19;16
(3, 5, 7, 13, 14, 16);10;16
(3, 5, 7, 13, 15, 16);10;16
(3, 5, 7, 14, 15, 16);10;16
(3, 5, 8, 9, 10, 16);13;16
(3, 5, 8, 9, 11, 16);13;23
(3, 5, 8, 9, 12, 16);17;48
(3, 5, 8, 9, 13, 16);39;64
(3, 5, 8, 9, 14, 16);17;99
(3, 5, 8, 9, 15, 16);12;16
(3, 5, 8, 10, 11, 16);13;23
(3, 5, 8, 10, 12, 16);13;53
(3, 5, 8, 10, 13, 16);19;16
(3, 5, 8, 10, 14, 16);19;140
(3, 5, 8, 10, 15, 16);13;22
(3, 5, 8, 11, 12, 16);19;46
(3, 5, 8, 11, 13, 16);19;16
(3, 5, 8, 11, 14, 16);19;16
(3, 5, 8, 11, 15, 16);13;23
(3, 5, 8, 12, 13, 16);20;16
(3, 5, 8, 12, 14, 16);40;19
(3, 5, 8, 12, 15, 16);20;16
(3, 5, 8, 13, 14, 16);21;16
(3, 5, 8, 13, 15, 16);42;16
(3, 5, 8, 14, 15, 16);11;16
(3, 5, 9, 10, 11, 16);7;16
(3, 5, 9, 10, 12, 16);19;64
(3, 5, 9, 10, 13, 16);26;32
(3, 5, 9, 10, 14, 16);19;16
(3, 5, 9, 10, 15, 16);20;16
(3, 5, 9, 11, 12, 16);21;16
(3, 5, 9, 11, 13, 16);32;28
(3, 5, 9, 11, 14, 16);195;42
(3, 5, 9, 11, 15, 16);20;16
(3, 5, 9, 12, 13, 16);25;41
(3, 5, 9, 12, 14, 16);21;21
(3, 5, 9, 12, 15, 16);46;16
(3, 5, 9, 13, 14, 16);37;49
(3, 5, 9, 13, 15, 16);18;16
(3, 5, 9, 14, 15, 16);30;16
(3, 5, 10, 11, 12, 16);7;20
(3, 5, 10, 11, 13, 16);26;95
(3, 5, 10, 11, 14, 16);148;85
(3, 5, 10, 11, 15, 16);20;84
(3, 5, 10, 12, 13, 16);29;87
(3, 5, 10, 12, 14, 16);26;16
(3, 5, 10, 12, 15, 16);112;148
(3, 5, 10, 13, 14, 16);72;16
(3, 5, 10, 13, 15, 16);71;39
(3, 5, 10, 14, 15, 16);19;53
(3, 5, 11, 12, 13, 16);27;16
(3, 5, 11, 12, 14, 16);27;16
(3, 5, 11, 12, 15, 16);27;16
(3, 5, 11, 13, 14, 16);27;16
(3, 5, 11, 13, 15, 16);27;16
(3, 5, 11, 14, 15, 16);27;16
(3, 5, 12, 13, 14, 16);28;27
(3, 5, 12, 13, 15, 16);28;27
(3, 5, 12, 14, 15, 16);28;27
(3, 5, 13, 14, 15, 16);19;22
(3, 6, 7, 8, 9, 16);12;16
(3, 6, 7, 8, 10, 16);13;16
(3, 6, 7, 8, 11, 16);14;17
(3, 6, 7, 8, 12, 16);14;17
(3, 6, 7, 8, 13, 16);21;16
(3, 6, 7, 8, 14, 16);11;16
(3, 6, 7, 8, 15, 16);11;16
(3, 6, 7, 9, 10, 16);13;16
(3, 6, 7, 9, 11, 16);22;27
(3, 6, 7, 9, 12, 16);48;18
(3, 6, 7, 9, 13, 16);22;20
(3, 6, 7, 9, 14, 16);23;16
(3, 6, 7, 9, 15, 16);12;16
(3, 6, 7, 10, 11, 16);13;17
(3, 6, 7, 10, 12, 16);22;18
(3, 6, 7, 10, 13, 16);19;16
(3, 6, 7, 10, 14, 16);30;24
(3, 6, 7, 10, 15, 16);13;25
(3, 6, 7, 11, 12, 16);9;18
(3, 6, 7, 11, 13, 16);19;41
(3, 6, 7, 11, 14, 16);9;19
(3, 6, 7, 11, 15, 16);9;22
(3, 6, 7, 12, 13, 16);19;16
(3, 6, 7, 12, 14, 16);19;16
(3, 6, 7, 12, 15, 16);19;16
(3, 6, 7, 13, 14, 16);10;16
(3, 6, 7, 13, 15, 16);10;16
(3, 6, 7, 14, 15, 16);10;16
(3, 6, 8, 9, 10, 16);13;16
(3, 6, 8, 9, 11, 16);46;16
(3, 6, 8, 9, 12, 16);11;39
(3, 6, 8, 9, 13, 16);11;43
(3, 6, 8, 9, 14, 16);23;16
(3, 6, 8, 9, 15, 16);12;16
(3, 6, 8, 10, 11, 16);18;17
(3, 6, 8, 10, 12, 16);18;16
(3, 6, 8, 10, 13, 16);19;16
(3, 6, 8, 10, 14, 16);11;19
(3, 6, 8, 10, 15, 16);50;16
(3, 6, 8, 11, 12, 16);14;18
(3, 6, 8, 11, 13, 16);19;16
(3, 6, 8, 11, 14, 16);19;16
(3, 6, 8, 11, 15, 16);19;42
(3, 6, 8, 12, 13, 16);20;16
(3, 6, 8, 12, 14, 16);20;16
(3, 6, 8, 12, 15, 16);20;16
(3, 6, 8, 13, 14, 16);21;16
(3, 6, 8, 13, 15, 16);21;16
(3, 6, 8, 14, 15, 16);11;16
(3, 6, 9, 10, 11, 16);32;17
(3, 6, 9, 10, 12, 16);51;16
(3, 6, 9, 10, 13, 16);19;16
(3, 6, 9, 10, 14, 16);44;18
(3, 6, 9, 10, 15, 16);69;16
(3, 6, 9, 11, 12, 16);33;18
(3, 6, 9, 11, 13, 16);19;16
(3, 6, 9, 11, 14, 16);19;16
(3, 6, 9, 11, 15, 16);12;19
(3, 6, 9, 12, 13, 16);19;16
(3, 6, 9, 12, 14, 16);19;16
(3, 6, 9, 12, 15, 16);19;16
(3, 6, 9, 13, 14, 16);80;16
(3, 6, 9, 13, 15, 16);60;16
(3, 6, 9, 14, 15, 16);84;16
(3, 6, 10, 11, 12, 16);22;16
(3, 6, 10, 11, 13, 16);26;33
(3, 6, 10, 11, 14, 16);30;49
(3, 6, 10, 11, 15, 16);61;16
(3, 6, 10, 12, 13, 16);66;18
(3, 6, 10, 12, 14, 16);22;20
(3, 6, 10, 12, 15, 16);22;51
(3, 6, 10, 13, 14, 16);66;16
(3, 6, 10, 13, 15, 16);66;16
(3, 6, 10, 14, 15, 16);20;16
(3, 6, 11, 12, 13, 16);19;27
(3, 6, 11, 12, 14, 16);27;16
(3, 6, 11, 12, 15, 16);9;25
(3, 6, 11, 13, 14, 16);27;16
(3, 6, 11, 13, 15, 16);27;16
(3, 6, 11, 14, 15, 16);27;16
(3, 6, 12, 13, 14, 16);28;16
(3, 6, 12, 13, 15, 16);28;16
(3, 6, 12, 14, 15, 16);28;16
(3, 6, 13, 14, 15, 16);19;16
(3, 7, 8, 9, 10, 16);19;16
(3, 7, 8, 9, 11, 16);19;16
(3, 7, 8, 9, 12, 16);19;27
(3, 7, 8, 9, 13, 16);75;46
(3, 7, 8, 9, 14, 16);23;16
(3, 7, 8, 9, 15, 16);23;16
(3, 7, 8, 10, 11, 16);51;16
(3, 7, 8, 10, 12, 16);19;17
(3, 7, 8, 10, 13, 16);63;16
(3, 7, 8, 10, 14, 16);15;76
(3, 7, 8, 10, 15, 16);18;49
(3, 7, 8, 11, 12, 16);19;16
(3, 7, 8, 11, 13, 16);24;20
(3, 7, 8, 11, 14, 16);19;30
(3, 7, 8, 11, 15, 16);23;19
(3, 7, 8, 12, 13, 16);29;20
(3, 7, 8, 12, 14, 16);30;16
(3, 7, 8, 12, 15, 16);23;39
(3, 7, 8, 13, 14, 16);62;35
(3, 7, 8, 13, 15, 16);52;23
(3, 7, 8, 14, 15, 16);23;48
(3, 7, 9, 10, 11, 16);32;16
(3, 7, 9, 10, 12, 16);19;16
(3, 7, 9, 10, 13, 16);63;16
(3, 7, 9, 10, 14, 16);19;68
(3, 7, 9, 10, 15, 16);31;28
(3, 7, 9, 11, 12, 16);19;16
(3, 7, 9, 11, 13, 16);44;16
(3, 7, 9, 11, 14, 16);25;21
(3, 7, 9, 11, 15, 16);18;16
(3, 7, 9, 12, 13, 16);25;16
(3, 7, 9, 12, 14, 16);21;21
(3, 7, 9, 12, 15, 16);66;16
(3, 7, 9, 13, 14, 16);52;113
(3, 7, 9, 13, 15, 16);32;32
(3, 7, 9, 14, 15, 16);23;16
(3, 7, 10, 11, 12, 16);19;17
(3, 7, 10, 11, 13, 16);63;16
(3, 7, 10, 11, 14, 16);21;42
(3, 7, 10, 11, 15, 16);13;28
(3, 7, 10, 12, 13, 16);63;16
(3, 7, 10, 12, 14, 16);17;52
(3, 7, 10, 12, 15, 16);44;18
(3, 7, 10, 13, 14, 16);23;23
(3, 7, 10, 13, 15, 16);43;18
(3, 7, 10, 14, 15, 16);30;93
(3, 7, 11, 12, 13, 16);24;22
(3, 7, 11, 12, 14, 16);23;38
(3, 7, 11, 12, 15, 16);9;19
(3, 7, 11, 13, 14, 16);27;27
(3, 7, 11, 13, 15, 16);28;16
(3, 7, 11, 14, 15, 16);46;41
(3, 7, 12, 13, 14, 16);19;39
(3, 7, 12, 13, 15, 16);28;16
(3, 7, 12, 14, 15, 16);19;41
(3, 7, 13, 14, 15, 16);29;16
(3, 8, 9, 10, 11, 16);19;16
(3, 8, 9, 10, 12, 16);64;16
(3, 8, 9, 10, 13, 16);44;16
(3, 8, 9, 10, 14, 16);24;16
(3, 8, 9, 10, 15, 16);6;36
(3, 8, 9, 11, 12, 16);63;16
(3, 8, 9, 11, 13, 16);69;16
(3, 8, 9, 11, 14, 16);67;16
(3, 8, 9, 11, 15, 16);19;52
(3, 8, 9, 12, 13, 16);25;16
(3, 8, 9, 12, 14, 16);72;16
(3, 8, 9, 12, 15, 16);24;16
(3, 8, 9, 13, 14, 16);29;16
(3, 8, 9, 13, 15, 16);24;18
(3, 8, 9, 14, 15, 16);6;36
(3, 8, 10, 11, 12, 16);19;55
(3, 8, 10, 11, 13, 16);44;16
(3, 8, 10, 11, 14, 16);67;31
(3, 8, 10, 11, 15, 16);19;62
(3, 8, 10, 12, 13, 16);70;16
(3, 8, 10, 12, 14, 16);24;16
(3, 8, 10, 12, 15, 16);68;16
(3, 8, 10, 13, 14, 16);24;36
(3, 8, 10, 13, 15, 16);24;22
(3, 8, 10, 14, 15, 16);24;24
(3, 8, 11, 12, 13, 16);69;16
(3, 8, 11, 12, 14, 16);24;44
(3, 8, 11, 12, 15, 16);67;16
(3, 8, 11, 13, 14, 16);24;24
(3, 8, 11, 13, 15, 16);24;16
(3, 8, 11, 14, 15, 16);67;34
(3, 8, 12, 13, 14, 16);47;82
(3, 8, 12, 13, 15, 16);53;24
(3, 8, 12, 14, 15, 16);52;24
(3, 8, 13, 14, 15, 16);29;16
(3, 9, 10, 11, 12, 16);19;17
(3, 9, 10, 11, 13, 16);25;16
(3, 9, 10, 11, 14, 16);25;16
(3, 9, 10, 11, 15, 16);26;16
(3, 9, 10, 12, 13, 16);25;16
(3, 9, 10, 12, 14, 16);25;16
(3, 9, 10, 12, 15, 16);25;16
(3, 9, 10, 13, 14, 16);25;16
(3, 9, 10, 13, 15, 16);25;16
(3, 9, 10, 14, 15, 16);6;48
(3, 9, 11, 12, 13, 16);25;16
(3, 9, 11, 12, 14, 16);25;16
(3, 9, 11, 12, 15, 16);25;16
(3, 9, 11, 13, 14, 16);25;16
(3, 9, 11, 13, 15, 16);25;16
(3, 9, 11, 14, 15, 16);25;16
(3, 9, 12, 13, 14, 16);25;16
(3, 9, 12, 13, 15, 16);25;16
(3, 9, 12, 14, 15, 16);25;16
(3, 9, 13, 14, 15, 16);29;16
(3, 10, 11, 12, 13, 16);25;16
(3, 10, 11, 12, 14, 16);25;16
(3, 10, 11, 12, 15, 16);25;16
(3, 10, 11, 13, 14, 16);25;16
(3, 10, 11, 13, 15, 16);25;16
(3, 10, 11, 14, 15, 16);25;16
(3, 10, 12, 13, 14, 16);25;16
(3, 10, 12, 13, 15, 16);25;16
(3, 10, 12, 14, 15, 16);25;16
(3, 10, 13, 14, 15, 16);25;16
(3, 11, 12, 13, 14, 16);25;16
(3, 11, 12, 13, 15, 16);25;16
(3, 11, 12, 14, 15, 16);25;16
(3, 11, 13, 14, 15, 16);25;16
(3, 12, 13, 14, 15, 16);25;16
(4, 5, 6, 7, 8, 16);12;16
(4, 5, 6, 7, 9, 16);25;16
(4, 5, 6, 7, 10, 16);34;59
(4, 5, 6, 7, 11, 16);10;61
(4, 5, 6, 7, 12, 16);19;17
(4, 5, 6, 7, 13, 16);20;16
(4, 5, 6, 7, 14, 16);21;16
(4, 5, 6, 7, 15, 16);11;16
(4, 5, 6, 8, 9, 16);25;16
(4, 5, 6, 8, 10, 16);26;16
(4, 5, 6, 8, 11, 16);22;22
(4, 5, 6, 8, 12, 16);20;16
(4, 5, 6, 8, 13, 16);21;16
(4, 5, 6, 8, 14, 16);22;16
(4, 5, 6, 8, 15, 16);23;16
(4, 5, 6, 9, 10, 16);22;33
(4, 5, 6, 9, 11, 16);20;43
(4, 5, 6, 9, 12, 16);20;16
(4, 5, 6, 9, 13, 16);20;16
(4, 5, 6, 9, 14, 16);41;57
(4, 5, 6, 9, 15, 16);31;40
(4, 5, 6, 10, 11, 16);78;48
(4, 5, 6, 10, 12, 16);20;16
(4, 5, 6, 10, 13, 16);20;16
(4, 5, 6, 10, 14, 16);20;16
(4, 5, 6, 10, 15, 16);74;45
(4, 5, 6, 11, 12, 16);10;63
(4, 5, 6, 11, 13, 16);27;74
(4, 5, 6, 11, 14, 16);49;58
(4, 5, 6, 11, 15, 16);49;48
(4, 5, 6, 12, 13, 16);28;16
(4, 5, 6, 12, 14, 16);28;16
(4, 5, 6, 12, 15, 16);28;16
(4, 5, 6, 13, 14, 16);29;16
(4, 5, 6, 13, 15, 16);29;16
(4, 5, 6, 14, 15, 16);10;16
(4, 5, 7, 8, 9, 16);25;16
(4, 5, 7, 8, 10, 16);26;16
(4, 5, 7, 8, 11, 16);3;27
(4, 5, 7, 8, 12, 16);20;16
(4, 5, 7, 8, 13, 16);21;16
(4, 5, 7, 8, 14, 16);22;16
(4, 5, 7, 8, 15, 16);23;16
(4, 5, 7, 9, 10, 16);26;16
(4, 5, 7, 9, 11, 16);20;25
(4, 5, 7, 9, 12, 16);20;16
(4, 5, 7, 9, 13, 16);20;16
(4, 5, 7, 9, 14, 16);54;64
(4, 5, 7, 9, 15, 16);72;16
(4, 5, 7, 10, 11, 16);3;68
(4, 5, 7, 10, 12, 16);20;16
(4, 5, 7, 10, 13, 16);20;16
(4, 5, 7, 10, 14, 16);20;16
(4, 5, 7, 10, 15, 16);20;40
(4, 5, 7, 11, 12, 16);20;16
(4, 5, 7, 11, 13, 16);20;16
(4, 5, 7, 11, 14, 16);20;16
(4, 5, 7, 11, 15, 16);20;16
(4, 5, 7, 12, 13, 16);19;17
(4, 5, 7, 12, 14, 16);19;17
(4, 5, 7, 12, 15, 16);19;17
(4, 5, 7, 13, 14, 16);20;16
(4, 5, 7, 13, 15, 16);20;16
(4, 5, 7, 14, 15, 16);21;16
(4, 5, 8, 9, 10, 16);13;17
(4, 5, 8, 9, 11, 16);13;25
(4, 5, 8, 9, 12, 16);20;16
(4, 5, 8, 9, 13, 16);20;16
(4, 5, 8, 9, 14, 16);43;16
(4, 5, 8, 9, 15, 16);13;24
(4, 5, 8, 10, 11, 16);3;42
(4, 5, 8, 10, 12, 16);20;16
(4, 5, 8, 10, 13, 16);20;16
(4, 5, 8, 10, 14, 16);20;16
(4, 5, 8, 10, 15, 16);72;16
(4, 5, 8, 11, 12, 16);20;16
(4, 5, 8, 11, 13, 16);20;16
(4, 5, 8, 11, 14, 16);20;16
(4, 5, 8, 11, 15, 16);20;16
(4, 5, 8, 12, 13, 16);20;16
(4, 5, 8, 12, 14, 16);20;16
(4, 5, 8, 12, 15, 16);20;16
(4, 5, 8, 13, 14, 16);21;16
(4, 5, 8, 13, 15, 16);21;16
(4, 5, 8, 14, 15, 16);22;16
(4, 5, 9, 10, 11, 16);7;70
(4, 5, 9, 10, 12, 16);20;16
(4, 5, 9, 10, 13, 16);20;16
(4, 5, 9, 10, 14, 16);20;16
(4, 5, 9, 10, 15, 16);20;37
(4, 5, 9, 11, 12, 16);20;16
(4, 5, 9, 11, 13, 16);20;16
(4, 5, 9, 11, 14, 16);20;16
(4, 5, 9, 11, 15, 16);20;16
(4, 5, 9, 12, 13, 16);20;16
(4, 5, 9, 12, 14, 16);20;16
(4, 5, 9, 12, 15, 16);20;16
(4, 5, 9, 13, 14, 16);20;16
(4, 5, 9, 13, 15, 16);20;16
(4, 5, 9, 14, 15, 16);41;51
(4, 5, 10, 11, 12, 16);7;55
(4, 5, 10, 11, 13, 16);3;71
(4, 5, 10, 11, 14, 16);3;41
(4, 5, 10, 11, 15, 16);89;29
(4, 5, 10, 12, 13, 16);17;32
(4, 5, 10, 12, 14, 16);26;26
(4, 5, 10, 12, 15, 16);88;16
(4, 5, 10, 13, 14, 16);46;69
(4, 5, 10, 13, 15, 16);20;17
(4, 5, 10, 14, 15, 16);86;19
(4, 5, 11, 12, 13, 16);88;199
(4, 5, 11, 12, 14, 16);27;26
(4, 5, 11, 12, 15, 16);49;94
(4, 5, 11, 13, 14, 16);27;16
(4, 5, 11, 13, 15, 16);27;27
(4, 5, 11, 14, 15, 16);48;61
(4, 5, 12, 13, 14, 16);28;16
(4, 5, 12, 13, 15, 16);28;16
(4, 5, 12, 14, 15, 16);28;16
(4, 5, 13, 14, 15, 16);29;16
(4, 6, 7, 8, 9, 16);25;16
(4, 6, 7, 8, 10, 16);26;16
(4, 6, 7, 8, 11, 16);5;48
(4, 6, 7, 8, 12, 16);20;16
(4, 6, 7, 8, 13, 16);21;16
(4, 6, 7, 8, 14, 16);22;16
(4, 6, 7, 8, 15, 16);23;16
(4, 6, 7, 9, 10, 16);26;16
(4, 6, 7, 9, 11, 16);23;88
(4, 6, 7, 9, 12, 16);20;16
(4, 6, 7, 9, 13, 16);20;16
(4, 6, 7, 9, 14, 16);23;23
(4, 6, 7, 9, 15, 16);48;16
(4, 6, 7, 10, 11, 16);17;65
(4, 6, 7, 10, 12, 16);20;16
(4, 6, 7, 10, 13, 16);20;16
(4, 6, 7, 10, 14, 16);20;16
(4, 6, 7, 10, 15, 16);45;85
(4, 6, 7, 11, 12, 16);20;16
(4, 6, 7, 11, 13, 16);20;16
(4, 6, 7, 11, 14, 16);20;16
(4, 6, 7, 11, 15, 16);20;16
(4, 6, 7, 12, 13, 16);19;17
(4, 6, 7, 12, 14, 16);19;17
(4, 6, 7, 12, 15, 16);19;17
(4, 6, 7, 13, 14, 16);20;16
(4, 6, 7, 13, 15, 16);20;16
(4, 6, 7, 14, 15, 16);21;16
(4, 6, 8, 9, 10, 16);26;16
(4, 6, 8, 9, 11, 16);17;22
(4, 6, 8, 9, 12, 16);20;16
(4, 6, 8, 9, 13, 16);20;16
(4, 6, 8, 9, 14, 16);22;27
(4, 6, 8, 9, 15, 16);24;16
(4, 6, 8, 10, 11, 16);26;26
(4, 6, 8, 10, 12, 16);20;16
(4, 6, 8, 10, 13, 16);20;16
(4, 6, 8, 10, 14, 16);20;16
(4, 6, 8, 10, 15, 16);26;20
(4, 6, 8, 11, 12, 16);20;16
(4, 6, 8, 11, 13, 16);20;16
(4, 6, 8, 11, 14, 16);20;16
(4, 6, 8, 11, 15, 16);20;16
(4, 6, 8, 12, 13, 16);20;16
(4, 6, 8, 12, 14, 16);20;16
(4, 6, 8, 12, 15, 16);20;16
(4, 6, 8, 13, 14, 16);21;16
(4, 6, 8, 13, 15, 16);21;16
(4, 6, 8, 14, 15, 16);22;16
(4, 6, 9, 10, 11, 16);54;65
(4, 6, 9, 10, 12, 16);20;16
(4, 6, 9, 10, 13, 16);20;16
(4, 6, 9, 10, 14, 16);20;16
(4, 6, 9, 10, 15, 16);45;213
(4, 6, 9, 11, 12, 16);20;16
(4, 6, 9, 11, 13, 16);20;16
(4, 6, 9, 11, 14, 16);20;16
(4, 6, 9, 11, 15, 16);20;16
(4, 6, 9, 12, 13, 16);20;16
(4, 6, 9, 12, 14, 16);20;16
(4, 6, 9, 12, 15, 16);20;16
(4, 6, 9, 13, 14, 16);20;16
(4, 6, 9, 13, 15, 16);20;16
(4, 6, 9, 14, 15, 16);41;58
(4, 6, 10, 11, 12, 16);20;16
(4, 6, 10, 11, 13, 16);20;16
(4, 6, 10, 11, 14, 16);20;16
(4, 6, 10, 11, 15, 16);20;16
(4, 6, 10, 12, 13, 16);20;16
(4, 6, 10, 12, 14, 16);20;16
(4, 6, 10, 12, 15, 16);20;16
(4, 6, 10, 13, 14, 16);20;16
(4, 6, 10, 13, 15, 16);20;16
(4, 6, 10, 14, 15, 16);20;16
(4, 6, 11, 12, 13, 16);25;24
(4, 6, 11, 12, 14, 16);28;22
(4, 6, 11, 12, 15, 16);27;30
(4, 6, 11, 13, 14, 16);27;24
(4, 6, 11, 13, 15, 16);29;16
(4, 6, 11, 14, 15, 16);49;58
(4, 6, 12, 13, 14, 16);28;16
(4, 6, 12, 13, 15, 16);28;16
(4, 6, 12, 14, 15, 16);28;16
(4, 6, 13, 14, 15, 16);29;16
(4, 7, 8, 9, 10, 16);23;34
(4, 7, 8, 9, 11, 16);65;16
(4, 7, 8, 9, 12, 16);20;16
(4, 7, 8, 9, 13, 16);20;16
(4, 7, 8, 9, 14, 16);23;16
(4, 7, 8, 9, 15, 16);24;16
(4, 7, 8, 10, 11, 16);32;79
(4, 7, 8, 10, 12, 16);20;16
(4, 7, 8, 10, 13, 16);20;16
(4, 7, 8, 10, 14, 16);20;16
(4, 7, 8, 10, 15, 16);23;22
(4, 7, 8, 11, 12, 16);20;16
(4, 7, 8, 11, 13, 16);20;16
(4, 7, 8, 11, 14, 16);20;16
(4, 7, 8, 11, 15, 16);20;16
(4, 7, 8, 12, 13, 16);20;16
(4, 7, 8, 12, 14, 16);20;16
(4, 7, 8, 12, 15, 16);20;16
(4, 7, 8, 13, 14, 16);21;16
(4, 7, 8, 13, 15, 16);21;16
(4, 7, 8, 14, 15, 16);22;16
(4, 7, 9, 10, 11, 16);20;34
(4, 7, 9, 10, 12, 16);20;16
(4, 7, 9, 10, 13, 16);20;16
(4, 7, 9, 10, 14, 16);20;16
(4, 7, 9, 10, 15, 16);25;28
(4, 7, 9, 11, 12, 16);20;16
(4, 7, 9, 11, 13, 16);20;16
(4, 7, 9, 11, 14, 16);20;16
(4, 7, 9, 11, 15, 16);20;16
(4, 7, 9, 12, 13, 16);20;16
(4, 7, 9, 12, 14, 16);20;16
(4, 7, 9, 12, 15, 16);20;16
(4, 7, 9, 13, 14, 16);20;16
(4, 7, 9, 13, 15, 16);20;16
(4, 7, 9, 14, 15, 16);44;141
(4, 7, 10, 11, 12, 16);20;16
(4, 7, 10, 11, 13, 16);20;16
(4, 7, 10, 11, 14, 16);20;16
(4, 7, 10, 11, 15, 16);20;16
(4, 7, 10, 12, 13, 16);20;16
(4, 7, 10, 12, 14, 16);20;16
(4, 7, 10, 12, 15, 16);20;16
(4, 7, 10, 13, 14, 16);20;16
(4, 7, 10, 13, 15, 16);20;16
(4, 7, 10, 14, 15, 16);20;16
(4, 7, 11, 12, 13, 16);20;16
(4, 7, 11, 12, 14, 16);20;16
(4, 7, 11, 12, 15, 16);20;16
(4, 7, 11, 13, 14, 16);20;16
(4, 7, 11, 13, 15, 16);20;16
(4, 7, 11, 14, 15, 16);20;16
(4, 7, 12, 13, 14, 16);19;17
(4, 7, 12, 13, 15, 16);19;17
(4, 7, 12, 14, 15, 16);19;17
(4, 7, 13, 14, 15, 16);20;16
(4, 8, 9, 10, 11, 16);19;17
(4, 8, 9, 10, 12, 16);20;16
(4, 8, 9, 10, 13, 16);20;16
(4, 8, 9, 10, 14, 16);20;16
(4, 8, 9, 10, 15, 16);6;24
(4, 8, 9, 11, 12, 16);20;16
(4, 8, 9, 11, 13, 16);20;16
(4, 8, 9, 11, 14, 16);20;16
(4, 8, 9, 11, 15, 16);20;16
(4, 8, 9, 12, 13, 16);20;16
(4, 8, 9, 12, 14, 16);20;16
(4, 8, 9, 12, 15, 16);20;16
(4, 8, 9, 13, 14, 16);20;16
(4, 8, 9, 13, 15, 16);20;16
(4, 8, 9, 14, 15, 16);43;16
(4, 8, 10, 11, 12, 16);20;16
(4, 8, 10, 11, 13, 16);20;16
(4, 8, 10, 11, 14, 16);20;16
(4, 8, 10, 11, 15, 16);20;16
(4, 8, 10, 12, 13, 16);20;16
(4, 8, 10, 12, 14, 16);20;16
(4, 8, 10, 12, 15, 16);20;16
(4, 8, 10, 13, 14, 16);20;16
(4, 8, 10, 13, 15, 16);20;16
(4, 8, 10, 14, 15, 16);20;16
(4, 8, 11, 12, 13, 16);20;16
(4, 8, 11, 12, 14, 16);20;16
(4, 8, 11, 12, 15, 16);20;16
(4, 8, 11, 13, 14, 16);20;16
(4, 8, 11, 13, 15, 16);20;16
(4, 8, 11, 14, 15, 16);20;16
(4, 8, 12, 13, 14, 16);20;16
(4, 8, 12, 13, 15, 16);20;16
(4, 8, 12, 14, 15, 16);20;16
(4, 8, 13, 14, 15, 16);21;16
(4, 9, 10, 11, 12, 16);7;40
(4, 9, 10, 11, 13, 16);20;31
(4, 9, 10, 11, 14, 16);66;32
(4, 9, 10, 11, 15, 16);26;20
(4, 9, 10, 12, 13, 16);45;79
(4, 9, 10, 12, 14, 16);26;16
(4, 9, 10, 12, 15, 16);46;70
(4, 9, 10, 13, 14, 16);23;34
(4, 9, 10, 13, 15, 16);109;34
(4, 9, 10, 14, 15, 16);6;55
(4, 9, 11, 12, 13, 16);25;42
(4, 9, 11, 12, 14, 16);28;46
(4, 9, 11, 12, 15, 16);27;16
(4, 9, 11, 13, 14, 16);70;45
(4, 9, 11, 13, 15, 16);47;59
(4, 9, 11, 14, 15, 16);25;16
(4, 9, 12, 13, 14, 16);25;23
(4, 9, 12, 13, 15, 16);25;62
(4, 9, 12, 14, 15, 16);26;16
(4, 9, 13, 14, 15, 16);45;34
(4, 10, 11, 12, 13, 16);68;61
(4, 10, 11, 12, 14, 16);26;16
(4, 10, 11, 12, 15, 16);27;16
(4, 10, 11, 13, 14, 16);26;16
(4, 10, 11, 13, 15, 16);26;16
(4, 10, 11, 14, 15, 16);72;44
(4, 10, 12, 13, 14, 16);26;16
(4, 10, 12, 13, 15, 16);26;16
(4, 10, 12, 14, 15, 16);26;16
(4, 10, 13, 14, 15, 16);46;36
(4, 11, 12, 13, 14, 16);27;39
(4, 11, 12, 13, 15, 16);27;25
(4, 11, 12, 14, 15, 16);27;26
(4, 11, 13, 14, 15, 16);27;16
(4, 12, 13, 14, 15, 16);28;16
(5, 6, 7, 8, 9, 16);25;16
(5, 6, 7, 8, 10, 16);26;24
(5, 6, 7, 8, 11, 16);21;16
(5, 6, 7, 8, 12, 16);21;16
(5, 6, 7, 8, 13, 16);21;16
(5, 6, 7, 8, 14, 16);22;16
(5, 6, 7, 8, 15, 16);23;16
(5, 6, 7, 9, 10, 16);132;96
(5, 6, 7, 9, 11, 16);21;16
(5, 6, 7, 9, 12, 16);21;16
(5, 6, 7, 9, 13, 16);21;16
(5, 6, 7, 9, 14, 16);21;16
(5, 6, 7, 9, 15, 16);22;21
(5, 6, 7, 10, 11, 16);21;16
(5, 6, 7, 10, 12, 16);21;16
(5, 6, 7, 10, 13, 16);21;16
(5, 6, 7, 10, 14, 16);21;16
(5, 6, 7, 10, 15, 16);21;16
(5, 6, 7, 11, 12, 16);21;16
(5, 6, 7, 11, 13, 16);21;16
(5, 6, 7, 11, 14, 16);21;16
(5, 6, 7, 11, 15, 16);21;16
(5, 6, 7, 12, 13, 16);21;16
(5, 6, 7, 12, 14, 16);21;16
(5, 6, 7, 12, 15, 16);21;16
(5, 6, 7, 13, 14, 16);20;51
(5, 6, 7, 13, 15, 16);20;52
(5, 6, 7, 14, 15, 16);21;16
(5, 6, 8, 9, 10, 16);18;29
(5, 6, 8, 9, 11, 16);21;16
(5, 6, 8, 9, 12, 16);21;16
(5, 6, 8, 9, 13, 16);21;16
(5, 6, 8, 9, 14, 16);21;16
(5, 6, 8, 9, 15, 16);7;68
(5, 6, 8, 10, 11, 16);21;16
(5, 6, 8, 10, 12, 16);21;16
(5, 6, 8, 10, 13, 16);21;16
(5, 6, 8, 10, 14, 16);21;16
(5, 6, 8, 10, 15, 16);21;16
(5, 6, 8, 11, 12, 16);21;16
(5, 6, 8, 11, 13, 16);21;16
(5, 6, 8, 11, 14, 16);21;16
(5, 6, 8, 11, 15, 16);21;16
(5, 6, 8, 12, 13, 16);21;16
(5, 6, 8, 12, 14, 16);21;16
(5, 6, 8, 12, 15, 16);21;16
(5, 6, 8, 13, 14, 16);21;16
(5, 6, 8, 13, 15, 16);21;16
(5, 6, 8, 14, 15, 16);22;20
(5, 6, 9, 10, 11, 16);21;16
(5, 6, 9, 10, 12, 16);21;16
(5, 6, 9, 10, 13, 16);21;16
(5, 6, 9, 10, 14, 16);21;16
(5, 6, 9, 10, 15, 16);21;16
(5, 6, 9, 11, 12, 16);21;16
(5, 6, 9, 11, 13, 16);21;16
(5, 6, 9, 11, 14, 16);21;16
(5, 6, 9, 11, 15, 16);21;16
(5, 6, 9, 12, 13, 16);21;16
(5, 6, 9, 12, 14, 16);21;16
(5, 6, 9, 12, 15, 16);21;16
(5, 6, 9, 13, 14, 16);21;16
(5, 6, 9, 13, 15, 16);21;16
(5, 6, 9, 14, 15, 16);21;16
(5, 6, 10, 11, 12, 16);21;16
(5, 6, 10, 11, 13, 16);21;16
(5, 6, 10, 11, 14, 16);21;16
(5, 6, 10, 11, 15, 16);21;16
(5, 6, 10, 12, 13, 16);21;16
(5, 6, 10, 12, 14, 16);21;16
(5, 6, 10, 12, 15, 16);21;16
(5, 6, 10, 13, 14, 16);21;16
(5, 6, 10, 13, 15, 16);21;16
(5, 6, 10, 14, 15, 16);21;16
(5, 6, 11, 12, 13, 16);21;16
(5, 6, 11, 12, 14, 16);21;16
(5, 6, 11, 12, 15, 16);21;16
(5, 6, 11, 13, 14, 16);21;16
(5, 6, 11, 13, 15, 16);21;16
(5, 6, 11, 14, 15, 16);21;16
(5, 6, 12, 13, 14, 16);28;29
(5, 6, 12, 13, 15, 16);7;55
(5, 6, 12, 14, 15, 16);28;46
(5, 6, 13, 14, 15, 16);29;30
(5, 7, 8, 9, 10, 16);6;35
(5, 7, 8, 9, 11, 16);21;16
(5, 7, 8, 9, 12, 16);21;16
(5, 7, 8, 9, 13, 16);21;16
(5, 7, 8, 9, 14, 16);21;16
(5, 7, 8, 9, 15, 16);24;16
(5, 7, 8, 10, 11, 16);21;16
(5, 7, 8, 10, 12, 16);21;16
(5, 7, 8, 10, 13, 16);21;16
(5, 7, 8, 10, 14, 16);21;16
(5, 7, 8, 10, 15, 16);21;16
(5, 7, 8, 11, 12, 16);21;16
(5, 7, 8, 11, 13, 16);21;16
(5, 7, 8, 11, 14, 16);21;16
(5, 7, 8, 11, 15, 16);21;16
(5, 7, 8, 12, 13, 16);21;16
(5, 7, 8, 12, 14, 16);21;16
(5, 7, 8, 12, 15, 16);21;16
(5, 7, 8, 13, 14, 16);21;16
(5, 7, 8, 13, 15, 16);21;16
(5, 7, 8, 14, 15, 16);22;16
(5, 7, 9, 10, 11, 16);21;16
(5, 7, 9, 10, 12, 16);21;16
(5, 7, 9, 10, 13, 16);21;16
(5, 7, 9, 10, 14, 16);21;16
(5, 7, 9, 10, 15, 16);21;16
(5, 7, 9, 11, 12, 16);21;16
(5, 7, 9, 11, 13, 16);21;16
(5, 7, 9, 11, 14, 16);21;16
(5, 7, 9, 11, 15, 16);21;16
(5, 7, 9, 12, 13, 16);21;16
(5, 7, 9, 12, 14, 16);21;16
(5, 7, 9, 12, 15, 16);21;16
(5, 7, 9, 13, 14, 16);21;16
(5, 7, 9, 13, 15, 16);21;16
(5, 7, 9, 14, 15, 16);21;16
(5, 7, 10, 11, 12, 16);21;16
(5, 7, 10, 11, 13, 16);21;16
(5, 7, 10, 11, 14, 16);21;16
(5, 7, 10, 11, 15, 16);21;16
(5, 7, 10, 12, 13, 16);21;16
(5, 7, 10, 12, 14, 16);21;16
(5, 7, 10, 12, 15, 16);21;16
(5, 7, 10, 13, 14, 16);21;16
(5, 7, 10, 13, 15, 16);21;16
(5, 7, 10, 14, 15, 16);21;16
(5, 7, 11, 12, 13, 16);21;16
(5, 7, 11, 12, 14, 16);21;16
(5, 7, 11, 12, 15, 16);21;16
(5, 7, 11, 13, 14, 16);21;16
(5, 7, 11, 13, 15, 16);21;16
(5, 7, 11, 14, 15, 16);21;16
(5, 7, 12, 13, 14, 16);21;16
(5, 7, 12, 13, 15, 16);21;16
(5, 7, 12, 14, 15, 16);21;16
(5, 7, 13, 14, 15, 16);20;52
(5, 8, 9, 10, 11, 16);21;16
(5, 8, 9, 10, 12, 16);21;16
(5, 8, 9, 10, 13, 16);21;16
(5, 8, 9, 10, 14, 16);21;16
(5, 8, 9, 10, 15, 16);21;16
(5, 8, 9, 11, 12, 16);21;16
(5, 8, 9, 11, 13, 16);21;16
(5, 8, 9, 11, 14, 16);21;16
(5, 8, 9, 11, 15, 16);21;16
(5, 8, 9, 12, 13, 16);21;16
(5, 8, 9, 12, 14, 16);21;16
(5, 8, 9, 12, 15, 16);21;16
(5, 8, 9, 13, 14, 16);21;16
(5, 8, 9, 13, 15, 16);21;16
(5, 8, 9, 14, 15, 16);21;16
(5, 8, 10, 11, 12, 16);21;16
(5, 8, 10, 11, 13, 16);21;16
(5, 8, 10, 11, 14, 16);21;16
(5, 8, 10, 11, 15, 16);21;16
(5, 8, 10, 12, 13, 16);21;16
(5, 8, 10, 12, 14, 16);21;16
(5, 8, 10, 12, 15, 16);21;16
(5, 8, 10, 13, 14, 16);21;16
(5, 8, 10, 13, 15, 16);21;16
(5, 8, 10, 14, 15, 16);21;16
(5, 8, 11, 12, 13, 16);21;16
(5, 8, 11, 12, 14, 16);21;16
(5, 8, 11, 12, 15, 16);21;16
(5, 8, 11, 13, 14, 16);21;16
(5, 8, 11, 13, 15, 16);21;16
(5, 8, 11, 14, 15, 16);21;16
(5, 8, 12, 13, 14, 16);21;16
(5, 8, 12, 13, 15, 16);21;16
(5, 8, 12, 14, 15, 16);21;16
(5, 8, 13, 14, 15, 16);21;16
(5, 9, 10, 11, 12, 16);21;16
(5, 9, 10, 11, 13, 16);21;16
(5, 9, 10, 11, 14, 16);21;16
(5, 9, 10, 11, 15, 16);21;16
(5, 9, 10, 12, 13, 16);21;16
(5, 9, 10, 12, 14, 16);21;16
(5, 9, 10, 12, 15, 16);21;16
(5, 9, 10, 13, 14, 16);21;16
(5, 9, 10, 13, 15, 16);21;16
(5, 9, 10, 14, 15, 16);21;16
(5, 9, 11, 12, 13, 16);21;16
(5, 9, 11, 12, 14, 16);21;16
(5, 9, 11, 12, 15, 16);21;16
(5, 9, 11, 13, 14, 16);21;16
(5, 9, 11, 13, 15, 16);21;16
(5, 9, 11, 14, 15, 16);21;16
(5, 9, 12, 13, 14, 16);21;16
(5, 9, 12, 13, 15, 16);21;16
(5, 9, 12, 14, 15, 16);21;16
(5, 9, 13, 14, 15, 16);21;16
(5, 10, 11, 12, 13, 16);21;16
(5, 10, 11, 12, 14, 16);21;16
(5, 10, 11, 12, 15, 16);21;16
(5, 10, 11, 13, 14, 16);21;16
(5, 10, 11, 13, 15, 16);21;16
(5, 10, 11, 14, 15, 16);21;16
(5, 10, 12, 13, 14, 16);21;16
(5, 10, 12, 13, 15, 16);21;16
(5, 10, 12, 14, 15, 16);21;16
(5, 10, 13, 14, 15, 16);21;16
(5, 11, 12, 13, 14, 16);25;50
(5, 11, 12, 13, 15, 16);24;68
(5, 11, 12, 14, 15, 16);50;38
(5, 11, 13, 14, 15, 16);49;25
(5, 12, 13, 14, 15, 16);28;16
(6, 7, 8, 9, 10, 16);22;16
(6, 7, 8, 9, 11, 16);22;16
(6, 7, 8, 9, 12, 16);22;16
(6, 7, 8, 9, 13, 16);22;16
(6, 7, 8, 9, 14, 16);22;16
(6, 7, 8, 9, 15, 16);22;16
(6, 7, 8, 10, 11, 16);22;16
(6, 7, 8, 10, 12, 16);22;16
(6, 7, 8, 10, 13, 16);22;16
(6, 7, 8, 10, 14, 16);22;16
(6, 7, 8, 10, 15, 16);22;16
(6, 7, 8, 11, 12, 16);22;16
(6, 7, 8, 11, 13, 16);22;16
(6, 7, 8, 11, 14, 16);22;16
(6, 7, 8, 11, 15, 16);22;16
(6, 7, 8, 12, 13, 16);22;16
(6, 7, 8, 12, 14, 16);22;16
(6, 7, 8, 12, 15, 16);22;16
(6, 7, 8, 13, 14, 16);22;16
(6, 7, 8, 13, 15, 16);22;16
(6, 7, 8, 14, 15, 16);22;16
(6, 7, 9, 10, 11, 16);22;16
(6, 7, 9, 10, 12, 16);22;16
(6, 7, 9, 10, 13, 16);22;16
(6, 7, 9, 10, 14, 16);22;16
(6, 7, 9, 10, 15, 16);22;16
(6, 7, 9, 11, 12, 16);22;16
(6, 7, 9, 11, 13, 16);22;16
(6, 7, 9, 11, 14, 16);22;16
(6, 7, 9, 11, 15, 16);22;16
(6, 7, 9, 12, 13, 16);22;16
(6, 7, 9, 12, 14, 16);22;16
(6, 7, 9, 12, 15, 16);22;16
(6, 7, 9, 13, 14, 16);22;16
(6, 7, 9, 13, 15, 16);22;16
(6, 7, 9, 14, 15, 16);22;16
(6, 7, 10, 11, 12, 16);22;16
(6, 7, 10, 11, 13, 16);22;16
(6, 7, 10, 11, 14, 16);22;16
(6, 7, 10, 11, 15, 16);22;16
(6, 7, 10, 12, 13, 16);22;16
(6, 7, 10, 12, 14, 16);22;16
(6, 7, 10, 12, 15, 16);22;16
(6, 7, 10, 13, 14, 16);22;16
(6, 7, 10, 13, 15, 16);22;16
(6, 7, 10, 14, 15, 16);22;16
(6, 7, 11, 12, 13, 16);22;16
(6, 7, 11, 12, 14, 16);22;16
(6, 7, 11, 12, 15, 16);22;16
(6, 7, 11, 13, 14, 16);22;16
(6, 7, 11, 13, 15, 16);22;16
(6, 7, 11, 14, 15, 16);22;16
(6, 7, 12, 13, 14, 16);22;16
(6, 7, 12, 13, 15, 16);22;16
(6, 7, 12, 14, 15, 16);22;16
(6, 7, 13, 14, 15, 16);22;16
(6, 8, 9, 10, 11, 16);22;16
(6, 8, 9, 10, 12, 16);22;16
(6, 8, 9, 10, 13, 16);22;16
(6, 8, 9, 10, 14, 16);22;16
(6, 8, 9, 10, 15, 16);22;16
(6, 8, 9, 11, 12, 16);22;16
(6, 8, 9, 11, 13, 16);22;16
(6, 8, 9, 11, 14, 16);22;16
(6, 8, 9, 11, 15, 16);22;16
(6, 8, 9, 12, 13, 16);22;16
(6, 8, 9, 12, 14, 16);22;16
(6, 8, 9, 12, 15, 16);22;16
(6, 8, 9, 13, 14, 16);22;16
(6, 8, 9, 13, 15, 16);22;16
(6, 8, 9, 14, 15, 16);22;16
(6, 8, 10, 11, 12, 16);22;16
(6, 8, 10, 11, 13, 16);22;16
(6, 8, 10, 11, 14, 16);22;16
(6, 8, 10, 11, 15, 16);22;16
(6, 8, 10, 12, 13, 16);22;16
(6, 8, 10, 12, 14, 16);22;16
(6, 8, 10, 12, 15, 16);22;16
(6, 8, 10, 13, 14, 16);22;16
(6, 8, 10, 13, 15, 16);22;16
(6, 8, 10, 14, 15, 16);22;16
(6, 8, 11, 12, 13, 16);22;16
(6, 8, 11, 12, 14, 16);22;16
(6, 8, 11, 12, 15, 16);22;16
(6, 8, 11, 13, 14, 16);22;16
(6, 8, 11, 13, 15, 16);22;16
(6, 8, 11, 14, 15, 16);22;16
(6, 8, 12, 13, 14, 16);22;16
(6, 8, 12, 13, 15, 16);22;16
(6, 8, 12, 14, 15, 16);22;16
(6, 8, 13, 14, 15, 16);22;16
(6, 9, 10, 11, 12, 16);22;16
(6, 9, 10, 11, 13, 16);22;16
(6, 9, 10, 11, 14, 16);22;16
(6, 9, 10, 11, 15, 16);22;16
(6, 9, 10, 12, 13, 16);22;16
(6, 9, 10, 12, 14, 16);22;16
(6, 9, 10, 12, 15, 16);22;16
(6, 9, 10, 13, 14, 16);22;16
(6, 9, 10, 13, 15, 16);22;16
(6, 9, 10, 14, 15, 16);22;16
(6, 9, 11, 12, 13, 16);22;16
(6, 9, 11, 12, 14, 16);22;16
(6, 9, 11, 12, 15, 16);22;16
(6, 9, 11, 13, 14, 16);22;16
(6, 9, 11, 13, 15, 16);22;16
(6, 9, 11, 14, 15, 16);22;16
(6, 9, 12, 13, 14, 16);22;16
(6, 9, 12, 13, 15, 16);22;16
(6, 9, 12, 14, 15, 16);22;16
(6, 9, 13, 14, 15, 16);22;16
(6, 10, 11, 12, 13, 16);22;16
(6, 10, 11, 12, 14, 16);22;16
(6, 10, 11, 12, 15, 16);22;16
(6, 10, 11, 13, 14, 16);22;16
(6, 10, 11, 13, 15, 16);22;16
(6, 10, 11, 14, 15, 16);22;16
(6, 10, 12, 13, 14, 16);22;16
(6, 10, 12, 13, 15, 16);22;16
(6, 10, 12, 14, 15, 16);22;16
(6, 10, 13, 14, 15, 16);22;16
(6, 11, 12, 13, 14, 16);22;16
(6, 11, 12, 13, 15, 16);22;16
(6, 11, 12, 14, 15, 16);22;16
(6, 11, 13, 14, 15, 16);22;16
(6, 12, 13, 14, 15, 16);22;16
(7, 8, 9, 10, 11, 16);23;16
(7, 8, 9, 10, 12, 16);23;16
(7, 8, 9, 10, 13, 16);23;16
(7, 8, 9, 10, 14, 16);23;16
(7, 8, 9, 10, 15, 16);23;16
(7, 8, 9, 11, 12, 16);23;16
(7, 8, 9, 11, 13, 16);23;16
(7, 8, 9, 11, 14, 16);23;16
(7, 8, 9, 11, 15, 16);23;16
(7, 8, 9, 12, 13, 16);23;16
(7, 8, 9, 12, 14, 16);23;16
(7, 8, 9, 12, 15, 16);23;16
(7, 8, 9, 13, 14, 16);23;16
(7, 8, 9, 13, 15, 16);23;16
(7, 8, 9, 14, 15, 16);23;16
(7, 8, 10, 11, 12, 16);23;16
(7, 8, 10, 11, 13, 16);23;16
(7, 8, 10, 11, 14, 16);23;16
(7, 8, 10, 11, 15, 16);23;16
(7, 8, 10, 12, 13, 16);23;16
(7, 8, 10, 12, 14, 16);23;16
(7, 8, 10, 12, 15, 16);23;16
(7, 8, 10, 13, 14, 16);23;16
(7, 8, 10, 13, 15, 16);23;16
(7, 8, 10, 14, 15, 16);23;16
(7, 8, 11, 12, 13, 16);23;16
(7, 8, 11, 12, 14, 16);23;16
(7, 8, 11, 12, 15, 16);23;16
(7, 8, 11, 13, 14, 16);23;16
(7, 8, 11, 13, 15, 16);23;16
(7, 8, 11, 14, 15, 16);23;16
(7, 8, 12, 13, 14, 16);23;16
(7, 8, 12, 13, 15, 16);23;16
(7, 8, 12, 14, 15, 16);23;16
(7, 8, 13, 14, 15, 16);23;16
(7, 9, 10, 11, 12, 16);23;16
(7, 9, 10, 11, 13, 16);23;16
(7, 9, 10, 11, 14, 16);23;16
(7, 9, 10, 11, 15, 16);23;16
(7, 9, 10, 12, 13, 16);23;16
(7, 9, 10, 12, 14, 16);23;16
(7, 9, 10, 12, 15, 16);23;16
(7, 9, 10, 13, 14, 16);23;16
(7, 9, 10, 13, 15, 16);23;16
(7, 9, 10, 14, 15, 16);23;16
(7, 9, 11, 12, 13, 16);23;16
(7, 9, 11, 12, 14, 16);23;16
(7, 9, 11, 12, 15, 16);23;16
(7, 9, 11, 13, 14, 16);23;16
(7, 9, 11, 13, 15, 16);23;16
(7, 9, 11, 14, 15, 16);23;16
(7, 9, 12, 13, 14, 16);23;16
(7, 9, 12, 13, 15, 16);23;16
(7, 9, 12, 14, 15, 16);23;16
(7, 9, 13, 14, 15, 16);23;16
(7, 10, 11, 12, 13, 16);23;16
(7, 10, 11, 12, 14, 16);23;16
(7, 10, 11, 12, 15, 16);23;16
(7, 10, 11, 13, 14, 16);23;16
(7, 10, 11, 13, 15, 16);23;16
(7, 10, 11, 14, 15, 16);23;16
(7, 10, 12, 13, 14, 16);23;16
(7, 10, 12, 13, 15, 16);23;16
(7, 10, 12, 14, 15, 16);23;16
(7, 10, 13, 14, 15, 16);23;16
(7, 11, 12, 13, 14, 16);23;16
(7, 11, 12, 13, 15, 16);23;16
(7, 11, 12, 14, 15, 16);23;16
(7, 11, 13, 14, 15, 16);23;16
(7, 12, 13, 14, 15, 16);23;16
(8, 9, 10, 11, 12, 16);24;16
(8, 9, 10, 11, 13, 16);24;16
(8, 9, 10, 11, 14, 16);24;16
(8, 9, 10, 11, 15, 16);24;16
(8, 9, 10, 12, 13, 16);24;16
(8, 9, 10, 12, 14, 16);24;16
(8, 9, 10, 12, 15, 16);24;16
(8, 9, 10, 13, 14, 16);24;16
(8, 9, 10, 13, 15, 16);24;16
(8, 9, 10, 14, 15, 16);24;16
(8, 9, 11, 12, 13, 16);24;16
(8, 9, 11, 12, 14, 16);24;16
(8, 9, 11, 12, 15, 16);24;16
(8, 9, 11, 13, 14, 16);24;16
(8, 9, 11, 13, 15, 16);24;16
(8, 9, 11, 14, 15, 16);24;16
(8, 9, 12, 13, 14, 16);24;16
(8, 9, 12, 13, 15, 16);24;16
(8, 9, 12, 14, 15, 16);24;16
(8, 9, 13, 14, 15, 16);24;16
(8, 10, 11, 12, 13, 16);24;16
(8, 10, 11, 12, 14, 16);24;16
(8, 10, 11, 12, 15, 16);24;16
(8, 10, 11, 13, 14, 16);24;16
(8, 10, 11, 13, 15, 16);24;16
(8, 10, 11, 14, 15, 16);24;16
(8, 10, 12, 13, 14, 16);24;16
(8, 10, 12, 13, 15, 16);24;16
(8, 10, 12, 14, 15, 16);24;16
(8, 10, 13, 14, 15, 16);24;16
(8, 11, 12, 13, 14, 16);24;16
(8, 11, 12, 13, 15, 16);24;16
(8, 11, 12, 14, 15, 16);24;16
(8, 11, 13, 14, 15, 16);24;16
(8, 12, 13, 14, 15, 16);24;16
(9, 10, 11, 12, 13, 16);25;16
(9, 10, 11, 12, 14, 16);25;16
(9, 10, 11, 12, 15, 16);25;16
(9, 10, 11, 13, 14, 16);25;16
(9, 10, 11, 13, 15, 16);25;16
(9, 10, 11, 14, 15, 16);25;16
(9, 10, 12, 13, 14, 16);25;16
(9, 10, 12, 13, 15, 16);25;16
(9, 10, 12, 14, 15, 16);25;16
(9, 10, 13, 14, 15, 16);25;16
(9, 11, 12, 13, 14, 16);25;16
(9, 11, 12, 13, 15, 16);25;16
(9, 11, 12, 14, 15, 16);25;16
(9, 11, 13, 14, 15, 16);25;16
(9, 12, 13, 14, 15, 16);25;16
(10, 11, 12, 13, 14, 16);26;16
(10, 11, 12, 13, 15, 16);26;16
(10, 11, 12, 14, 15, 16);26;16
(10, 11, 13, 14, 15, 16);26;16
(10, 12, 13, 14, 15, 16);26;16
(11, 12, 13, 14, 15, 16);27;16
