S;p;l
(1, 2, 3, 4, 5, 11);6;11
(1, 2, 3, 4, 6, 11);5;11
(1, 2, 3, 4, 7, 11);5;11
(1, 2, 3, 4, 8, 11);5;11
(1, 2, 3, 4, 9, 11);5;11
(1, 2, 3, 4, 10, 11);12;11
(1, 2, 3, 5, 6, 11);4;11
(1, 2, 3, 5, 7, 11);4;11
(1, 2, 3, 5, 8, 11);10;11
(1, 2, 3, 5, 9, 11);4;11
(1, 2, 3, 5, 10, 11);4;11
(1, 2, 3, 6, 7, 11);4;11
(1, 2, 3, 6, 8, 11);9;11
(1, 2, 3, 6, 9, 11);4;11
(1, 2, 3, 6, 10, 11);4;11
(1, 2, 3, 7, 8, 11);9;11
(1, 2, 3, 7, 9, 11);4;11
(1, 2, 3, 7, 10, 11);4;11
(1, 2, 3, 8, 9, 11);10;11
(1, 2, 3, 8, 10, 11);9;11
(1, 2, 3, 9, 10, 11);4;11
(1, 2, 4, 5, 6, 11);10;11
(1, 2, 4, 5, 7, 11);3;11
(1, 2, 4, 5, 8, 11);3;11
(1, 2, 4, 5, 9, 11);13;11
(1, 2, 4, 5, 10, 11);3;11
(1, 2, 4, 6, 7, 11);13;11
(1, 2, 4, 6, 8, 11);10;11
(1, 2, 4, 6, 9, 11);13;11
(1, 2, 4, 6, 10, 11);20;11
(1, 2, 4, 7, 8, 11);3;11
(1, 2, 4, 7, 9, 11);16;11
(1, 2, 4, 7, 10, 11);3;11
(1, 2, 4, 8, 9, 11);13;11
(1, 2, 4, 8, 10, 11);3;11
(1, 2, 4, 9, 10, 11);18;11
(1, 2, 5, 6, 7, 11);12;11
(1, 2, 5, 6, 8, 11);17;11
(1, 2, 5, 6, 9, 11);17;11
(1, 2, 5, 6, 10, 11);31;11
(1, 2, 5, 7, 8, 11);3;11
(1, 2, 5, 7, 9, 11);16;11
(1, 2, 5, 7, 10, 11);3;11
(1, 2, 5, 8, 9, 11);10;11
(1, 2, 5, 8, 10, 11);3;11
(1, 2, 5, 9, 10, 11);18;11
(1, 2, 6, 7, 8, 11);12;11
(1, 2, 6, 7, 9, 11);13;11
(1, 2, 6, 7, 10, 11);4;11
(1, 2, 6, 8, 9, 11);17;11
(1, 2, 6, 8, 10, 11);28;35
(1, 2, 6, 9, 10, 11);39;11
(1, 2, 7, 8, 9, 11);16;11
(1, 2, 7, 8, 10, 11);3;11
(1, 2, 7, 9, 10, 11);18;11
(1, 2, 8, 9, 10, 11);18;11
(1, 3, 4, 5, 6, 11);16;11
(1, 3, 4, 5, 7, 11);8;11
(1, 3, 4, 5, 8, 11);6;13
(1, 3, 4, 5, 9, 11);8;11
(1, 3, 4, 5, 10, 11);14;11
(1, 3, 4, 6, 7, 11);10;11
(1, 3, 4, 6, 8, 11);7;11
(1, 3, 4, 6, 9, 11);12;11
(1, 3, 4, 6, 10, 11);7;11
(1, 3, 4, 7, 8, 11);12;11
(1, 3, 4, 7, 9, 11);8;11
(1, 3, 4, 7, 10, 11);14;11
(1, 3, 4, 8, 9, 11);12;11
(1, 3, 4, 8, 10, 11);7;11
(1, 3, 4, 9, 10, 11);19;11
(1, 3, 5, 6, 7, 11);12;11
(1, 3, 5, 6, 8, 11);14;11
(1, 3, 5, 6, 9, 11);12;11
(1, 3, 5, 6, 10, 11);16;11
(1, 3, 5, 7, 8, 11);16;11
(1, 3, 5, 7, 9, 11);2;11
(1, 3, 5, 7, 10, 11);20;11
(1, 3, 5, 8, 9, 11);16;11
(1, 3, 5, 8, 10, 11);18;11
(1, 3, 5, 9, 10, 11);20;11
(1, 3, 6, 7, 8, 11);14;11
(1, 3, 6, 7, 9, 11);12;11
(1, 3, 6, 7, 10, 11);16;11
(1, 3, 6, 8, 9, 11);14;11
(1, 3, 6, 8, 10, 11);7;22
(1, 3, 6, 9, 10, 11);16;11
(1, 3, 7, 8, 9, 11);16;11
(1, 3, 7, 8, 10, 11);18;11
(1, 3, 7, 9, 10, 11);20;11
(1, 3, 8, 9, 10, 11);18;11
(1, 4, 5, 6, 7, 11);10;11
(1, 4, 5, 6, 8, 11);19;36
(1, 4, 5, 6, 9, 11);10;11
(1, 4, 5, 6, 10, 11);16;11
(1, 4, 5, 7, 8, 11);12;11
(1, 4, 5, 7, 9, 11);8;11
(1, 4, 5, 7, 10, 11);14;11
(1, 4, 5, 8, 9, 11);12;11
(1, 4, 5, 8, 10, 11);3;24
(1, 4, 5, 9, 10, 11);14;11
(1, 4, 6, 7, 8, 11);29;25
(1, 4, 6, 7, 9, 11);18;11
(1, 4, 6, 7, 10, 11);17;11
(1, 4, 6, 8, 9, 11);17;11
(1, 4, 6, 8, 10, 11);7;14
(1, 4, 6, 9, 10, 11);19;11
(1, 4, 7, 8, 9, 11);15;11
(1, 4, 7, 8, 10, 11);31;11
(1, 4, 7, 9, 10, 11);20;11
(1, 4, 8, 9, 10, 11);19;11
(1, 5, 6, 7, 8, 11);14;11
(1, 5, 6, 7, 9, 11);12;11
(1, 5, 6, 7, 10, 11);16;11
(1, 5, 6, 8, 9, 11);14;11
(1, 5, 6, 8, 10, 11);16;11
(1, 5, 6, 9, 10, 11);16;11
(1, 5, 7, 8, 9, 11);16;11
(1, 5, 7, 8, 10, 11);18;11
(1, 5, 7, 9, 10, 11);20;11
(1, 5, 8, 9, 10, 11);18;11
(1, 6, 7, 8, 9, 11);14;11
(1, 6, 7, 8, 10, 11);16;11
(1, 6, 7, 9, 10, 11);16;11
(1, 6, 8, 9, 10, 11);19;11
(1, 7, 8, 9, 10, 11);18;11
(2, 3, 4, 5, 6, 11);8;11
(2, 3, 4, 5, 7, 11);9;11
(2, 3, 4, 5, 8, 11);13;11
(2, 3, 4, 5, 9, 11);7;11
(2, 3, 4, 5, 10, 11);7;11
(2, 3, 4, 6, 7, 11);9;11
(2, 3, 4, 6, 8, 11);5;14
(2, 3, 4, 6, 9, 11);5;12
(2, 3, 4, 6, 10, 11);8;11
(2, 3, 4, 7, 8, 11);15;11
(2, 3, 4, 7, 9, 11);32;11
(2, 3, 4, 7, 10, 11);14;11
(2, 3, 4, 8, 9, 11);19;11
(2, 3, 4, 8, 10, 11);19;11
(2, 3, 4, 9, 10, 11);13;11
(2, 3, 5, 6, 7, 11);9;11
(2, 3, 5, 6, 8, 11);46;11
(2, 3, 5, 6, 9, 11);30;11
(2, 3, 5, 6, 10, 11);8;11
(2, 3, 5, 7, 8, 11);10;22
(2, 3, 5, 7, 9, 11);13;11
(2, 3, 5, 7, 10, 11);4;17
(2, 3, 5, 8, 9, 11);13;22
(2, 3, 5, 8, 10, 11);13;11
(2, 3, 5, 9, 10, 11);7;11
(2, 3, 6, 7, 8, 11);14;11
(2, 3, 6, 7, 9, 11);30;11
(2, 3, 6, 7, 10, 11);13;11
(2, 3, 6, 8, 9, 11);32;30
(2, 3, 6, 8, 10, 11);18;11
(2, 3, 6, 9, 10, 11);37;23
(2, 3, 7, 8, 9, 11);18;23
(2, 3, 7, 8, 10, 11);18;11
(2, 3, 7, 9, 10, 11);18;11
(2, 3, 8, 9, 10, 11);18;34
(2, 4, 5, 6, 7, 11);9;11
(2, 4, 5, 6, 8, 11);10;12
(2, 4, 5, 6, 9, 11);15;11
(2, 4, 5, 6, 10, 11);8;11
(2, 4, 5, 7, 8, 11);3;12
(2, 4, 5, 7, 9, 11);13;11
(2, 4, 5, 7, 10, 11);3;17
(2, 4, 5, 8, 9, 11);13;11
(2, 4, 5, 8, 10, 11);13;11
(2, 4, 5, 9, 10, 11);7;11
(2, 4, 6, 7, 8, 11);22;11
(2, 4, 6, 7, 9, 11);13;11
(2, 4, 6, 7, 10, 11);30;11
(2, 4, 6, 8, 9, 11);13;11
(2, 4, 6, 8, 10, 11);13;11
(2, 4, 6, 9, 10, 11);28;11
(2, 4, 7, 8, 9, 11);16;18
(2, 4, 7, 8, 10, 11);3;17
(2, 4, 7, 9, 10, 11);32;11
(2, 4, 8, 9, 10, 11);19;11
(2, 5, 6, 7, 8, 11);13;11
(2, 5, 6, 7, 9, 11);30;11
(2, 5, 6, 7, 10, 11);4;29
(2, 5, 6, 8, 9, 11);17;11
(2, 5, 6, 8, 10, 11);16;11
(2, 5, 6, 9, 10, 11);36;16
(2, 5, 7, 8, 9, 11);30;11
(2, 5, 7, 8, 10, 11);29;11
(2, 5, 7, 9, 10, 11);16;11
(2, 5, 8, 9, 10, 11);19;11
(2, 6, 7, 8, 9, 11);17;11
(2, 6, 7, 8, 10, 11);17;11
(2, 6, 7, 9, 10, 11);17;11
(2, 6, 8, 9, 10, 11);17;11
(2, 7, 8, 9, 10, 11);17;11
(3, 4, 5, 6, 7, 11);18;11
(3, 4, 5, 6, 8, 11);14;11
(3, 4, 5, 6, 9, 11);14;11
(3, 4, 5, 6, 10, 11);16;11
(3, 4, 5, 7, 8, 11);14;11
(3, 4, 5, 7, 9, 11);14;11
(3, 4, 5, 7, 10, 11);14;11
(3, 4, 5, 8, 9, 11);14;11
(3, 4, 5, 8, 10, 11);14;11
(3, 4, 5, 9, 10, 11);14;11
(3, 4, 6, 7, 8, 11);14;11
(3, 4, 6, 7, 9, 11);14;11
(3, 4, 6, 7, 10, 11);14;11
(3, 4, 6, 8, 9, 11);14;11
(3, 4, 6, 8, 10, 11);14;11
(3, 4, 6, 9, 10, 11);14;11
(3, 4, 7, 8, 9, 11);14;11
(3, 4, 7, 8, 10, 11);14;11
(3, 4, 7, 9, 10, 11);14;11
(3, 4, 8, 9, 10, 11);19;11
(3, 5, 6, 7, 8, 11);14;11
(3, 5, 6, 7, 9, 11);14;11
(3, 5, 6, 7, 10, 11);14;11
(3, 5, 6, 8, 9, 11);14;11
(3, 5, 6, 8, 10, 11);14;11
(3, 5, 6, 9, 10, 11);14;11
(3, 5, 7, 8, 9, 11);14;11
(3, 5, 7, 8, 10, 11);14;11
(3, 5, 7, 9, 10, 11);14;11
(3, 5, 8, 9, 10, 11);14;11
(3, 6, 7, 8, 9, 11);14;11
(3, 6, 7, 8, 10, 11);14;11
(3, 6, 7, 9, 10, 11);14;11
(3, 6, 8, 9, 10, 11);14;11
(3, 7, 8, 9, 10, 11);18;11
(4, 5, 6, 7, 8, 11);15;11
(4, 5, 6, 7, 9, 11);15;11
(4, 5, 6, 7, 10, 11);15;11
(4, 5, 6, 8, 9, 11);15;11
(4, 5, 6, 8, 10, 11);15;11
(4, 5, 6, 9, 10, 11);15;11
(4, 5, 7, 8, 9, 11);15;11
(4, 5, 7, 8, 10, 11);15;11
(4, 5, 7, 9, 10, 11);15;11
(4, 5, 8, 9, 10, 11);15;11
(4, 6, 7, 8, 9, 11);15;11
(4, 6, 7, 8, 10, 11);15;11
(4, 6, 7, 9, 10, 11);15;11
(4, 6, 8, 9, 10, 11);15;11
(4, 7, 8, 9, 10, 11);15;11
(5, 6, 7, 8, 9, 11);16;11
(5, 6, 7, 8, 10, 11);16;11
(5, 6, 7, 9, 10, 11);16;11
(5, 6, 8, 9, 10, 11);16;11
(5, 7, 8, 9, 10, 11);16;11
(6, 7, 8, 9, 10, 11);17;11
