max_a;duration
1;0.002997875213623047
2;0.0030002593994140625
3;0.0034482479095458984
4;0.004262685775756836
5;0.0051457881927490234
6;0.007999420166015625
7;0.013999462127685547
8;0.025002241134643555
9;0.022004365921020508
10;0.01951456069946289
11;0.033006906509399414
12;0.03553462028503418
13;0.048508644104003906
14;0.06453156471252441
15;0.0820012092590332
16;0.15579915046691895
17;0.15050029754638672
18;0.1793808937072754
19;0.23430752754211426
20;0.28091955184936523
21;0.346527099609375
22;0.48450493812561035
23;0.5499758720397949
24;0.6450815200805664
25;0.7575304508209229
26;0.8828761577606201
27;1.0246577262878418
28;1.3233973979949951
29;1.5043301582336426
30;1.6016008853912354
31;1.9430911540985107
32;2.349857807159424
33;2.7034454345703125
34;3.0282680988311768
35;3.3731253147125244
36;3.819333553314209
37;4.418505430221558
38;5.0320727825164795
39;5.598016023635864
40;6.339012145996094
41;6.979921817779541
42;7.592278718948364
43;8.563989877700806
44;9.601233005523682
45;10.386510848999023
46;11.711626768112183
47;13.054558277130127
48;14.141699075698853
49;15.583321809768677
50;17.599684238433838
51;18.940425872802734
52;20.73872208595276
53;22.2694730758667
54;24.187418699264526
55;26.4328932762146
56;29.084997415542603
57;31.035969495773315
58;34.50729513168335
59;38.01321768760681
60;40.843417167663574
61;44.38637661933899
62;45.196194648742676
63;47.622384548187256
64;52.67202877998352
65;55.95268702507019
66;60.19594693183899
67;66.30448389053345
68;69.91812872886658
69;73.29101204872131
70;80.32742643356323
71;85.79575848579407
72;90.88301181793213
73;97.3522891998291
74;102.3787784576416
75;108.55169916152954
76;122.65494775772095
77;125.79642820358276
78;135.30996584892273
79;146.6653311252594
80;156.6946620941162
81;161.22009539604187
82;174.47413659095764
83;187.30703234672546
84;198.53756713867188
85;207.82464814186096
86;220.34916591644287
87;228.39238739013672
88;250.20781922340393
89;260.607373714447
90;262.15051317214966
