max_a;duration
1;0.056878089904785156
2;0.0020666122436523438
3;0.0035064220428466797
4;0.003072500228881836
5;0.003415822982788086
6;0.005506038665771484
7;0.01454472541809082
8;0.018158435821533203
9;0.03247499465942383
10;0.1089932918548584
11;0.1699357032775879
12;0.160599946975708
13;0.4416685104370117
14;0.41765499114990234
15;1.2481398582458496
16;2.06982684135437
17;3.248837947845459
18;3.7790918350219727
19;9.047435283660889
20;3.7797510623931885
21;6.510254383087158
22;17.039000988006592
23;37.89916229248047
24;25.56834053993225
25;59.399635553359985
26;55.73337960243225
27;127.03723549842834
28;110.61236500740051
29;212.3923418521881
30;63.296929121017456
31;433.40065836906433
32;262.4841659069061
33;292.40538930892944
34;542.9265055656433
35;832.0238852500916
36;646.2828674316406
37;1590.6609365940094
