max_a;duration
1;0.002988100051879883
2;0.0029993057250976562
3;0.004002571105957031
4;0.005001068115234375
5;0.003997325897216797
6;0.0069997310638427734
7;0.019002199172973633
8;0.0639958381652832
9;0.054000139236450195
10;0.15211105346679688
11;0.3657808303833008
12;0.7688074111938477
13;1.3134715557098389
14;3.8994414806365967
15;4.510868072509766
16;13.667495727539062
17;23.15723943710327
18;30.048612594604492
19;53.195268630981445
20;83.75118899345398
21;177.67559504508972
22;440.4853298664093
23;564.0981256961823
24;766.1579654216766
25;999.1340870857239
