max_a;duration
1;0.0026688575744628906
2;0.003838062286376953
3;0.018343448638916016
4;0.004504203796386719
5;0.0036020278930664062
6;0.005726337432861328
7;0.009526729583740234
8;0.033570051193237305
9;0.1442570686340332
10;0.16281509399414062
11;0.47709012031555176
12;1.6360447406768799
13;2.8946354389190674
14;6.217874050140381
15;19.017176151275635
16;29.757772207260132
17;66.62341213226318
18;95.76395201683044
19;283.9012348651886
20;399.7295935153961
21;898.7703855037689
22;1356.213078737259
