S;p;l
(1, 2, 11);3;11
(1, 3, 11);2;11
(1, 4, 11);5;11
(1, 5, 11);2;11
(1, 6, 11);12;11
(1, 7, 11);2;11
(1, 8, 11);19;13
(1, 9, 11);2;11
(1, 10, 11);20;11
(2, 3, 11);14;11
(2, 4, 11);13;11
(2, 5, 11);13;14
(2, 6, 11);17;11
(2, 7, 11);9;11
(2, 8, 11);13;22
(2, 9, 11);38;11
(2, 10, 11);21;11
(3, 4, 11);7;11
(3, 5, 11);8;11
(3, 6, 11);9;12
(3, 7, 11);14;11
(3, 8, 11);54;11
(3, 9, 11);20;11
(3, 10, 11);7;17
(4, 5, 11);16;11
(4, 6, 11);5;27
(4, 7, 11);15;11
(4, 8, 11);15;11
(4, 9, 11);5;40
(4, 10, 11);7;15
(5, 6, 11);16;11
(5, 7, 11);16;11
(5, 8, 11);16;11
(5, 9, 11);16;11
(5, 10, 11);16;11
(6, 7, 11);17;11
(6, 8, 11);17;11
(6, 9, 11);17;11
(6, 10, 11);17;11
(7, 8, 11);18;11
(7, 9, 11);18;11
(7, 10, 11);18;11
(8, 9, 11);19;11
(8, 10, 11);19;11
(9, 10, 11);20;11
