S;p;l
(1, 2, 24);25;24
(1, 3, 24);27;24
(1, 4, 24);5;24
(1, 5, 24);29;24
(1, 6, 24);30;24
(1, 7, 24);31;24
(1, 8, 24);25;24
(1, 9, 24);33;24
(1, 10, 24);34;62
(1, 11, 24);35;24
(1, 12, 24);36;24
(1, 13, 24);37;24
(1, 14, 24);38;24
(1, 15, 24);39;24
(1, 16, 24);40;24
(1, 17, 24);41;24
(1, 18, 24);42;24
(1, 19, 24);43;24
(1, 20, 24);44;24
(1, 21, 24);45;24
(1, 22, 24);23;24
(1, 23, 24);47;24
(2, 3, 24);26;24
(2, 4, 24);26;24
(2, 5, 24);29;24
(2, 6, 24);30;24
(2, 7, 24);31;24
(2, 8, 24);26;24
(2, 9, 24);11;24
(2, 10, 24);34;24
(2, 11, 24);13;24
(2, 12, 24);36;24
(2, 13, 24);26;24
(2, 14, 24);38;24
(2, 15, 24);13;28
(2, 16, 24);40;24
(2, 17, 24);41;27
(2, 18, 24);42;24
(2, 19, 24);43;28
(2, 20, 24);22;24
(2, 21, 24);45;27
(2, 22, 24);46;24
(2, 23, 24);47;28
(3, 4, 24);7;24
(3, 5, 24);27;24
(3, 6, 24);9;24
(3, 7, 24);31;24
(3, 8, 24);27;24
(3, 9, 24);33;24
(3, 10, 24);27;30
(3, 11, 24);7;31
(3, 12, 24);36;24
(3, 13, 24);16;33
(3, 14, 24);38;28
(3, 15, 24);39;24
(3, 16, 24);40;30
(3, 17, 24);27;30
(3, 18, 24);21;24
(3, 19, 24);27;77
(3, 20, 24);44;28
(3, 21, 24);45;24
(3, 22, 24);46;30
(3, 23, 24);47;83
(4, 5, 24);28;24
(4, 6, 24);10;24
(4, 7, 24);28;59
(4, 8, 24);28;24
(4, 9, 24);28;66
(4, 10, 24);14;24
(4, 11, 24);7;100
(4, 12, 24);36;24
(4, 13, 24);37;32
(4, 14, 24);28;24
(4, 15, 24);19;24
(4, 16, 24);20;24
(4, 17, 24);7;61
(4, 18, 24);14;30
(4, 19, 24);43;29
(4, 20, 24);44;24
(4, 21, 24);45;32
(4, 22, 24);46;32
(4, 23, 24);28;87
(5, 6, 24);30;24
(5, 7, 24);29;24
(5, 8, 24);29;24
(5, 9, 24);29;24
(5, 10, 24);15;24
(5, 11, 24);16;48
(5, 12, 24);36;24
(5, 13, 24);37;24
(5, 14, 24);19;24
(5, 15, 24);39;24
(5, 16, 24);40;24
(5, 17, 24);41;24
(5, 18, 24);42;72
(5, 19, 24);39;24
(5, 20, 24);29;131
(5, 21, 24);29;54
(5, 22, 24);46;28
(5, 23, 24);47;29
(6, 7, 24);30;24
(6, 8, 24);30;24
(6, 9, 24);15;24
(6, 10, 24);16;24
(6, 11, 24);17;24
(6, 12, 24);18;24
(6, 13, 24);19;24
(6, 14, 24);10;24
(6, 15, 24);30;24
(6, 16, 24);10;32
(6, 17, 24);41;31
(6, 18, 24);42;24
(6, 19, 24);43;36
(6, 20, 24);44;36
(6, 21, 24);15;36
(6, 22, 24);30;36
(6, 23, 24);30;36
(7, 8, 24);31;24
(7, 9, 24);16;24
(7, 10, 24);17;24
(7, 11, 24);35;24
(7, 12, 24);36;24
(7, 13, 24);37;93
(7, 14, 24);31;28
(7, 15, 24);31;28
(7, 16, 24);31;48
(7, 17, 24);259;24
(7, 18, 24);42;78
(7, 19, 24);43;24
(7, 20, 24);44;24
(7, 21, 24);45;24
(7, 22, 24);46;38
(7, 23, 24);31;38
(8, 9, 24);33;24
(8, 10, 24);34;24
(8, 11, 24);35;24
(8, 12, 24);36;24
(8, 13, 24);37;37
(8, 14, 24);38;38
(8, 15, 24);39;99
(8, 16, 24);32;24
(8, 17, 24);41;102
(8, 18, 24);42;36
(8, 19, 24);43;37
(8, 20, 24);44;24
(8, 21, 24);45;24
(8, 22, 24);46;24
(8, 23, 24);47;24
(9, 10, 24);34;24
(9, 11, 24);35;24
(9, 12, 24);36;24
(9, 13, 24);11;73
(9, 14, 24);33;38
(9, 15, 24);33;24
(9, 16, 24);33;24
(9, 17, 24);33;24
(9, 18, 24);33;24
(9, 19, 24);33;38
(9, 20, 24);11;88
(9, 21, 24);15;33
(9, 22, 24);31;33
(9, 23, 24);32;33
(10, 11, 24);35;24
(10, 12, 24);36;24
(10, 13, 24);37;111
(10, 14, 24);34;24
(10, 15, 24);34;24
(10, 16, 24);34;24
(10, 17, 24);34;24
(10, 18, 24);34;24
(10, 19, 24);34;24
(10, 20, 24);34;24
(10, 21, 24);31;136
(10, 22, 24);32;34
(10, 23, 24);33;34
(11, 12, 24);36;24
(11, 13, 24);35;24
(11, 14, 24);35;24
(11, 15, 24);35;24
(11, 16, 24);35;24
(11, 17, 24);35;24
(11, 18, 24);35;24
(11, 19, 24);35;24
(11, 20, 24);35;24
(11, 21, 24);35;24
(11, 22, 24);35;24
(11, 23, 24);34;35
(12, 13, 24);36;24
(12, 14, 24);36;24
(12, 15, 24);36;24
(12, 16, 24);36;24
(12, 17, 24);36;24
(12, 18, 24);36;24
(12, 19, 24);36;24
(12, 20, 24);36;24
(12, 21, 24);36;24
(12, 22, 24);36;24
(12, 23, 24);36;24
(13, 14, 24);37;24
(13, 15, 24);37;24
(13, 16, 24);37;24
(13, 17, 24);37;24
(13, 18, 24);37;24
(13, 19, 24);37;24
(13, 20, 24);37;24
(13, 21, 24);37;24
(13, 22, 24);37;24
(13, 23, 24);37;24
(14, 15, 24);38;24
(14, 16, 24);38;24
(14, 17, 24);38;24
(14, 18, 24);38;24
(14, 19, 24);38;24
(14, 20, 24);38;24
(14, 21, 24);38;24
(14, 22, 24);38;24
(14, 23, 24);38;24
(15, 16, 24);39;24
(15, 17, 24);39;24
(15, 18, 24);39;24
(15, 19, 24);39;24
(15, 20, 24);39;24
(15, 21, 24);39;24
(15, 22, 24);39;24
(15, 23, 24);39;24
(16, 17, 24);40;24
(16, 18, 24);40;24
(16, 19, 24);40;24
(16, 20, 24);40;24
(16, 21, 24);40;24
(16, 22, 24);40;24
(16, 23, 24);40;24
(17, 18, 24);41;24
(17, 19, 24);41;24
(17, 20, 24);41;24
(17, 21, 24);41;24
(17, 22, 24);41;24
(17, 23, 24);41;24
(18, 19, 24);42;24
(18, 20, 24);42;24
(18, 21, 24);42;24
(18, 22, 24);42;24
(18, 23, 24);42;24
(19, 20, 24);43;24
(19, 21, 24);43;24
(19, 22, 24);43;24
(19, 23, 24);43;24
(20, 21, 24);44;24
(20, 22, 24);44;24
(20, 23, 24);44;24
(21, 22, 24);45;24
(21, 23, 24);45;24
(22, 23, 24);46;24
