S;p;l
(1, 2, 37);3;37
(1, 3, 37);2;37
(1, 4, 37);38;37
(1, 5, 37);2;37
(1, 6, 37);38;39
(1, 7, 37);2;37
(1, 8, 37);9;37
(1, 9, 37);2;37
(1, 10, 37);38;88
(1, 11, 37);2;37
(1, 12, 37);49;37
(1, 13, 37);2;37
(1, 14, 37);51;37
(1, 15, 37);2;37
(1, 16, 37);53;37
(1, 17, 37);2;37
(1, 18, 37);19;37
(1, 19, 37);2;37
(1, 20, 37);19;39
(1, 21, 37);2;37
(1, 22, 37);59;39
(1, 23, 37);2;37
(1, 24, 37);61;39
(1, 25, 37);2;37
(1, 26, 37);63;39
(1, 27, 37);2;37
(1, 28, 37);65;39
(1, 29, 37);2;37
(1, 30, 37);67;39
(1, 31, 37);2;37
(1, 32, 37);69;39
(1, 33, 37);2;37
(1, 34, 37);71;39
(1, 35, 37);2;37
(1, 36, 37);72;37
(2, 3, 37);5;37
(2, 4, 37);3;38
(2, 5, 37);7;37
(2, 6, 37);43;37
(2, 7, 37);44;37
(2, 8, 37);5;42
(2, 9, 37);39;90
(2, 10, 37);47;37
(2, 11, 37);13;37
(2, 12, 37);7;96
(2, 13, 37);50;37
(2, 14, 37);51;37
(2, 15, 37);13;97
(2, 16, 37);39;154
(2, 17, 37);54;37
(2, 18, 37);55;37
(2, 19, 37);56;41
(2, 20, 37);57;107
(2, 21, 37);58;37
(2, 22, 37);59;37
(2, 23, 37);60;41
(2, 24, 37);13;147
(2, 25, 37);62;37
(2, 26, 37);63;37
(2, 27, 37);64;41
(2, 28, 37);13;248
(2, 29, 37);66;37
(2, 30, 37);67;37
(2, 31, 37);68;41
(2, 32, 37);69;187
(2, 33, 37);35;37
(2, 34, 37);71;37
(2, 35, 37);71;37
(2, 36, 37);73;118
(3, 4, 37);41;37
(3, 5, 37);8;37
(3, 6, 37);40;39
(3, 7, 37);10;37
(3, 8, 37);45;37
(3, 9, 37);46;37
(3, 10, 37);40;43
(3, 11, 37);48;37
(3, 12, 37);5;109
(3, 13, 37);2;114
(3, 14, 37);17;37
(3, 15, 37);52;37
(3, 16, 37);53;102
(3, 17, 37);20;37
(3, 18, 37);55;45
(3, 19, 37);56;37
(3, 20, 37);40;37
(3, 21, 37);58;37
(3, 22, 37);59;43
(3, 23, 37);20;43
(3, 24, 37);27;178
(3, 25, 37);62;37
(3, 26, 37);63;41
(3, 27, 37);64;37
(3, 28, 37);65;43
(3, 29, 37);66;43
(3, 30, 37);40;189
(3, 31, 37);34;37
(3, 32, 37);69;41
(3, 33, 37);70;37
(3, 34, 37);70;37
(3, 35, 37);2;112
(3, 36, 37);73;201
(4, 5, 37);42;37
(4, 6, 37);41;37
(4, 7, 37);11;37
(4, 8, 37);41;40
(4, 9, 37);41;92
(4, 10, 37);41;42
(4, 11, 37);48;37
(4, 12, 37);49;37
(4, 13, 37);50;37
(4, 14, 37);41;144
(4, 15, 37);41;60
(4, 16, 37);41;61
(4, 17, 37);41;104
(4, 18, 37);11;213
(4, 19, 37);56;37
(4, 20, 37);57;37
(4, 21, 37);58;37
(4, 22, 37);59;37
(4, 23, 37);60;206
(4, 24, 37);41;89
(4, 25, 37);62;44
(4, 26, 37);41;171
(4, 27, 37);64;37
(4, 28, 37);65;37
(4, 29, 37);33;37
(4, 30, 37);67;37
(4, 31, 37);68;195
(4, 32, 37);41;193
(4, 33, 37);268;37
(4, 34, 37);71;195
(4, 35, 37);72;37
(4, 36, 37);73;37
(5, 6, 37);43;37
(5, 7, 37);2;112
(5, 8, 37);42;37
(5, 9, 37);14;37
(5, 10, 37);15;37
(5, 11, 37);16;37
(5, 12, 37);42;37
(5, 13, 37);42;56
(5, 14, 37);51;37
(5, 15, 37);52;37
(5, 16, 37);21;37
(5, 17, 37);54;37
(5, 18, 37);55;37
(5, 19, 37);2;224
(5, 20, 37);25;107
(5, 21, 37);42;37
(5, 22, 37);59;171
(5, 23, 37);2;236
(5, 24, 37);61;37
(5, 25, 37);62;37
(5, 26, 37);21;47
(5, 27, 37);32;37
(5, 28, 37);65;37
(5, 29, 37);2;264
(5, 30, 37);7;210
(5, 31, 37);2;180
(5, 32, 37);330;37
(5, 33, 37);2;136
(5, 34, 37);71;37
(5, 35, 37);72;37
(5, 36, 37);73;47
(6, 7, 37);43;37
(6, 8, 37);43;37
(6, 9, 37);15;37
(6, 10, 37);47;37
(6, 11, 37);43;91
(6, 12, 37);43;42
(6, 13, 37);50;109
(6, 14, 37);51;150
(6, 15, 37);21;43
(6, 16, 37);43;44
(6, 17, 37);54;153
(6, 18, 37);55;37
(6, 19, 37);56;49
(6, 20, 37);57;49
(6, 21, 37);43;49
(6, 22, 37);43;37
(6, 23, 37);29;37
(6, 24, 37);30;37
(6, 25, 37);31;37
(6, 26, 37);32;93
(6, 27, 37);43;45
(6, 28, 37);65;45
(6, 29, 37);66;44
(6, 30, 37);67;37
(6, 31, 37);67;37
(6, 32, 37);69;258
(6, 33, 37);39;317
(6, 34, 37);71;132
(6, 35, 37);43;133
(6, 36, 37);43;134
(7, 8, 37);15;37
(7, 9, 37);46;37
(7, 10, 37);47;37
(7, 11, 37);44;66
(7, 12, 37);44;37
(7, 13, 37);44;37
(7, 14, 37);44;37
(7, 15, 37);22;37
(7, 16, 37);44;46
(7, 17, 37);44;72
(7, 18, 37);11;323
(7, 19, 37);56;37
(7, 20, 37);57;37
(7, 21, 37);58;37
(7, 22, 37);44;37
(7, 23, 37);30;37
(7, 24, 37);61;37
(7, 25, 37);62;37
(7, 26, 37);11;285
(7, 27, 37);44;74
(7, 28, 37);35;179
(7, 29, 37);2;340
(7, 30, 37);434;37
(7, 31, 37);2;248
(7, 32, 37);69;207
(7, 33, 37);70;37
(7, 34, 37);71;37
(7, 35, 37);72;37
(7, 36, 37);73;51
(8, 9, 37);46;37
(8, 10, 37);9;177
(8, 11, 37);45;37
(8, 12, 37);45;37
(8, 13, 37);45;37
(8, 14, 37);45;37
(8, 15, 37);23;37
(8, 16, 37);24;37
(8, 17, 37);5;243
(8, 18, 37);55;129
(8, 19, 37);56;37
(8, 20, 37);57;37
(8, 21, 37);29;37
(8, 22, 37);15;37
(8, 23, 37);15;46
(8, 24, 37);61;37
(8, 25, 37);62;37
(8, 26, 37);63;37
(8, 27, 37);64;128
(8, 28, 37);9;312
(8, 29, 37);61;37
(8, 30, 37);67;301
(8, 31, 37);45;172
(8, 32, 37);5;393
(8, 33, 37);5;543
(8, 34, 37);71;180
(8, 35, 37);72;132
(8, 36, 37);44;134
(9, 10, 37);46;37
(9, 11, 37);46;37
(9, 12, 37);46;37
(9, 13, 37);46;37
(9, 14, 37);23;37
(9, 15, 37);24;37
(9, 16, 37);25;37
(9, 17, 37);26;37
(9, 18, 37);27;37
(9, 19, 37);28;37
(9, 20, 37);29;37
(9, 21, 37);30;37
(9, 22, 37);46;37
(9, 23, 37);46;37
(9, 24, 37);46;48
(9, 25, 37);62;48
(9, 26, 37);63;47
(9, 27, 37);64;37
(9, 28, 37);64;37
(9, 29, 37);2;310
(9, 30, 37);46;353
(9, 31, 37);2;386
(9, 32, 37);23;115
(9, 33, 37);46;88
(9, 34, 37);46;89
(9, 35, 37);46;90
(9, 36, 37);46;91
(10, 11, 37);47;37
(10, 12, 37);47;37
(10, 13, 37);47;37
(10, 14, 37);24;37
(10, 15, 37);25;37
(10, 16, 37);26;37
(10, 17, 37);27;37
(10, 18, 37);55;37
(10, 19, 37);47;271
(10, 20, 37);30;40
(10, 21, 37);31;40
(10, 22, 37);47;40
(10, 23, 37);47;40
(10, 24, 37);47;72
(10, 25, 37);47;232
(10, 26, 37);63;279
(10, 27, 37);610;37
(10, 28, 37);47;250
(10, 29, 37);66;37
(10, 30, 37);67;37
(10, 31, 37);68;57
(10, 32, 37);69;57
(10, 33, 37);70;57
(10, 34, 37);47;57
(10, 35, 37);47;57
(10, 36, 37);47;57
(11, 12, 37);48;37
(11, 13, 37);24;37
(11, 14, 37);25;37
(11, 15, 37);26;37
(11, 16, 37);53;37
(11, 17, 37);54;37
(11, 18, 37);55;37
(11, 19, 37);56;112
(11, 20, 37);57;259
(11, 21, 37);16;54
(11, 22, 37);48;44
(11, 23, 37);48;44
(11, 24, 37);48;37
(11, 25, 37);2;312
(11, 26, 37);616;37
(11, 27, 37);2;522
(11, 28, 37);13;296
(11, 29, 37);66;122
(11, 30, 37);67;37
(11, 31, 37);68;37
(11, 32, 37);69;37
(11, 33, 37);70;37
(11, 34, 37);71;59
(11, 35, 37);24;59
(11, 36, 37);48;59
(12, 13, 37);25;37
(12, 14, 37);51;37
(12, 15, 37);52;37
(12, 16, 37);53;37
(12, 17, 37);54;37
(12, 18, 37);55;37
(12, 19, 37);56;166
(12, 20, 37);57;167
(12, 21, 37);33;87
(12, 22, 37);49;157
(12, 23, 37);7;372
(12, 24, 37);49;48
(12, 25, 37);612;37
(12, 26, 37);7;522
(12, 27, 37);49;118
(12, 28, 37);65;186
(12, 29, 37);41;111
(12, 30, 37);67;380
(12, 31, 37);68;37
(12, 32, 37);69;37
(12, 33, 37);70;37
(12, 34, 37);71;37
(12, 35, 37);72;37
(12, 36, 37);73;37
(13, 14, 37);51;37
(13, 15, 37);52;37
(13, 16, 37);53;37
(13, 17, 37);54;37
(13, 18, 37);55;37
(13, 19, 37);2;336
(13, 20, 37);33;157
(13, 21, 37);50;58
(13, 22, 37);50;255
(13, 23, 37);2;304
(13, 24, 37);50;37
(13, 25, 37);50;37
(13, 26, 37);50;37
(13, 27, 37);2;310
(13, 28, 37);50;235
(13, 29, 37);50;58
(13, 30, 37);67;132
(13, 31, 37);2;378
(13, 32, 37);69;47
(13, 33, 37);70;48
(13, 34, 37);71;49
(13, 35, 37);24;50
(13, 36, 37);49;50
(14, 15, 37);52;37
(14, 16, 37);53;37
(14, 17, 37);54;37
(14, 18, 37);55;37
(14, 19, 37);56;112
(14, 20, 37);17;113
(14, 21, 37);51;93
(14, 22, 37);51;338
(14, 23, 37);51;37
(14, 24, 37);51;37
(14, 25, 37);51;37
(14, 26, 37);51;37
(14, 27, 37);51;37
(14, 28, 37);51;37
(14, 29, 37);51;302
(14, 30, 37);51;134
(14, 31, 37);17;136
(14, 32, 37);23;107
(14, 33, 37);47;51
(14, 34, 37);48;51
(14, 35, 37);49;51
(14, 36, 37);50;51
(15, 16, 37);53;37
(15, 17, 37);54;37
(15, 18, 37);55;37
(15, 19, 37);56;168
(15, 20, 37);52;149
(15, 21, 37);2;374
(15, 22, 37);52;37
(15, 23, 37);52;37
(15, 24, 37);52;37
(15, 25, 37);52;37
(15, 26, 37);52;37
(15, 27, 37);52;37
(15, 28, 37);52;37
(15, 29, 37);52;37
(15, 30, 37);52;37
(15, 31, 37);2;370
(15, 32, 37);52;190
(15, 33, 37);48;160
(15, 34, 37);49;52
(15, 35, 37);50;52
(15, 36, 37);51;52
(16, 17, 37);54;37
(16, 18, 37);55;37
(16, 19, 37);53;314
(16, 20, 37);53;207
(16, 21, 37);53;37
(16, 22, 37);53;37
(16, 23, 37);53;37
(16, 24, 37);53;37
(16, 25, 37);53;37
(16, 26, 37);53;37
(16, 27, 37);53;37
(16, 28, 37);53;37
(16, 29, 37);53;37
(16, 30, 37);53;37
(16, 31, 37);53;37
(16, 32, 37);53;37
(16, 33, 37);53;246
(16, 34, 37);53;318
(16, 35, 37);51;53
(16, 36, 37);52;53
(17, 18, 37);55;37
(17, 19, 37);2;448
(17, 20, 37);54;37
(17, 21, 37);54;37
(17, 22, 37);54;37
(17, 23, 37);54;37
(17, 24, 37);54;37
(17, 25, 37);54;37
(17, 26, 37);54;37
(17, 27, 37);54;37
(17, 28, 37);54;37
(17, 29, 37);54;37
(17, 30, 37);54;37
(17, 31, 37);54;37
(17, 32, 37);54;37
(17, 33, 37);54;37
(17, 34, 37);54;37
(17, 35, 37);2;434
(17, 36, 37);53;54
(18, 19, 37);55;37
(18, 20, 37);55;37
(18, 21, 37);55;37
(18, 22, 37);55;37
(18, 23, 37);55;37
(18, 24, 37);55;37
(18, 25, 37);55;37
(18, 26, 37);55;37
(18, 27, 37);55;37
(18, 28, 37);55;37
(18, 29, 37);55;37
(18, 30, 37);55;37
(18, 31, 37);55;37
(18, 32, 37);55;37
(18, 33, 37);55;37
(18, 34, 37);55;37
(18, 35, 37);55;37
(18, 36, 37);55;37
(19, 20, 37);56;37
(19, 21, 37);56;37
(19, 22, 37);56;37
(19, 23, 37);56;37
(19, 24, 37);56;37
(19, 25, 37);56;37
(19, 26, 37);56;37
(19, 27, 37);56;37
(19, 28, 37);56;37
(19, 29, 37);56;37
(19, 30, 37);56;37
(19, 31, 37);56;37
(19, 32, 37);56;37
(19, 33, 37);56;37
(19, 34, 37);56;37
(19, 35, 37);56;37
(19, 36, 37);56;37
(20, 21, 37);57;37
(20, 22, 37);57;37
(20, 23, 37);57;37
(20, 24, 37);57;37
(20, 25, 37);57;37
(20, 26, 37);57;37
(20, 27, 37);57;37
(20, 28, 37);57;37
(20, 29, 37);57;37
(20, 30, 37);57;37
(20, 31, 37);57;37
(20, 32, 37);57;37
(20, 33, 37);57;37
(20, 34, 37);57;37
(20, 35, 37);57;37
(20, 36, 37);57;37
(21, 22, 37);58;37
(21, 23, 37);58;37
(21, 24, 37);58;37
(21, 25, 37);58;37
(21, 26, 37);58;37
(21, 27, 37);58;37
(21, 28, 37);58;37
(21, 29, 37);58;37
(21, 30, 37);58;37
(21, 31, 37);58;37
(21, 32, 37);58;37
(21, 33, 37);58;37
(21, 34, 37);58;37
(21, 35, 37);58;37
(21, 36, 37);58;37
(22, 23, 37);59;37
(22, 24, 37);59;37
(22, 25, 37);59;37
(22, 26, 37);59;37
(22, 27, 37);59;37
(22, 28, 37);59;37
(22, 29, 37);59;37
(22, 30, 37);59;37
(22, 31, 37);59;37
(22, 32, 37);59;37
(22, 33, 37);59;37
(22, 34, 37);59;37
(22, 35, 37);59;37
(22, 36, 37);59;37
(23, 24, 37);60;37
(23, 25, 37);60;37
(23, 26, 37);60;37
(23, 27, 37);60;37
(23, 28, 37);60;37
(23, 29, 37);60;37
(23, 30, 37);60;37
(23, 31, 37);60;37
(23, 32, 37);60;37
(23, 33, 37);60;37
(23, 34, 37);60;37
(23, 35, 37);60;37
(23, 36, 37);60;37
(24, 25, 37);61;37
(24, 26, 37);61;37
(24, 27, 37);61;37
(24, 28, 37);61;37
(24, 29, 37);61;37
(24, 30, 37);61;37
(24, 31, 37);61;37
(24, 32, 37);61;37
(24, 33, 37);61;37
(24, 34, 37);61;37
(24, 35, 37);61;37
(24, 36, 37);61;37
(25, 26, 37);62;37
(25, 27, 37);62;37
(25, 28, 37);62;37
(25, 29, 37);62;37
(25, 30, 37);62;37
(25, 31, 37);62;37
(25, 32, 37);62;37
(25, 33, 37);62;37
(25, 34, 37);62;37
(25, 35, 37);62;37
(25, 36, 37);62;37
(26, 27, 37);63;37
(26, 28, 37);63;37
(26, 29, 37);63;37
(26, 30, 37);63;37
(26, 31, 37);63;37
(26, 32, 37);63;37
(26, 33, 37);63;37
(26, 34, 37);63;37
(26, 35, 37);63;37
(26, 36, 37);63;37
(27, 28, 37);64;37
(27, 29, 37);64;37
(27, 30, 37);64;37
(27, 31, 37);64;37
(27, 32, 37);64;37
(27, 33, 37);64;37
(27, 34, 37);64;37
(27, 35, 37);64;37
(27, 36, 37);64;37
(28, 29, 37);65;37
(28, 30, 37);65;37
(28, 31, 37);65;37
(28, 32, 37);65;37
(28, 33, 37);65;37
(28, 34, 37);65;37
(28, 35, 37);65;37
(28, 36, 37);65;37
(29, 30, 37);66;37
(29, 31, 37);66;37
(29, 32, 37);66;37
(29, 33, 37);66;37
(29, 34, 37);66;37
(29, 35, 37);66;37
(29, 36, 37);66;37
(30, 31, 37);67;37
(30, 32, 37);67;37
(30, 33, 37);67;37
(30, 34, 37);67;37
(30, 35, 37);67;37
(30, 36, 37);67;37
(31, 32, 37);68;37
(31, 33, 37);68;37
(31, 34, 37);68;37
(31, 35, 37);68;37
(31, 36, 37);68;37
(32, 33, 37);69;37
(32, 34, 37);69;37
(32, 35, 37);69;37
(32, 36, 37);69;37
(33, 34, 37);70;37
(33, 35, 37);70;37
(33, 36, 37);70;37
(34, 35, 37);71;37
(34, 36, 37);71;37
(35, 36, 37);72;37
