S;p;l
(1, 2, 18);19;18
(1, 3, 18);21;18
(1, 4, 18);22;18
(1, 5, 18);23;18
(1, 6, 18);19;18
(1, 7, 18);25;18
(1, 8, 18);26;48
(1, 9, 18);27;18
(1, 10, 18);28;18
(1, 11, 18);29;18
(1, 12, 18);30;18
(1, 13, 18);31;18
(1, 14, 18);32;18
(1, 15, 18);33;18
(1, 16, 18);17;18
(1, 17, 18);35;18
(2, 3, 18);5;18
(2, 4, 18);20;18
(2, 5, 18);20;21
(2, 6, 18);4;18
(2, 7, 18);5;71
(2, 8, 18);10;18
(2, 9, 18);27;18
(2, 10, 18);4;18
(2, 11, 18);29;18
(2, 12, 18);10;22
(2, 13, 18);31;18
(2, 14, 18);4;18
(2, 15, 18);33;18
(2, 16, 18);32;18
(2, 17, 18);35;18
(3, 4, 18);7;18
(3, 5, 18);23;18
(3, 6, 18);21;18
(3, 7, 18);5;21
(3, 8, 18);21;22
(3, 9, 18);27;18
(3, 10, 18);7;24
(3, 11, 18);7;18
(3, 12, 18);15;18
(3, 13, 18);21;22
(3, 14, 18);32;22
(3, 15, 18);33;18
(3, 16, 18);34;24
(3, 17, 18);7;65
(4, 5, 18);22;18
(4, 6, 18);22;18
(4, 7, 18);11;18
(4, 8, 18);12;18
(4, 9, 18);27;18
(4, 10, 18);14;18
(4, 11, 18);22;18
(4, 12, 18);30;18
(4, 13, 18);31;18
(4, 14, 18);30;18
(4, 15, 18);11;84
(4, 16, 18);22;42
(4, 17, 18);7;65
(5, 6, 18);23;18
(5, 7, 18);12;18
(5, 8, 18);13;18
(5, 9, 18);27;18
(5, 10, 18);15;20
(5, 11, 18);23;20
(5, 12, 18);23;36
(5, 13, 18);145;18
(5, 14, 18);32;18
(5, 15, 18);33;18
(5, 16, 18);34;28
(5, 17, 18);23;28
(6, 7, 18);25;18
(6, 8, 18);26;18
(6, 9, 18);27;18
(6, 10, 18);4;28
(6, 11, 18);29;51
(6, 12, 18);24;18
(6, 13, 18);31;52
(6, 14, 18);4;28
(6, 15, 18);33;18
(6, 16, 18);34;18
(6, 17, 18);35;18
(7, 8, 18);26;18
(7, 9, 18);27;18
(7, 10, 18);28;56
(7, 11, 18);25;18
(7, 12, 18);25;18
(7, 13, 18);25;18
(7, 14, 18);25;18
(7, 15, 18);11;75
(7, 16, 18);23;25
(7, 17, 18);24;25
(8, 9, 18);27;18
(8, 10, 18);26;18
(8, 11, 18);26;18
(8, 12, 18);26;18
(8, 13, 18);26;18
(8, 14, 18);26;18
(8, 15, 18);26;18
(8, 16, 18);26;18
(8, 17, 18);25;26
(9, 10, 18);27;18
(9, 11, 18);27;18
(9, 12, 18);27;18
(9, 13, 18);27;18
(9, 14, 18);27;18
(9, 15, 18);27;18
(9, 16, 18);27;18
(9, 17, 18);27;18
(10, 11, 18);28;18
(10, 12, 18);28;18
(10, 13, 18);28;18
(10, 14, 18);28;18
(10, 15, 18);28;18
(10, 16, 18);28;18
(10, 17, 18);28;18
(11, 12, 18);29;18
(11, 13, 18);29;18
(11, 14, 18);29;18
(11, 15, 18);29;18
(11, 16, 18);29;18
(11, 17, 18);29;18
(12, 13, 18);30;18
(12, 14, 18);30;18
(12, 15, 18);30;18
(12, 16, 18);30;18
(12, 17, 18);30;18
(13, 14, 18);31;18
(13, 15, 18);31;18
(13, 16, 18);31;18
(13, 17, 18);31;18
(14, 15, 18);32;18
(14, 16, 18);32;18
(14, 17, 18);32;18
(15, 16, 18);33;18
(15, 17, 18);33;18
(16, 17, 18);34;18
