S;p;l
(1, 2, 35);3;35
(1, 3, 35);2;35
(1, 4, 35);36;41
(1, 5, 35);2;35
(1, 6, 35);36;80
(1, 7, 35);2;35
(1, 8, 35);9;35
(1, 9, 35);2;35
(1, 10, 35);9;131
(1, 11, 35);2;35
(1, 12, 35);47;35
(1, 13, 35);2;35
(1, 14, 35);49;35
(1, 15, 35);2;35
(1, 16, 35);17;35
(1, 17, 35);2;35
(1, 18, 35);36;35
(1, 19, 35);2;35
(1, 20, 35);55;37
(1, 21, 35);2;35
(1, 22, 35);57;37
(1, 23, 35);2;35
(1, 24, 35);59;37
(1, 25, 35);2;35
(1, 26, 35);61;37
(1, 27, 35);2;35
(1, 28, 35);63;37
(1, 29, 35);2;35
(1, 30, 35);65;37
(1, 31, 35);2;35
(1, 32, 35);67;37
(1, 33, 35);2;35
(1, 34, 35);68;35
(2, 3, 35);37;35
(2, 4, 35);37;35
(2, 5, 35);37;43
(2, 6, 35);41;35
(2, 7, 35);37;39
(2, 8, 35);10;41
(2, 9, 35);11;35
(2, 10, 35);45;35
(2, 11, 35);46;35
(2, 12, 35);14;44
(2, 13, 35);37;38
(2, 14, 35);49;35
(2, 15, 35);50;35
(2, 16, 35);37;149
(2, 17, 35);52;94
(2, 18, 35);53;35
(2, 19, 35);54;35
(2, 20, 35);11;163
(2, 21, 35);56;38
(2, 22, 35);57;35
(2, 23, 35);58;35
(2, 24, 35);37;164
(2, 25, 35);60;38
(2, 26, 35);61;35
(2, 27, 35);62;35
(2, 28, 35);63;239
(2, 29, 35);64;38
(2, 30, 35);65;35
(2, 31, 35);33;35
(2, 32, 35);67;180
(2, 33, 35);134;35
(2, 34, 35);69;35
(3, 4, 35);38;35
(3, 5, 35);8;35
(3, 6, 35);38;35
(3, 7, 35);2;70
(3, 8, 35);38;35
(3, 9, 35);44;35
(3, 10, 35);45;35
(3, 11, 35);2;106
(3, 12, 35);38;35
(3, 13, 35);16;35
(3, 14, 35);49;94
(3, 15, 35);50;35
(3, 16, 35);19;35
(3, 17, 35);52;35
(3, 18, 35);53;102
(3, 19, 35);38;35
(3, 20, 35);55;39
(3, 21, 35);56;35
(3, 22, 35);19;41
(3, 23, 35);58;35
(3, 24, 35);27;174
(3, 25, 35);60;40
(3, 26, 35);61;39
(3, 27, 35);62;35
(3, 28, 35);63;41
(3, 29, 35);32;35
(3, 30, 35);38;252
(3, 31, 35);2;102
(3, 32, 35);198;35
(3, 33, 35);68;35
(3, 34, 35);69;41
(4, 5, 35);39;35
(4, 6, 35);10;35
(4, 7, 35);39;81
(4, 8, 35);39;35
(4, 9, 35);13;35
(4, 10, 35);14;84
(4, 11, 35);46;35
(4, 12, 35);47;35
(4, 13, 35);48;35
(4, 14, 35);39;139
(4, 15, 35);39;43
(4, 16, 35);20;44
(4, 17, 35);13;204
(4, 18, 35);53;35
(4, 19, 35);54;35
(4, 20, 35);55;35
(4, 21, 35);56;35
(4, 22, 35);13;197
(4, 23, 35);58;43
(4, 24, 35);39;43
(4, 25, 35);60;178
(4, 26, 35);61;35
(4, 27, 35);31;35
(4, 28, 35);63;35
(4, 29, 35);64;35
(4, 30, 35);13;251
(4, 31, 35);63;35
(4, 32, 35);39;188
(4, 33, 35);68;118
(4, 34, 35);69;39
(5, 6, 35);41;35
(5, 7, 35);40;35
(5, 8, 35);40;35
(5, 9, 35);14;35
(5, 10, 35);15;35
(5, 11, 35);8;36
(5, 12, 35);40;53
(5, 13, 35);2;158
(5, 14, 35);49;35
(5, 15, 35);10;35
(5, 16, 35);51;35
(5, 17, 35);52;35
(5, 18, 35);53;106
(5, 19, 35);2;186
(5, 20, 35);40;35
(5, 21, 35);2;190
(5, 22, 35);57;110
(5, 23, 35);58;35
(5, 24, 35);59;35
(5, 25, 35);10;35
(5, 26, 35);61;35
(5, 27, 35);62;35
(5, 28, 35);63;63
(5, 29, 35);2;122
(5, 30, 35);60;35
(5, 31, 35);2;124
(5, 32, 35);67;63
(5, 33, 35);68;35
(5, 34, 35);69;35
(6, 7, 35);41;35
(6, 8, 35);14;35
(6, 9, 35);44;35
(6, 10, 35);45;149
(6, 11, 35);46;102
(6, 12, 35);41;35
(6, 13, 35);41;96
(6, 14, 35);20;41
(6, 15, 35);41;42
(6, 16, 35);41;146
(6, 17, 35);52;147
(6, 18, 35);53;35
(6, 19, 35);54;47
(6, 20, 35);41;47
(6, 21, 35);41;35
(6, 22, 35);28;35
(6, 23, 35);29;35
(6, 24, 35);30;89
(6, 25, 35);41;90
(6, 26, 35);41;68
(6, 27, 35);33;278
(6, 28, 35);63;229
(6, 29, 35);378;35
(6, 30, 35);65;35
(6, 31, 35);66;47
(6, 32, 35);67;47
(6, 33, 35);68;127
(6, 34, 35);41;128
(7, 8, 35);43;35
(7, 9, 35);44;35
(7, 10, 35);45;107
(7, 11, 35);42;35
(7, 12, 35);42;35
(7, 13, 35);42;35
(7, 14, 35);21;35
(7, 15, 35);2;154
(7, 16, 35);51;69
(7, 17, 35);52;70
(7, 18, 35);53;35
(7, 19, 35);54;35
(7, 20, 35);55;35
(7, 21, 35);14;35
(7, 22, 35);57;35
(7, 23, 35);58;35
(7, 24, 35);59;35
(7, 25, 35);60;60
(7, 26, 35);61;61
(7, 27, 35);2;170
(7, 28, 35);56;35
(7, 29, 35);2;174
(7, 30, 35);65;60
(7, 31, 35);66;60
(7, 32, 35);67;35
(7, 33, 35);68;35
(7, 34, 35);69;35
(8, 9, 35);44;35
(8, 10, 35);43;35
(8, 11, 35);43;35
(8, 12, 35);43;35
(8, 13, 35);43;35
(8, 14, 35);22;35
(8, 15, 35);23;35
(8, 16, 35);24;35
(8, 17, 35);43;200
(8, 18, 35);53;35
(8, 19, 35);27;35
(8, 20, 35);28;35
(8, 21, 35);43;35
(8, 22, 35);43;44
(8, 23, 35);58;44
(8, 24, 35);59;35
(8, 25, 35);60;35
(8, 26, 35);43;227
(8, 27, 35);59;35
(8, 28, 35);43;349
(8, 29, 35);64;107
(8, 30, 35);65;187
(8, 31, 35);43;82
(8, 32, 35);43;83
(8, 33, 35);68;216
(8, 34, 35);42;128
(9, 10, 35);44;35
(9, 11, 35);44;35
(9, 12, 35);44;35
(9, 13, 35);22;35
(9, 14, 35);23;35
(9, 15, 35);24;35
(9, 16, 35);25;35
(9, 17, 35);26;35
(9, 18, 35);27;36
(9, 19, 35);28;36
(9, 20, 35);29;36
(9, 21, 35);44;36
(9, 22, 35);44;35
(9, 23, 35);44;68
(9, 24, 35);11;305
(9, 25, 35);2;276
(9, 26, 35);540;35
(9, 27, 35);62;35
(9, 28, 35);63;53
(9, 29, 35);64;53
(9, 30, 35);65;53
(9, 31, 35);22;53
(9, 32, 35);44;53
(9, 33, 35);44;53
(9, 34, 35);44;53
(10, 11, 35);45;35
(10, 12, 35);45;35
(10, 13, 35);23;35
(10, 14, 35);24;35
(10, 15, 35);25;35
(10, 16, 35);51;35
(10, 17, 35);52;35
(10, 18, 35);28;187
(10, 19, 35);29;234
(10, 20, 35);15;40
(10, 21, 35);45;40
(10, 22, 35);45;40
(10, 23, 35);45;69
(10, 24, 35);45;251
(10, 25, 35);110;35
(10, 26, 35);61;222
(10, 27, 35);62;215
(10, 28, 35);63;35
(10, 29, 35);64;35
(10, 30, 35);65;35
(10, 31, 35);66;55
(10, 32, 35);67;55
(10, 33, 35);45;55
(10, 34, 35);45;55
(11, 12, 35);23;35
(11, 13, 35);24;35
(11, 14, 35);49;35
(11, 15, 35);50;35
(11, 16, 35);51;35
(11, 17, 35);52;35
(11, 18, 35);29;241
(11, 19, 35);46;100
(11, 20, 35);31;82
(11, 21, 35);46;96
(11, 22, 35);46;44
(11, 23, 35);46;35
(11, 24, 35);550;35
(11, 25, 35);2;368
(11, 26, 35);61;173
(11, 27, 35);46;62
(11, 28, 35);63;282
(11, 29, 35);64;35
(11, 30, 35);65;35
(11, 31, 35);66;35
(11, 32, 35);67;35
(11, 33, 35);68;35
(11, 34, 35);23;57
(12, 13, 35);48;35
(12, 14, 35);49;35
(12, 15, 35);50;35
(12, 16, 35);51;35
(12, 17, 35);52;35
(12, 18, 35);53;251
(12, 19, 35);31;148
(12, 20, 35);55;150
(12, 21, 35);47;130
(12, 22, 35);47;337
(12, 23, 35);47;35
(12, 24, 35);47;35
(12, 25, 35);47;311
(12, 26, 35);47;168
(12, 27, 35);39;122
(12, 28, 35);63;123
(12, 29, 35);64;124
(12, 30, 35);65;43
(12, 31, 35);66;44
(12, 32, 35);67;45
(12, 33, 35);68;46
(12, 34, 35);23;47
(13, 14, 35);49;35
(13, 15, 35);50;35
(13, 16, 35);51;35
(13, 17, 35);52;35
(13, 18, 35);53;263
(13, 19, 35);16;106
(13, 20, 35);48;87
(13, 21, 35);2;294
(13, 22, 35);48;35
(13, 23, 35);48;35
(13, 24, 35);48;35
(13, 25, 35);48;35
(13, 26, 35);48;35
(13, 27, 35);2;296
(13, 28, 35);48;125
(13, 29, 35);16;128
(13, 30, 35);43;209
(13, 31, 35);22;48
(13, 32, 35);45;48
(13, 33, 35);46;48
(13, 34, 35);47;48
(14, 15, 35);50;35
(14, 16, 35);51;35
(14, 17, 35);52;35
(14, 18, 35);53;369
(14, 19, 35);49;140
(14, 20, 35);49;205
(14, 21, 35);49;35
(14, 22, 35);49;35
(14, 23, 35);49;35
(14, 24, 35);49;35
(14, 25, 35);49;35
(14, 26, 35);49;35
(14, 27, 35);49;35
(14, 28, 35);49;35
(14, 29, 35);49;202
(14, 30, 35);49;178
(14, 31, 35);45;311
(14, 32, 35);46;49
(14, 33, 35);47;49
(14, 34, 35);48;49
(15, 16, 35);51;35
(15, 17, 35);52;35
(15, 18, 35);53;362
(15, 19, 35);50;162
(15, 20, 35);50;35
(15, 21, 35);50;35
(15, 22, 35);50;35
(15, 23, 35);50;35
(15, 24, 35);50;35
(15, 25, 35);50;35
(15, 26, 35);50;35
(15, 27, 35);50;35
(15, 28, 35);50;35
(15, 29, 35);50;35
(15, 30, 35);50;35
(15, 31, 35);50;154
(15, 32, 35);67;384
(15, 33, 35);48;50
(15, 34, 35);49;50
(16, 17, 35);52;35
(16, 18, 35);17;405
(16, 19, 35);51;35
(16, 20, 35);51;35
(16, 21, 35);51;35
(16, 22, 35);51;35
(16, 23, 35);51;35
(16, 24, 35);51;35
(16, 25, 35);51;35
(16, 26, 35);51;35
(16, 27, 35);51;35
(16, 28, 35);51;35
(16, 29, 35);51;35
(16, 30, 35);51;35
(16, 31, 35);51;35
(16, 32, 35);51;35
(16, 33, 35);17;442
(16, 34, 35);50;51
(17, 18, 35);52;35
(17, 19, 35);52;35
(17, 20, 35);52;35
(17, 21, 35);52;35
(17, 22, 35);52;35
(17, 23, 35);52;35
(17, 24, 35);52;35
(17, 25, 35);52;35
(17, 26, 35);52;35
(17, 27, 35);52;35
(17, 28, 35);52;35
(17, 29, 35);52;35
(17, 30, 35);52;35
(17, 31, 35);52;35
(17, 32, 35);52;35
(17, 33, 35);52;35
(17, 34, 35);52;35
(18, 19, 35);53;35
(18, 20, 35);53;35
(18, 21, 35);53;35
(18, 22, 35);53;35
(18, 23, 35);53;35
(18, 24, 35);53;35
(18, 25, 35);53;35
(18, 26, 35);53;35
(18, 27, 35);53;35
(18, 28, 35);53;35
(18, 29, 35);53;35
(18, 30, 35);53;35
(18, 31, 35);53;35
(18, 32, 35);53;35
(18, 33, 35);53;35
(18, 34, 35);53;35
(19, 20, 35);54;35
(19, 21, 35);54;35
(19, 22, 35);54;35
(19, 23, 35);54;35
(19, 24, 35);54;35
(19, 25, 35);54;35
(19, 26, 35);54;35
(19, 27, 35);54;35
(19, 28, 35);54;35
(19, 29, 35);54;35
(19, 30, 35);54;35
(19, 31, 35);54;35
(19, 32, 35);54;35
(19, 33, 35);54;35
(19, 34, 35);54;35
(20, 21, 35);55;35
(20, 22, 35);55;35
(20, 23, 35);55;35
(20, 24, 35);55;35
(20, 25, 35);55;35
(20, 26, 35);55;35
(20, 27, 35);55;35
(20, 28, 35);55;35
(20, 29, 35);55;35
(20, 30, 35);55;35
(20, 31, 35);55;35
(20, 32, 35);55;35
(20, 33, 35);55;35
(20, 34, 35);55;35
(21, 22, 35);56;35
(21, 23, 35);56;35
(21, 24, 35);56;35
(21, 25, 35);56;35
(21, 26, 35);56;35
(21, 27, 35);56;35
(21, 28, 35);56;35
(21, 29, 35);56;35
(21, 30, 35);56;35
(21, 31, 35);56;35
(21, 32, 35);56;35
(21, 33, 35);56;35
(21, 34, 35);56;35
(22, 23, 35);57;35
(22, 24, 35);57;35
(22, 25, 35);57;35
(22, 26, 35);57;35
(22, 27, 35);57;35
(22, 28, 35);57;35
(22, 29, 35);57;35
(22, 30, 35);57;35
(22, 31, 35);57;35
(22, 32, 35);57;35
(22, 33, 35);57;35
(22, 34, 35);57;35
(23, 24, 35);58;35
(23, 25, 35);58;35
(23, 26, 35);58;35
(23, 27, 35);58;35
(23, 28, 35);58;35
(23, 29, 35);58;35
(23, 30, 35);58;35
(23, 31, 35);58;35
(23, 32, 35);58;35
(23, 33, 35);58;35
(23, 34, 35);58;35
(24, 25, 35);59;35
(24, 26, 35);59;35
(24, 27, 35);59;35
(24, 28, 35);59;35
(24, 29, 35);59;35
(24, 30, 35);59;35
(24, 31, 35);59;35
(24, 32, 35);59;35
(24, 33, 35);59;35
(24, 34, 35);59;35
(25, 26, 35);60;35
(25, 27, 35);60;35
(25, 28, 35);60;35
(25, 29, 35);60;35
(25, 30, 35);60;35
(25, 31, 35);60;35
(25, 32, 35);60;35
(25, 33, 35);60;35
(25, 34, 35);60;35
(26, 27, 35);61;35
(26, 28, 35);61;35
(26, 29, 35);61;35
(26, 30, 35);61;35
(26, 31, 35);61;35
(26, 32, 35);61;35
(26, 33, 35);61;35
(26, 34, 35);61;35
(27, 28, 35);62;35
(27, 29, 35);62;35
(27, 30, 35);62;35
(27, 31, 35);62;35
(27, 32, 35);62;35
(27, 33, 35);62;35
(27, 34, 35);62;35
(28, 29, 35);63;35
(28, 30, 35);63;35
(28, 31, 35);63;35
(28, 32, 35);63;35
(28, 33, 35);63;35
(28, 34, 35);63;35
(29, 30, 35);64;35
(29, 31, 35);64;35
(29, 32, 35);64;35
(29, 33, 35);64;35
(29, 34, 35);64;35
(30, 31, 35);65;35
(30, 32, 35);65;35
(30, 33, 35);65;35
(30, 34, 35);65;35
(31, 32, 35);66;35
(31, 33, 35);66;35
(31, 34, 35);66;35
(32, 33, 35);67;35
(32, 34, 35);67;35
(33, 34, 35);68;35
