S;p;l
(1, 2, 36);37;36
(1, 3, 36);39;36
(1, 4, 36);5;36
(1, 5, 36);41;36
(1, 6, 36);7;36
(1, 7, 36);43;36
(1, 8, 36);37;130
(1, 9, 36);45;36
(1, 10, 36);46;36
(1, 11, 36);47;36
(1, 12, 36);37;36
(1, 13, 36);49;36
(1, 14, 36);50;90
(1, 15, 36);51;36
(1, 16, 36);52;92
(1, 17, 36);53;36
(1, 18, 36);54;36
(1, 19, 36);55;36
(1, 20, 36);56;36
(1, 21, 36);57;36
(1, 22, 36);58;36
(1, 23, 36);59;36
(1, 24, 36);60;36
(1, 25, 36);61;36
(1, 26, 36);62;36
(1, 27, 36);63;36
(1, 28, 36);64;36
(1, 29, 36);65;36
(1, 30, 36);66;36
(1, 31, 36);67;36
(1, 32, 36);68;36
(1, 33, 36);69;36
(1, 34, 36);35;36
(1, 35, 36);71;36
(2, 3, 36);39;36
(2, 4, 36);38;36
(2, 5, 36);38;36
(2, 6, 36);42;36
(2, 7, 36);38;125
(2, 8, 36);44;36
(2, 9, 36);45;36
(2, 10, 36);46;36
(2, 11, 36);47;36
(2, 12, 36);38;36
(2, 13, 36);49;36
(2, 14, 36);50;36
(2, 15, 36);17;36
(2, 16, 36);52;96
(2, 17, 36);19;36
(2, 18, 36);54;36
(2, 19, 36);38;36
(2, 20, 36);56;36
(2, 21, 36);19;39
(2, 22, 36);58;36
(2, 23, 36);59;40
(2, 24, 36);60;36
(2, 25, 36);61;39
(2, 26, 36);62;36
(2, 27, 36);63;40
(2, 28, 36);64;36
(2, 29, 36);65;39
(2, 30, 36);66;36
(2, 31, 36);67;40
(2, 32, 36);34;36
(2, 33, 36);69;39
(2, 34, 36);70;36
(2, 35, 36);71;40
(3, 4, 36);40;36
(3, 5, 36);8;36
(3, 6, 36);39;36
(3, 7, 36);39;40
(3, 8, 36);11;36
(3, 9, 36);45;36
(3, 10, 36);13;36
(3, 11, 36);47;36
(3, 12, 36);39;36
(3, 13, 36);49;36
(3, 14, 36);39;40
(3, 15, 36);51;36
(3, 16, 36);13;100
(3, 17, 36);53;43
(3, 18, 36);54;36
(3, 19, 36);11;106
(3, 20, 36);56;40
(3, 21, 36);57;36
(3, 22, 36);58;42
(3, 23, 36);13;84
(3, 24, 36);60;36
(3, 25, 36);39;107
(3, 26, 36);62;40
(3, 27, 36);63;36
(3, 28, 36);64;42
(3, 29, 36);13;184
(3, 30, 36);33;36
(3, 31, 36);67;186
(3, 32, 36);68;40
(3, 33, 36);69;36
(3, 34, 36);70;42
(3, 35, 36);71;119
(4, 5, 36);40;36
(4, 6, 36);10;36
(4, 7, 36);43;36
(4, 8, 36);40;36
(4, 9, 36);13;40
(4, 10, 36);40;42
(4, 11, 36);47;36
(4, 12, 36);8;36
(4, 13, 36);49;36
(4, 14, 36);10;142
(4, 15, 36);40;59
(4, 16, 36);20;36
(4, 17, 36);53;103
(4, 18, 36);54;36
(4, 19, 36);55;36
(4, 20, 36);8;36
(4, 21, 36);57;36
(4, 22, 36);58;36
(4, 23, 36);59;163
(4, 24, 36);20;44
(4, 25, 36);61;170
(4, 26, 36);62;36
(4, 27, 36);63;36
(4, 28, 36);8;36
(4, 29, 36);65;36
(4, 30, 36);66;36
(4, 31, 36);67;67
(4, 32, 36);64;36
(4, 33, 36);69;66
(4, 34, 36);70;36
(4, 35, 36);71;36
(5, 6, 36);42;36
(5, 7, 36);41;36
(5, 8, 36);41;36
(5, 9, 36);14;36
(5, 10, 36);15;36
(5, 11, 36);16;36
(5, 12, 36);41;36
(5, 13, 36);41;142
(5, 14, 36);50;36
(5, 15, 36);51;36
(5, 16, 36);52;36
(5, 17, 36);53;36
(5, 18, 36);54;36
(5, 19, 36);24;109
(5, 20, 36);41;106
(5, 21, 36);41;166
(5, 22, 36);58;112
(5, 23, 36);59;36
(5, 24, 36);60;36
(5, 25, 36);61;36
(5, 26, 36);31;36
(5, 27, 36);63;36
(5, 28, 36);64;36
(5, 29, 36);41;118
(5, 30, 36);35;236
(5, 31, 36);315;36
(5, 32, 36);68;114
(5, 33, 36);69;36
(5, 34, 36);70;36
(5, 35, 36);71;36
(6, 7, 36);42;36
(6, 8, 36);14;36
(6, 9, 36);15;36
(6, 10, 36);46;36
(6, 11, 36);17;79
(6, 12, 36);42;36
(6, 13, 36);19;117
(6, 14, 36);10;42
(6, 15, 36);21;36
(6, 16, 36);42;44
(6, 17, 36);53;150
(6, 18, 36);54;36
(6, 19, 36);55;48
(6, 20, 36);14;48
(6, 21, 36);42;36
(6, 22, 36);14;36
(6, 23, 36);29;36
(6, 24, 36);30;36
(6, 25, 36);31;91
(6, 26, 36);42;44
(6, 27, 36);21;45
(6, 28, 36);64;44
(6, 29, 36);65;43
(6, 30, 36);66;36
(6, 31, 36);67;48
(6, 32, 36);68;48
(6, 33, 36);69;48
(6, 34, 36);14;130
(6, 35, 36);42;131
(7, 8, 36);44;36
(7, 9, 36);45;36
(7, 10, 36);43;125
(7, 11, 36);43;36
(7, 12, 36);43;36
(7, 13, 36);43;36
(7, 14, 36);43;36
(7, 15, 36);43;44
(7, 16, 36);23;138
(7, 17, 36);24;96
(7, 18, 36);54;36
(7, 19, 36);55;36
(7, 20, 36);56;36
(7, 21, 36);57;36
(7, 22, 36);29;36
(7, 23, 36);59;36
(7, 24, 36);60;36
(7, 25, 36);61;36
(7, 26, 36);62;155
(7, 27, 36);63;172
(7, 28, 36);43;362
(7, 29, 36);413;36
(7, 30, 36);43;305
(7, 31, 36);43;117
(7, 32, 36);68;36
(7, 33, 36);69;36
(7, 34, 36);70;36
(7, 35, 36);71;36
(8, 9, 36);45;36
(8, 10, 36);44;36
(8, 11, 36);44;36
(8, 12, 36);44;36
(8, 13, 36);44;36
(8, 14, 36);22;36
(8, 15, 36);23;36
(8, 16, 36);24;36
(8, 17, 36);25;125
(8, 18, 36);54;36
(8, 19, 36);55;36
(8, 20, 36);28;36
(8, 21, 36);29;36
(8, 22, 36);44;36
(8, 23, 36);59;45
(8, 24, 36);60;36
(8, 25, 36);61;36
(8, 26, 36);62;36
(8, 27, 36);63;171
(8, 28, 36);60;36
(8, 29, 36);44;241
(8, 30, 36);22;168
(8, 31, 36);39;303
(8, 32, 36);44;84
(8, 33, 36);44;176
(8, 34, 36);14;130
(8, 35, 36);43;131
(9, 10, 36);45;36
(9, 11, 36);45;36
(9, 12, 36);45;36
(9, 13, 36);45;36
(9, 14, 36);23;36
(9, 15, 36);24;36
(9, 16, 36);25;36
(9, 17, 36);26;36
(9, 18, 36);27;36
(9, 19, 36);28;36
(9, 20, 36);29;36
(9, 21, 36);15;36
(9, 22, 36);45;36
(9, 23, 36);45;46
(9, 24, 36);15;48
(9, 25, 36);61;47
(9, 26, 36);62;46
(9, 27, 36);63;36
(9, 28, 36);64;54
(9, 29, 36);65;54
(9, 30, 36);66;54
(9, 31, 36);67;54
(9, 32, 36);45;54
(9, 33, 36);45;54
(9, 34, 36);45;54
(9, 35, 36);45;54
(10, 11, 36);46;36
(10, 12, 36);46;36
(10, 13, 36);23;36
(10, 14, 36);24;36
(10, 15, 36);25;36
(10, 16, 36);26;36
(10, 17, 36);53;36
(10, 18, 36);54;36
(10, 19, 36);55;193
(10, 20, 36);30;40
(10, 21, 36);46;40
(10, 22, 36);46;40
(10, 23, 36);46;36
(10, 24, 36);46;72
(10, 25, 36);46;297
(10, 26, 36);290;36
(10, 27, 36);63;180
(10, 28, 36);64;36
(10, 29, 36);65;36
(10, 30, 36);66;36
(10, 31, 36);67;56
(10, 32, 36);68;56
(10, 33, 36);23;56
(10, 34, 36);46;56
(10, 35, 36);46;56
(11, 12, 36);47;36
(11, 13, 36);24;36
(11, 14, 36);25;36
(11, 15, 36);51;36
(11, 16, 36);52;36
(11, 17, 36);53;36
(11, 18, 36);54;36
(11, 19, 36);47;225
(11, 20, 36);47;103
(11, 21, 36);47;245
(11, 22, 36);47;44
(11, 23, 36);47;44
(11, 24, 36);47;72
(11, 25, 36);583;36
(11, 26, 36);47;217
(11, 27, 36);47;195
(11, 28, 36);47;309
(11, 29, 36);65;36
(11, 30, 36);66;36
(11, 31, 36);67;36
(11, 32, 36);68;36
(11, 33, 36);69;36
(11, 34, 36);70;58
(11, 35, 36);47;58
(12, 13, 36);49;36
(12, 14, 36);50;36
(12, 15, 36);51;36
(12, 16, 36);52;36
(12, 17, 36);53;36
(12, 18, 36);54;36
(12, 19, 36);55;55
(12, 20, 36);8;56
(12, 21, 36);57;57
(12, 22, 36);58;102
(12, 23, 36);59;243
(12, 24, 36);48;36
(12, 25, 36);61;250
(12, 26, 36);62;104
(12, 27, 36);63;54
(12, 28, 36);8;56
(12, 29, 36);65;55
(12, 30, 36);66;36
(12, 31, 36);67;36
(12, 32, 36);68;36
(12, 33, 36);69;36
(12, 34, 36);70;36
(12, 35, 36);71;36
(13, 14, 36);50;36
(13, 15, 36);51;36
(13, 16, 36);52;36
(13, 17, 36);53;36
(13, 18, 36);54;36
(13, 19, 36);55;220
(13, 20, 36);49;88
(13, 21, 36);49;304
(13, 22, 36);49;137
(13, 23, 36);49;36
(13, 24, 36);49;36
(13, 25, 36);49;36
(13, 26, 36);49;36
(13, 27, 36);49;175
(13, 28, 36);49;275
(13, 29, 36);49;129
(13, 30, 36);66;328
(13, 31, 36);67;47
(13, 32, 36);68;48
(13, 33, 36);23;49
(13, 34, 36);47;49
(13, 35, 36);48;49
(14, 15, 36);51;36
(14, 16, 36);52;36
(14, 17, 36);53;36
(14, 18, 36);54;36
(14, 19, 36);11;260
(14, 20, 36);56;112
(14, 21, 36);50;92
(14, 22, 36);50;36
(14, 23, 36);50;36
(14, 24, 36);50;36
(14, 25, 36);50;36
(14, 26, 36);50;36
(14, 27, 36);50;36
(14, 28, 36);50;36
(14, 29, 36);50;130
(14, 30, 36);22;150
(14, 31, 36);67;196
(14, 32, 36);46;50
(14, 33, 36);47;50
(14, 34, 36);48;50
(14, 35, 36);49;50
(15, 16, 36);52;36
(15, 17, 36);53;36
(15, 18, 36);54;36
(15, 19, 36);17;198
(15, 20, 36);51;147
(15, 21, 36);51;36
(15, 22, 36);51;36
(15, 23, 36);51;36
(15, 24, 36);51;36
(15, 25, 36);51;36
(15, 26, 36);51;36
(15, 27, 36);51;36
(15, 28, 36);51;36
(15, 29, 36);51;36
(15, 30, 36);51;36
(15, 31, 36);51;185
(15, 32, 36);17;237
(15, 33, 36);48;51
(15, 34, 36);49;51
(15, 35, 36);50;51
(16, 17, 36);53;36
(16, 18, 36);54;36
(16, 19, 36);55;275
(16, 20, 36);52;36
(16, 21, 36);52;36
(16, 22, 36);52;36
(16, 23, 36);52;36
(16, 24, 36);52;36
(16, 25, 36);52;36
(16, 26, 36);52;36
(16, 27, 36);52;36
(16, 28, 36);52;36
(16, 29, 36);52;36
(16, 30, 36);52;36
(16, 31, 36);52;36
(16, 32, 36);52;36
(16, 33, 36);49;312
(16, 34, 36);50;52
(16, 35, 36);51;52
(17, 18, 36);54;36
(17, 19, 36);53;36
(17, 20, 36);53;36
(17, 21, 36);53;36
(17, 22, 36);53;36
(17, 23, 36);53;36
(17, 24, 36);53;36
(17, 25, 36);53;36
(17, 26, 36);53;36
(17, 27, 36);53;36
(17, 28, 36);53;36
(17, 29, 36);53;36
(17, 30, 36);53;36
(17, 31, 36);53;36
(17, 32, 36);53;36
(17, 33, 36);53;36
(17, 34, 36);53;36
(17, 35, 36);52;53
(18, 19, 36);54;36
(18, 20, 36);54;36
(18, 21, 36);54;36
(18, 22, 36);54;36
(18, 23, 36);54;36
(18, 24, 36);54;36
(18, 25, 36);54;36
(18, 26, 36);54;36
(18, 27, 36);54;36
(18, 28, 36);54;36
(18, 29, 36);54;36
(18, 30, 36);54;36
(18, 31, 36);54;36
(18, 32, 36);54;36
(18, 33, 36);54;36
(18, 34, 36);54;36
(18, 35, 36);54;36
(19, 20, 36);55;36
(19, 21, 36);55;36
(19, 22, 36);55;36
(19, 23, 36);55;36
(19, 24, 36);55;36
(19, 25, 36);55;36
(19, 26, 36);55;36
(19, 27, 36);55;36
(19, 28, 36);55;36
(19, 29, 36);55;36
(19, 30, 36);55;36
(19, 31, 36);55;36
(19, 32, 36);55;36
(19, 33, 36);55;36
(19, 34, 36);55;36
(19, 35, 36);55;36
(20, 21, 36);56;36
(20, 22, 36);56;36
(20, 23, 36);56;36
(20, 24, 36);56;36
(20, 25, 36);56;36
(20, 26, 36);56;36
(20, 27, 36);56;36
(20, 28, 36);56;36
(20, 29, 36);56;36
(20, 30, 36);56;36
(20, 31, 36);56;36
(20, 32, 36);56;36
(20, 33, 36);56;36
(20, 34, 36);56;36
(20, 35, 36);56;36
(21, 22, 36);57;36
(21, 23, 36);57;36
(21, 24, 36);57;36
(21, 25, 36);57;36
(21, 26, 36);57;36
(21, 27, 36);57;36
(21, 28, 36);57;36
(21, 29, 36);57;36
(21, 30, 36);57;36
(21, 31, 36);57;36
(21, 32, 36);57;36
(21, 33, 36);57;36
(21, 34, 36);57;36
(21, 35, 36);57;36
(22, 23, 36);58;36
(22, 24, 36);58;36
(22, 25, 36);58;36
(22, 26, 36);58;36
(22, 27, 36);58;36
(22, 28, 36);58;36
(22, 29, 36);58;36
(22, 30, 36);58;36
(22, 31, 36);58;36
(22, 32, 36);58;36
(22, 33, 36);58;36
(22, 34, 36);58;36
(22, 35, 36);58;36
(23, 24, 36);59;36
(23, 25, 36);59;36
(23, 26, 36);59;36
(23, 27, 36);59;36
(23, 28, 36);59;36
(23, 29, 36);59;36
(23, 30, 36);59;36
(23, 31, 36);59;36
(23, 32, 36);59;36
(23, 33, 36);59;36
(23, 34, 36);59;36
(23, 35, 36);59;36
(24, 25, 36);60;36
(24, 26, 36);60;36
(24, 27, 36);60;36
(24, 28, 36);60;36
(24, 29, 36);60;36
(24, 30, 36);60;36
(24, 31, 36);60;36
(24, 32, 36);60;36
(24, 33, 36);60;36
(24, 34, 36);60;36
(24, 35, 36);60;36
(25, 26, 36);61;36
(25, 27, 36);61;36
(25, 28, 36);61;36
(25, 29, 36);61;36
(25, 30, 36);61;36
(25, 31, 36);61;36
(25, 32, 36);61;36
(25, 33, 36);61;36
(25, 34, 36);61;36
(25, 35, 36);61;36
(26, 27, 36);62;36
(26, 28, 36);62;36
(26, 29, 36);62;36
(26, 30, 36);62;36
(26, 31, 36);62;36
(26, 32, 36);62;36
(26, 33, 36);62;36
(26, 34, 36);62;36
(26, 35, 36);62;36
(27, 28, 36);63;36
(27, 29, 36);63;36
(27, 30, 36);63;36
(27, 31, 36);63;36
(27, 32, 36);63;36
(27, 33, 36);63;36
(27, 34, 36);63;36
(27, 35, 36);63;36
(28, 29, 36);64;36
(28, 30, 36);64;36
(28, 31, 36);64;36
(28, 32, 36);64;36
(28, 33, 36);64;36
(28, 34, 36);64;36
(28, 35, 36);64;36
(29, 30, 36);65;36
(29, 31, 36);65;36
(29, 32, 36);65;36
(29, 33, 36);65;36
(29, 34, 36);65;36
(29, 35, 36);65;36
(30, 31, 36);66;36
(30, 32, 36);66;36
(30, 33, 36);66;36
(30, 34, 36);66;36
(30, 35, 36);66;36
(31, 32, 36);67;36
(31, 33, 36);67;36
(31, 34, 36);67;36
(31, 35, 36);67;36
(32, 33, 36);68;36
(32, 34, 36);68;36
(32, 35, 36);68;36
(33, 34, 36);69;36
(33, 35, 36);69;36
(34, 35, 36);70;36
