S;p;l
(1, 2, 14);3;14
(1, 3, 14);17;14
(1, 4, 14);5;14
(1, 5, 14);19;14
(1, 6, 14);5;38
(1, 7, 14);21;14
(1, 8, 14);22;14
(1, 9, 14);23;14
(1, 10, 14);24;14
(1, 11, 14);25;14
(1, 12, 14);13;14
(1, 13, 14);27;14
(2, 3, 14);16;14
(2, 4, 14);6;14
(2, 5, 14);16;22
(2, 6, 14);4;14
(2, 7, 14);21;14
(2, 8, 14);16;14
(2, 9, 14);23;14
(2, 10, 14);4;14
(2, 11, 14);25;14
(2, 12, 14);24;14
(2, 13, 14);27;14
(3, 4, 14);17;14
(3, 5, 14);17;14
(3, 6, 14);9;14
(3, 7, 14);21;14
(3, 8, 14);11;14
(3, 9, 14);23;14
(3, 10, 14);24;14
(3, 11, 14);23;14
(3, 12, 14);15;47
(3, 13, 14);27;17
(4, 5, 14);9;14
(4, 6, 14);10;14
(4, 7, 14);21;14
(4, 8, 14);6;16
(4, 9, 14);18;14
(4, 10, 14);44;14
(4, 11, 14);25;14
(4, 12, 14);26;14
(4, 13, 14);9;22
(5, 6, 14);20;14
(5, 7, 14);21;14
(5, 8, 14);19;22
(5, 9, 14);19;14
(5, 10, 14);19;14
(5, 11, 14);19;22
(5, 12, 14);26;18
(5, 13, 14);9;19
(6, 7, 14);21;14
(6, 8, 14);20;14
(6, 9, 14);20;14
(6, 10, 14);20;14
(6, 11, 14);20;14
(6, 12, 14);20;14
(6, 13, 14);19;20
(7, 8, 14);21;14
(7, 9, 14);21;14
(7, 10, 14);21;14
(7, 11, 14);21;14
(7, 12, 14);21;14
(7, 13, 14);21;14
(8, 9, 14);22;14
(8, 10, 14);22;14
(8, 11, 14);22;14
(8, 12, 14);22;14
(8, 13, 14);22;14
(9, 10, 14);23;14
(9, 11, 14);23;14
(9, 12, 14);23;14
(9, 13, 14);23;14
(10, 11, 14);24;14
(10, 12, 14);24;14
(10, 13, 14);24;14
(11, 12, 14);25;14
(11, 13, 14);25;14
(12, 13, 14);26;14
