S;p;l
(1, 2, 31);3;31
(1, 3, 31);2;31
(1, 4, 31);5;31
(1, 5, 31);2;31
(1, 6, 31);37;31
(1, 7, 31);2;31
(1, 8, 31);32;33
(1, 9, 31);2;31
(1, 10, 31);41;31
(1, 11, 31);2;31
(1, 12, 31);43;31
(1, 13, 31);2;31
(1, 14, 31);15;31
(1, 15, 31);2;31
(1, 16, 31);32;31
(1, 17, 31);2;31
(1, 18, 31);49;33
(1, 19, 31);2;31
(1, 20, 31);51;33
(1, 21, 31);2;31
(1, 22, 31);53;33
(1, 23, 31);2;31
(1, 24, 31);55;33
(1, 25, 31);2;31
(1, 26, 31);57;33
(1, 27, 31);2;31
(1, 28, 31);59;33
(1, 29, 31);2;31
(1, 30, 31);60;31
(2, 3, 31);34;31
(2, 4, 31);3;32
(2, 5, 31);36;31
(2, 6, 31);37;31
(2, 7, 31);33;35
(2, 8, 31);33;42
(2, 9, 31);11;31
(2, 10, 31);41;31
(2, 11, 31);42;31
(2, 12, 31);33;35
(2, 13, 31);11;82
(2, 14, 31);45;31
(2, 15, 31);46;31
(2, 16, 31);47;88
(2, 17, 31);48;34
(2, 18, 31);49;31
(2, 19, 31);50;31
(2, 20, 31);11;124
(2, 21, 31);52;34
(2, 22, 31);53;31
(2, 23, 31);54;31
(2, 24, 31);11;211
(2, 25, 31);56;34
(2, 26, 31);57;31
(2, 27, 31);29;31
(2, 28, 31);59;160
(2, 29, 31);118;31
(2, 30, 31);61;31
(3, 4, 31);7;31
(3, 5, 31);34;31
(3, 6, 31);9;31
(3, 7, 31);34;31
(3, 8, 31);39;31
(3, 9, 31);40;31
(3, 10, 31);34;37
(3, 11, 31);14;31
(3, 12, 31);34;48
(3, 13, 31);2;102
(3, 14, 31);17;31
(3, 15, 31);46;31
(3, 16, 31);47;37
(3, 17, 31);34;31
(3, 18, 31);7;142
(3, 19, 31);50;31
(3, 20, 31);17;35
(3, 21, 31);52;31
(3, 22, 31);53;37
(3, 23, 31);54;37
(3, 24, 31);34;98
(3, 25, 31);28;31
(3, 26, 31);57;35
(3, 27, 31);58;31
(3, 28, 31);58;31
(3, 29, 31);2;94
(3, 30, 31);61;171
(4, 5, 31);9;31
(4, 6, 31);5;67
(4, 7, 31);35;31
(4, 8, 31);12;31
(4, 9, 31);40;31
(4, 10, 31);7;31
(4, 11, 31);7;121
(4, 12, 31);43;31
(4, 13, 31);35;39
(4, 14, 31);9;40
(4, 15, 31);46;31
(4, 16, 31);47;136
(4, 17, 31);7;89
(4, 18, 31);7;142
(4, 19, 31);50;36
(4, 20, 31);51;31
(4, 21, 31);52;39
(4, 22, 31);35;39
(4, 23, 31);27;31
(4, 24, 31);7;138
(4, 25, 31);7;269
(4, 26, 31);57;148
(4, 27, 31);228;31
(4, 28, 31);59;31
(4, 29, 31);60;39
(4, 30, 31);61;108
(5, 6, 31);36;31
(5, 7, 31);12;31
(5, 8, 31);13;31
(5, 9, 31);2;94
(5, 10, 31);36;35
(5, 11, 31);2;92
(5, 12, 31);43;35
(5, 13, 31);18;31
(5, 14, 31);9;128
(5, 15, 31);46;31
(5, 16, 31);47;41
(5, 17, 31);12;41
(5, 18, 31);36;31
(5, 19, 31);12;31
(5, 20, 31);25;31
(5, 21, 31);26;31
(5, 22, 31);9;78
(5, 23, 31);18;38
(5, 24, 31);55;37
(5, 25, 31);56;31
(5, 26, 31);56;31
(5, 27, 31);2;152
(5, 28, 31);59;95
(5, 29, 31);12;111
(5, 30, 31);36;112
(6, 7, 31);38;31
(6, 8, 31);39;31
(6, 9, 31);37;70
(6, 10, 31);37;31
(6, 11, 31);37;31
(6, 12, 31);37;31
(6, 13, 31);37;38
(6, 14, 31);45;170
(6, 15, 31);46;182
(6, 16, 31);47;31
(6, 17, 31);48;31
(6, 18, 31);49;31
(6, 19, 31);25;31
(6, 20, 31);51;31
(6, 21, 31);52;31
(6, 22, 31);53;133
(6, 23, 31);29;81
(6, 24, 31);30;311
(6, 25, 31);306;31
(6, 26, 31);57;100
(6, 27, 31);33;163
(6, 28, 31);59;31
(6, 29, 31);60;31
(6, 30, 31);61;31
(7, 8, 31);39;31
(7, 9, 31);38;31
(7, 10, 31);38;31
(7, 11, 31);38;31
(7, 12, 31);19;31
(7, 13, 31);20;31
(7, 14, 31);21;31
(7, 15, 31);2;154
(7, 16, 31);47;31
(7, 17, 31);24;31
(7, 18, 31);25;31
(7, 19, 31);38;31
(7, 20, 31);51;39
(7, 21, 31);52;31
(7, 22, 31);53;31
(7, 23, 31);2;162
(7, 24, 31);52;31
(7, 25, 31);2;200
(7, 26, 31);19;145
(7, 27, 31);2;246
(7, 28, 31);38;73
(7, 29, 31);2;190
(7, 30, 31);37;113
(8, 9, 31);39;31
(8, 10, 31);39;31
(8, 11, 31);39;31
(8, 12, 31);20;31
(8, 13, 31);21;31
(8, 14, 31);22;31
(8, 15, 31);23;31
(8, 16, 31);24;32
(8, 17, 31);25;32
(8, 18, 31);13;32
(8, 19, 31);39;32
(8, 20, 31);39;60
(8, 21, 31);13;136
(8, 22, 31);53;250
(8, 23, 31);424;31
(8, 24, 31);55;31
(8, 25, 31);56;47
(8, 26, 31);57;47
(8, 27, 31);58;47
(8, 28, 31);39;47
(8, 29, 31);39;47
(8, 30, 31);39;47
(9, 10, 31);40;31
(9, 11, 31);20;31
(9, 12, 31);21;31
(9, 13, 31);22;31
(9, 14, 31);45;31
(9, 15, 31);46;31
(9, 16, 31);47;183
(9, 17, 31);2;174
(9, 18, 31);40;36
(9, 19, 31);40;36
(9, 20, 31);40;31
(9, 21, 31);2;220
(9, 22, 31);432;31
(9, 23, 31);2;200
(9, 24, 31);11;258
(9, 25, 31);56;31
(9, 26, 31);57;31
(9, 27, 31);58;31
(9, 28, 31);59;49
(9, 29, 31);20;49
(9, 30, 31);40;49
(10, 11, 31);21;31
(10, 12, 31);43;31
(10, 13, 31);44;31
(10, 14, 31);45;31
(10, 15, 31);46;31
(10, 16, 31);47;139
(10, 17, 31);41;89
(10, 18, 31);7;171
(10, 19, 31);41;173
(10, 20, 31);41;40
(10, 21, 31);430;31
(10, 22, 31);41;141
(10, 23, 31);54;146
(10, 24, 31);41;55
(10, 25, 31);7;317
(10, 26, 31);57;31
(10, 27, 31);58;31
(10, 28, 31);59;31
(10, 29, 31);60;31
(10, 30, 31);61;31
(11, 12, 31);43;31
(11, 13, 31);44;31
(11, 14, 31);45;31
(11, 15, 31);46;31
(11, 16, 31);42;214
(11, 17, 31);14;75
(11, 18, 31);7;261
(11, 19, 31);42;88
(11, 20, 31);42;31
(11, 21, 31);42;31
(11, 22, 31);42;31
(11, 23, 31);42;92
(11, 24, 31);7;235
(11, 25, 31);14;111
(11, 26, 31);42;240
(11, 27, 31);58;40
(11, 28, 31);59;41
(11, 29, 31);20;42
(11, 30, 31);41;42
(12, 13, 31);44;31
(12, 14, 31);45;31
(12, 15, 31);46;31
(12, 16, 31);47;222
(12, 17, 31);48;96
(12, 18, 31);43;79
(12, 19, 31);43;31
(12, 20, 31);43;31
(12, 21, 31);43;31
(12, 22, 31);43;31
(12, 23, 31);43;31
(12, 24, 31);43;31
(12, 25, 31);43;112
(12, 26, 31);19;129
(12, 27, 31);58;169
(12, 28, 31);40;43
(12, 29, 31);41;43
(12, 30, 31);42;43
(13, 14, 31);45;31
(13, 15, 31);46;31
(13, 16, 31);44;216
(13, 17, 31);2;274
(13, 18, 31);44;31
(13, 19, 31);44;31
(13, 20, 31);44;31
(13, 21, 31);44;31
(13, 22, 31);44;31
(13, 23, 31);44;31
(13, 24, 31);44;31
(13, 25, 31);44;31
(13, 26, 31);44;31
(13, 27, 31);2;268
(13, 28, 31);44;220
(13, 29, 31);42;44
(13, 30, 31);43;44
(14, 15, 31);46;31
(14, 16, 31);15;312
(14, 17, 31);45;31
(14, 18, 31);45;31
(14, 19, 31);45;31
(14, 20, 31);45;31
(14, 21, 31);45;31
(14, 22, 31);45;31
(14, 23, 31);45;31
(14, 24, 31);45;31
(14, 25, 31);45;31
(14, 26, 31);45;31
(14, 27, 31);45;31
(14, 28, 31);45;31
(14, 29, 31);15;345
(14, 30, 31);44;45
(15, 16, 31);46;31
(15, 17, 31);46;31
(15, 18, 31);46;31
(15, 19, 31);46;31
(15, 20, 31);46;31
(15, 21, 31);46;31
(15, 22, 31);46;31
(15, 23, 31);46;31
(15, 24, 31);46;31
(15, 25, 31);46;31
(15, 26, 31);46;31
(15, 27, 31);46;31
(15, 28, 31);46;31
(15, 29, 31);46;31
(15, 30, 31);46;31
(16, 17, 31);47;31
(16, 18, 31);47;31
(16, 19, 31);47;31
(16, 20, 31);47;31
(16, 21, 31);47;31
(16, 22, 31);47;31
(16, 23, 31);47;31
(16, 24, 31);47;31
(16, 25, 31);47;31
(16, 26, 31);47;31
(16, 27, 31);47;31
(16, 28, 31);47;31
(16, 29, 31);47;31
(16, 30, 31);47;31
(17, 18, 31);48;31
(17, 19, 31);48;31
(17, 20, 31);48;31
(17, 21, 31);48;31
(17, 22, 31);48;31
(17, 23, 31);48;31
(17, 24, 31);48;31
(17, 25, 31);48;31
(17, 26, 31);48;31
(17, 27, 31);48;31
(17, 28, 31);48;31
(17, 29, 31);48;31
(17, 30, 31);48;31
(18, 19, 31);49;31
(18, 20, 31);49;31
(18, 21, 31);49;31
(18, 22, 31);49;31
(18, 23, 31);49;31
(18, 24, 31);49;31
(18, 25, 31);49;31
(18, 26, 31);49;31
(18, 27, 31);49;31
(18, 28, 31);49;31
(18, 29, 31);49;31
(18, 30, 31);49;31
(19, 20, 31);50;31
(19, 21, 31);50;31
(19, 22, 31);50;31
(19, 23, 31);50;31
(19, 24, 31);50;31
(19, 25, 31);50;31
(19, 26, 31);50;31
(19, 27, 31);50;31
(19, 28, 31);50;31
(19, 29, 31);50;31
(19, 30, 31);50;31
(20, 21, 31);51;31
(20, 22, 31);51;31
(20, 23, 31);51;31
(20, 24, 31);51;31
(20, 25, 31);51;31
(20, 26, 31);51;31
(20, 27, 31);51;31
(20, 28, 31);51;31
(20, 29, 31);51;31
(20, 30, 31);51;31
(21, 22, 31);52;31
(21, 23, 31);52;31
(21, 24, 31);52;31
(21, 25, 31);52;31
(21, 26, 31);52;31
(21, 27, 31);52;31
(21, 28, 31);52;31
(21, 29, 31);52;31
(21, 30, 31);52;31
(22, 23, 31);53;31
(22, 24, 31);53;31
(22, 25, 31);53;31
(22, 26, 31);53;31
(22, 27, 31);53;31
(22, 28, 31);53;31
(22, 29, 31);53;31
(22, 30, 31);53;31
(23, 24, 31);54;31
(23, 25, 31);54;31
(23, 26, 31);54;31
(23, 27, 31);54;31
(23, 28, 31);54;31
(23, 29, 31);54;31
(23, 30, 31);54;31
(24, 25, 31);55;31
(24, 26, 31);55;31
(24, 27, 31);55;31
(24, 28, 31);55;31
(24, 29, 31);55;31
(24, 30, 31);55;31
(25, 26, 31);56;31
(25, 27, 31);56;31
(25, 28, 31);56;31
(25, 29, 31);56;31
(25, 30, 31);56;31
(26, 27, 31);57;31
(26, 28, 31);57;31
(26, 29, 31);57;31
(26, 30, 31);57;31
(27, 28, 31);58;31
(27, 29, 31);58;31
(27, 30, 31);58;31
(28, 29, 31);59;31
(28, 30, 31);59;31
(29, 30, 31);60;31
