S;p;l
(1, 2, 34);3;34
(1, 3, 34);37;34
(1, 4, 34);5;34
(1, 5, 34);39;34
(1, 6, 34);7;34
(1, 7, 34);41;34
(1, 8, 34);42;34
(1, 9, 34);43;34
(1, 10, 34);11;34
(1, 11, 34);45;34
(1, 12, 34);35;36
(1, 13, 34);47;34
(1, 14, 34);48;86
(1, 15, 34);49;34
(1, 16, 34);50;88
(1, 17, 34);51;34
(1, 18, 34);52;34
(1, 19, 34);53;34
(1, 20, 34);54;34
(1, 21, 34);55;34
(1, 22, 34);56;34
(1, 23, 34);57;34
(1, 24, 34);58;34
(1, 25, 34);59;34
(1, 26, 34);60;34
(1, 27, 34);61;34
(1, 28, 34);62;34
(1, 29, 34);63;34
(1, 30, 34);64;34
(1, 31, 34);65;34
(1, 32, 34);33;34
(1, 33, 34);67;34
(2, 3, 34);36;34
(2, 4, 34);6;34
(2, 5, 34);39;34
(2, 6, 34);4;34
(2, 7, 34);9;34
(2, 8, 34);36;34
(2, 9, 34);36;37
(2, 10, 34);4;34
(2, 11, 34);9;87
(2, 12, 34);46;34
(2, 13, 34);47;88
(2, 14, 34);4;34
(2, 15, 34);49;91
(2, 16, 34);18;34
(2, 17, 34);51;34
(2, 18, 34);4;34
(2, 19, 34);53;34
(2, 20, 34);18;38
(2, 21, 34);55;34
(2, 22, 34);4;34
(2, 23, 34);57;34
(2, 24, 34);58;38
(2, 25, 34);59;34
(2, 26, 34);4;34
(2, 27, 34);61;34
(2, 28, 34);62;38
(2, 29, 34);63;34
(2, 30, 34);4;34
(2, 31, 34);65;34
(2, 32, 34);64;34
(2, 33, 34);67;34
(3, 4, 34);37;34
(3, 5, 34);39;34
(3, 6, 34);37;34
(3, 7, 34);41;34
(3, 8, 34);37;38
(3, 9, 34);43;34
(3, 10, 34);44;34
(3, 11, 34);37;40
(3, 12, 34);15;34
(3, 13, 34);37;38
(3, 14, 34);48;92
(3, 15, 34);49;34
(3, 16, 34);50;34
(3, 17, 34);51;34
(3, 18, 34);21;101
(3, 19, 34);53;150
(3, 20, 34);54;34
(3, 21, 34);55;34
(3, 22, 34);56;34
(3, 23, 34);57;34
(3, 24, 34);37;277
(3, 25, 34);59;39
(3, 26, 34);60;34
(3, 27, 34);61;34
(3, 28, 34);31;34
(3, 29, 34);63;34
(3, 30, 34);33;96
(3, 31, 34);189;34
(3, 32, 34);66;34
(3, 33, 34);67;34
(4, 5, 34);38;34
(4, 6, 34);10;34
(4, 7, 34);41;63
(4, 8, 34);38;34
(4, 9, 34);38;39
(4, 10, 34);44;34
(4, 11, 34);15;34
(4, 12, 34);46;34
(4, 13, 34);47;135
(4, 14, 34);38;42
(4, 15, 34);19;34
(4, 16, 34);10;44
(4, 17, 34);51;34
(4, 18, 34);52;34
(4, 19, 34);38;34
(4, 20, 34);54;34
(4, 21, 34);55;34
(4, 22, 34);56;42
(4, 23, 34);19;42
(4, 24, 34);38;42
(4, 25, 34);59;34
(4, 26, 34);30;34
(4, 27, 34);61;39
(4, 28, 34);62;34
(4, 29, 34);63;34
(4, 30, 34);62;34
(4, 31, 34);65;110
(4, 32, 34);66;116
(4, 33, 34);67;113
(5, 6, 34);40;34
(5, 7, 34);39;34
(5, 8, 34);13;34
(5, 9, 34);14;34
(5, 10, 34);15;35
(5, 11, 34);39;36
(5, 12, 34);39;53
(5, 13, 34);47;34
(5, 14, 34);48;34
(5, 15, 34);49;34
(5, 16, 34);50;34
(5, 17, 34);51;34
(5, 18, 34);13;104
(5, 19, 34);39;44
(5, 20, 34);39;34
(5, 21, 34);13;107
(5, 22, 34);56;34
(5, 23, 34);57;34
(5, 24, 34);29;34
(5, 25, 34);59;34
(5, 26, 34);60;34
(5, 27, 34);61;34
(5, 28, 34);62;102
(5, 29, 34);59;34
(5, 30, 34);35;247
(5, 31, 34);13;118
(5, 32, 34);66;38
(5, 33, 34);67;39
(6, 7, 34);40;34
(6, 8, 34);14;34
(6, 9, 34);43;34
(6, 10, 34);4;60
(6, 11, 34);40;34
(6, 12, 34);40;34
(6, 13, 34);40;134
(6, 14, 34);20;34
(6, 15, 34);40;42
(6, 16, 34);10;144
(6, 17, 34);51;34
(6, 18, 34);52;34
(6, 19, 34);53;46
(6, 20, 34);40;34
(6, 21, 34);27;34
(6, 22, 34);28;34
(6, 23, 34);57;34
(6, 24, 34);10;88
(6, 25, 34);40;67
(6, 26, 34);4;96
(6, 27, 34);40;162
(6, 28, 34);180;34
(6, 29, 34);63;34
(6, 30, 34);64;34
(6, 31, 34);65;46
(6, 32, 34);66;46
(6, 33, 34);40;125
(7, 8, 34);42;34
(7, 9, 34);43;34
(7, 10, 34);41;34
(7, 11, 34);41;34
(7, 12, 34);41;34
(7, 13, 34);41;34
(7, 14, 34);21;34
(7, 15, 34);41;132
(7, 16, 34);41;92
(7, 17, 34);51;34
(7, 18, 34);52;34
(7, 19, 34);53;34
(7, 20, 34);27;34
(7, 21, 34);55;34
(7, 22, 34);56;34
(7, 23, 34);57;34
(7, 24, 34);58;34
(7, 25, 34);41;101
(7, 26, 34);41;277
(7, 27, 34);55;34
(7, 28, 34);41;290
(7, 29, 34);9;285
(7, 30, 34);64;124
(7, 31, 34);65;39
(7, 32, 34);66;40
(7, 33, 34);67;41
(8, 9, 34);42;34
(8, 10, 34);42;34
(8, 11, 34);42;34
(8, 12, 34);42;34
(8, 13, 34);21;34
(8, 14, 34);22;34
(8, 15, 34);23;34
(8, 16, 34);24;34
(8, 17, 34);51;34
(8, 18, 34);26;34
(8, 19, 34);27;34
(8, 20, 34);14;34
(8, 21, 34);42;34
(8, 22, 34);14;44
(8, 23, 34);57;43
(8, 24, 34);58;34
(8, 25, 34);59;34
(8, 26, 34);58;34
(8, 27, 34);61;164
(8, 28, 34);62;178
(8, 29, 34);21;105
(8, 30, 34);42;80
(8, 31, 34);42;81
(8, 32, 34);42;82
(8, 33, 34);41;125
(9, 10, 34);43;34
(9, 11, 34);43;34
(9, 12, 34);43;34
(9, 13, 34);22;34
(9, 14, 34);23;34
(9, 15, 34);24;34
(9, 16, 34);25;34
(9, 17, 34);51;34
(9, 18, 34);27;36
(9, 19, 34);28;36
(9, 20, 34);43;36
(9, 21, 34);43;36
(9, 22, 34);43;66
(9, 23, 34);57;268
(9, 24, 34);43;217
(9, 25, 34);513;34
(9, 26, 34);60;34
(9, 27, 34);61;34
(9, 28, 34);62;52
(9, 29, 34);63;52
(9, 30, 34);64;52
(9, 31, 34);43;52
(9, 32, 34);43;52
(9, 33, 34);43;52
(10, 11, 34);44;34
(10, 12, 34);22;34
(10, 13, 34);23;34
(10, 14, 34);24;34
(10, 15, 34);49;34
(10, 16, 34);50;34
(10, 17, 34);51;34
(10, 18, 34);4;104
(10, 19, 34);44;97
(10, 20, 34);44;40
(10, 21, 34);44;40
(10, 22, 34);44;34
(10, 23, 34);11;307
(10, 24, 34);260;34
(10, 25, 34);44;311
(10, 26, 34);4;112
(10, 27, 34);61;34
(10, 28, 34);62;34
(10, 29, 34);63;34
(10, 30, 34);64;34
(10, 31, 34);65;54
(10, 32, 34);22;54
(10, 33, 34);44;54
(11, 12, 34);23;34
(11, 13, 34);47;34
(11, 14, 34);48;34
(11, 15, 34);49;34
(11, 16, 34);50;34
(11, 17, 34);51;34
(11, 18, 34);52;153
(11, 19, 34);15;52
(11, 20, 34);9;231
(11, 21, 34);45;138
(11, 22, 34);45;44
(11, 23, 34);517;34
(11, 24, 34);45;249
(11, 25, 34);9;230
(11, 26, 34);15;161
(11, 27, 34);38;224
(11, 28, 34);62;34
(11, 29, 34);63;34
(11, 30, 34);64;34
(11, 31, 34);65;34
(11, 32, 34);66;34
(11, 33, 34);67;34
(12, 13, 34);47;34
(12, 14, 34);48;34
(12, 15, 34);49;34
(12, 16, 34);50;34
(12, 17, 34);51;34
(12, 18, 34);30;144
(12, 19, 34);46;82
(12, 20, 34);54;148
(12, 21, 34);46;303
(12, 22, 34);46;34
(12, 23, 34);46;34
(12, 24, 34);46;34
(12, 25, 34);46;273
(12, 26, 34);38;120
(12, 27, 34);46;120
(12, 28, 34);62;122
(12, 29, 34);63;43
(12, 30, 34);64;44
(12, 31, 34);65;45
(12, 32, 34);22;46
(12, 33, 34);45;46
(13, 14, 34);48;34
(13, 15, 34);49;34
(13, 16, 34);50;34
(13, 17, 34);51;34
(13, 18, 34);52;104
(13, 19, 34);47;247
(13, 20, 34);47;54
(13, 21, 34);47;34
(13, 22, 34);47;34
(13, 23, 34);47;34
(13, 24, 34);47;34
(13, 25, 34);47;34
(13, 26, 34);47;34
(13, 27, 34);47;54
(13, 28, 34);47;235
(13, 29, 34);21;99
(13, 30, 34);43;47
(13, 31, 34);44;47
(13, 32, 34);45;47
(13, 33, 34);46;47
(14, 15, 34);49;34
(14, 16, 34);50;34
(14, 17, 34);51;34
(14, 18, 34);4;156
(14, 19, 34);48;106
(14, 20, 34);48;34
(14, 21, 34);48;34
(14, 22, 34);48;34
(14, 23, 34);48;34
(14, 24, 34);48;34
(14, 25, 34);48;34
(14, 26, 34);48;34
(14, 27, 34);48;34
(14, 28, 34);48;34
(14, 29, 34);48;101
(14, 30, 34);4;148
(14, 31, 34);45;48
(14, 32, 34);46;48
(14, 33, 34);47;48
(15, 16, 34);50;34
(15, 17, 34);51;34
(15, 18, 34);49;241
(15, 19, 34);49;34
(15, 20, 34);49;34
(15, 21, 34);49;34
(15, 22, 34);49;34
(15, 23, 34);49;34
(15, 24, 34);49;34
(15, 25, 34);49;34
(15, 26, 34);49;34
(15, 27, 34);49;34
(15, 28, 34);49;34
(15, 29, 34);49;34
(15, 30, 34);49;34
(15, 31, 34);49;277
(15, 32, 34);47;49
(15, 33, 34);48;49
(16, 17, 34);51;34
(16, 18, 34);50;34
(16, 19, 34);50;34
(16, 20, 34);50;34
(16, 21, 34);50;34
(16, 22, 34);50;34
(16, 23, 34);50;34
(16, 24, 34);50;34
(16, 25, 34);50;34
(16, 26, 34);50;34
(16, 27, 34);50;34
(16, 28, 34);50;34
(16, 29, 34);50;34
(16, 30, 34);50;34
(16, 31, 34);50;34
(16, 32, 34);50;34
(16, 33, 34);49;50
(17, 18, 34);51;34
(17, 19, 34);51;34
(17, 20, 34);51;34
(17, 21, 34);51;34
(17, 22, 34);51;34
(17, 23, 34);51;34
(17, 24, 34);51;34
(17, 25, 34);51;34
(17, 26, 34);51;34
(17, 27, 34);51;34
(17, 28, 34);51;34
(17, 29, 34);51;34
(17, 30, 34);51;34
(17, 31, 34);51;34
(17, 32, 34);51;34
(17, 33, 34);51;34
(18, 19, 34);52;34
(18, 20, 34);52;34
(18, 21, 34);52;34
(18, 22, 34);52;34
(18, 23, 34);52;34
(18, 24, 34);52;34
(18, 25, 34);52;34
(18, 26, 34);52;34
(18, 27, 34);52;34
(18, 28, 34);52;34
(18, 29, 34);52;34
(18, 30, 34);52;34
(18, 31, 34);52;34
(18, 32, 34);52;34
(18, 33, 34);52;34
(19, 20, 34);53;34
(19, 21, 34);53;34
(19, 22, 34);53;34
(19, 23, 34);53;34
(19, 24, 34);53;34
(19, 25, 34);53;34
(19, 26, 34);53;34
(19, 27, 34);53;34
(19, 28, 34);53;34
(19, 29, 34);53;34
(19, 30, 34);53;34
(19, 31, 34);53;34
(19, 32, 34);53;34
(19, 33, 34);53;34
(20, 21, 34);54;34
(20, 22, 34);54;34
(20, 23, 34);54;34
(20, 24, 34);54;34
(20, 25, 34);54;34
(20, 26, 34);54;34
(20, 27, 34);54;34
(20, 28, 34);54;34
(20, 29, 34);54;34
(20, 30, 34);54;34
(20, 31, 34);54;34
(20, 32, 34);54;34
(20, 33, 34);54;34
(21, 22, 34);55;34
(21, 23, 34);55;34
(21, 24, 34);55;34
(21, 25, 34);55;34
(21, 26, 34);55;34
(21, 27, 34);55;34
(21, 28, 34);55;34
(21, 29, 34);55;34
(21, 30, 34);55;34
(21, 31, 34);55;34
(21, 32, 34);55;34
(21, 33, 34);55;34
(22, 23, 34);56;34
(22, 24, 34);56;34
(22, 25, 34);56;34
(22, 26, 34);56;34
(22, 27, 34);56;34
(22, 28, 34);56;34
(22, 29, 34);56;34
(22, 30, 34);56;34
(22, 31, 34);56;34
(22, 32, 34);56;34
(22, 33, 34);56;34
(23, 24, 34);57;34
(23, 25, 34);57;34
(23, 26, 34);57;34
(23, 27, 34);57;34
(23, 28, 34);57;34
(23, 29, 34);57;34
(23, 30, 34);57;34
(23, 31, 34);57;34
(23, 32, 34);57;34
(23, 33, 34);57;34
(24, 25, 34);58;34
(24, 26, 34);58;34
(24, 27, 34);58;34
(24, 28, 34);58;34
(24, 29, 34);58;34
(24, 30, 34);58;34
(24, 31, 34);58;34
(24, 32, 34);58;34
(24, 33, 34);58;34
(25, 26, 34);59;34
(25, 27, 34);59;34
(25, 28, 34);59;34
(25, 29, 34);59;34
(25, 30, 34);59;34
(25, 31, 34);59;34
(25, 32, 34);59;34
(25, 33, 34);59;34
(26, 27, 34);60;34
(26, 28, 34);60;34
(26, 29, 34);60;34
(26, 30, 34);60;34
(26, 31, 34);60;34
(26, 32, 34);60;34
(26, 33, 34);60;34
(27, 28, 34);61;34
(27, 29, 34);61;34
(27, 30, 34);61;34
(27, 31, 34);61;34
(27, 32, 34);61;34
(27, 33, 34);61;34
(28, 29, 34);62;34
(28, 30, 34);62;34
(28, 31, 34);62;34
(28, 32, 34);62;34
(28, 33, 34);62;34
(29, 30, 34);63;34
(29, 31, 34);63;34
(29, 32, 34);63;34
(29, 33, 34);63;34
(30, 31, 34);64;34
(30, 32, 34);64;34
(30, 33, 34);64;34
(31, 32, 34);65;34
(31, 33, 34);65;34
(32, 33, 34);66;34
