S;p;l
(1, 2, 27);28;27
(1, 3, 27);2;27
(1, 4, 27);28;27
(1, 5, 27);2;27
(1, 6, 27);7;27
(1, 7, 27);2;27
(1, 8, 27);7;103
(1, 9, 27);2;27
(1, 10, 27);37;27
(1, 11, 27);2;27
(1, 12, 27);13;27
(1, 13, 27);2;27
(1, 14, 27);28;27
(1, 15, 27);2;27
(1, 16, 27);43;29
(1, 17, 27);2;27
(1, 18, 27);45;29
(1, 19, 27);2;27
(1, 20, 27);47;29
(1, 21, 27);2;27
(1, 22, 27);49;29
(1, 23, 27);2;27
(1, 24, 27);51;29
(1, 25, 27);2;27
(1, 26, 27);52;27
(2, 3, 27);5;27
(2, 4, 27);6;27
(2, 5, 27);32;27
(2, 6, 27);33;27
(2, 7, 27);29;98
(2, 8, 27);5;32
(2, 9, 27);29;27
(2, 10, 27);37;27
(2, 11, 27);38;27
(2, 12, 27);29;74
(2, 13, 27);40;74
(2, 14, 27);41;27
(2, 15, 27);42;27
(2, 16, 27);18;84
(2, 17, 27);44;30
(2, 18, 27);45;27
(2, 19, 27);46;27
(2, 20, 27);29;132
(2, 21, 27);48;30
(2, 22, 27);49;27
(2, 23, 27);25;27
(2, 24, 27);51;140
(2, 25, 27);102;27
(2, 26, 27);53;27
(3, 4, 27);30;27
(3, 5, 27);8;27
(3, 6, 27);30;27
(3, 7, 27);10;27
(3, 8, 27);35;27
(3, 9, 27);6;27
(3, 10, 27);37;27
(3, 11, 27);30;44
(3, 12, 27);15;27
(3, 13, 27);2;94
(3, 14, 27);41;27
(3, 15, 27);6;27
(3, 16, 27);43;27
(3, 17, 27);2;88
(3, 18, 27);15;33
(3, 19, 27);2;90
(3, 20, 27);47;27
(3, 21, 27);6;27
(3, 22, 27);49;27
(3, 23, 27);2;50
(3, 24, 27);48;27
(3, 25, 27);2;50
(3, 26, 27);53;27
(4, 5, 27);31;27
(4, 6, 27);31;27
(4, 7, 27);11;27
(4, 8, 27);12;28
(4, 9, 27);31;27
(4, 10, 27);31;62
(4, 11, 27);38;27
(4, 12, 27);39;27
(4, 13, 27);40;27
(4, 14, 27);18;119
(4, 15, 27);31;35
(4, 16, 27);31;27
(4, 17, 27);44;107
(4, 18, 27);45;27
(4, 19, 27);23;27
(4, 20, 27);47;27
(4, 21, 27);48;27
(4, 22, 27);31;138
(4, 23, 27);47;27
(4, 24, 27);31;113
(4, 25, 27);52;94
(4, 26, 27);53;31
(5, 6, 27);11;27
(5, 7, 27);34;27
(5, 8, 27);32;48
(5, 9, 27);32;27
(5, 10, 27);32;27
(5, 11, 27);16;27
(5, 12, 27);32;34
(5, 13, 27);2;134
(5, 14, 27);41;27
(5, 15, 27);42;27
(5, 16, 27);32;27
(5, 17, 27);22;27
(5, 18, 27);45;27
(5, 19, 27);2;138
(5, 20, 27);25;103
(5, 21, 27);2;162
(5, 22, 27);230;27
(5, 23, 27);2;96
(5, 24, 27);51;27
(5, 25, 27);52;27
(5, 26, 27);53;37
(6, 7, 27);34;27
(6, 8, 27);33;27
(6, 9, 27);33;27
(6, 10, 27);33;27
(6, 11, 27);17;27
(6, 12, 27);18;27
(6, 13, 27);33;114
(6, 14, 27);41;27
(6, 15, 27);21;27
(6, 16, 27);11;27
(6, 17, 27);11;34
(6, 18, 27);45;27
(6, 19, 27);46;27
(6, 20, 27);33;128
(6, 21, 27);45;27
(6, 22, 27);49;126
(6, 23, 27);29;91
(6, 24, 27);33;63
(6, 25, 27);52;133
(6, 26, 27);32;98
(7, 8, 27);34;27
(7, 9, 27);34;27
(7, 10, 27);17;27
(7, 11, 27);18;27
(7, 12, 27);19;27
(7, 13, 27);20;27
(7, 14, 27);21;28
(7, 15, 27);22;28
(7, 16, 27);34;28
(7, 17, 27);34;27
(7, 18, 27);34;53
(7, 19, 27);2;166
(7, 20, 27);322;27
(7, 21, 27);48;27
(7, 22, 27);49;41
(7, 23, 27);50;41
(7, 24, 27);17;41
(7, 25, 27);34;41
(7, 26, 27);34;41
(8, 9, 27);35;27
(8, 10, 27);18;27
(8, 11, 27);19;27
(8, 12, 27);39;27
(8, 13, 27);40;27
(8, 14, 27);41;82
(8, 15, 27);35;77
(8, 16, 27);35;32
(8, 17, 27);35;32
(8, 18, 27);35;54
(8, 19, 27);328;27
(8, 20, 27);7;295
(8, 21, 27);48;89
(8, 22, 27);49;27
(8, 23, 27);50;27
(8, 24, 27);51;27
(8, 25, 27);52;43
(8, 26, 27);35;43
(9, 10, 27);37;27
(9, 11, 27);38;27
(9, 12, 27);39;27
(9, 13, 27);40;27
(9, 14, 27);41;41
(9, 15, 27);6;42
(9, 16, 27);43;75
(9, 17, 27);2;146
(9, 18, 27);36;27
(9, 19, 27);2;152
(9, 20, 27);47;79
(9, 21, 27);6;42
(9, 22, 27);49;41
(9, 23, 27);50;27
(9, 24, 27);51;27
(9, 25, 27);52;27
(9, 26, 27);53;27
(10, 11, 27);38;27
(10, 12, 27);39;27
(10, 13, 27);40;27
(10, 14, 27);41;203
(10, 15, 27);37;67
(10, 16, 27);37;246
(10, 17, 27);37;27
(10, 18, 27);37;27
(10, 19, 27);37;27
(10, 20, 27);37;27
(10, 21, 27);37;218
(10, 22, 27);37;98
(10, 23, 27);33;161
(10, 24, 27);17;37
(10, 25, 27);35;37
(10, 26, 27);36;37
(11, 12, 27);39;27
(11, 13, 27);40;27
(11, 14, 27);41;123
(11, 15, 27);38;84
(11, 16, 27);38;27
(11, 17, 27);38;27
(11, 18, 27);38;27
(11, 19, 27);38;27
(11, 20, 27);38;27
(11, 21, 27);38;27
(11, 22, 27);38;27
(11, 23, 27);38;80
(11, 24, 27);35;117
(11, 25, 27);36;38
(11, 26, 27);37;38
(12, 13, 27);40;27
(12, 14, 27);13;231
(12, 15, 27);39;27
(12, 16, 27);39;27
(12, 17, 27);39;27
(12, 18, 27);39;27
(12, 19, 27);39;27
(12, 20, 27);39;27
(12, 21, 27);39;27
(12, 22, 27);39;27
(12, 23, 27);39;27
(12, 24, 27);39;27
(12, 25, 27);13;260
(12, 26, 27);38;39
(13, 14, 27);40;27
(13, 15, 27);40;27
(13, 16, 27);40;27
(13, 17, 27);40;27
(13, 18, 27);40;27
(13, 19, 27);40;27
(13, 20, 27);40;27
(13, 21, 27);40;27
(13, 22, 27);40;27
(13, 23, 27);40;27
(13, 24, 27);40;27
(13, 25, 27);40;27
(13, 26, 27);40;27
(14, 15, 27);41;27
(14, 16, 27);41;27
(14, 17, 27);41;27
(14, 18, 27);41;27
(14, 19, 27);41;27
(14, 20, 27);41;27
(14, 21, 27);41;27
(14, 22, 27);41;27
(14, 23, 27);41;27
(14, 24, 27);41;27
(14, 25, 27);41;27
(14, 26, 27);41;27
(15, 16, 27);42;27
(15, 17, 27);42;27
(15, 18, 27);42;27
(15, 19, 27);42;27
(15, 20, 27);42;27
(15, 21, 27);42;27
(15, 22, 27);42;27
(15, 23, 27);42;27
(15, 24, 27);42;27
(15, 25, 27);42;27
(15, 26, 27);42;27
(16, 17, 27);43;27
(16, 18, 27);43;27
(16, 19, 27);43;27
(16, 20, 27);43;27
(16, 21, 27);43;27
(16, 22, 27);43;27
(16, 23, 27);43;27
(16, 24, 27);43;27
(16, 25, 27);43;27
(16, 26, 27);43;27
(17, 18, 27);44;27
(17, 19, 27);44;27
(17, 20, 27);44;27
(17, 21, 27);44;27
(17, 22, 27);44;27
(17, 23, 27);44;27
(17, 24, 27);44;27
(17, 25, 27);44;27
(17, 26, 27);44;27
(18, 19, 27);45;27
(18, 20, 27);45;27
(18, 21, 27);45;27
(18, 22, 27);45;27
(18, 23, 27);45;27
(18, 24, 27);45;27
(18, 25, 27);45;27
(18, 26, 27);45;27
(19, 20, 27);46;27
(19, 21, 27);46;27
(19, 22, 27);46;27
(19, 23, 27);46;27
(19, 24, 27);46;27
(19, 25, 27);46;27
(19, 26, 27);46;27
(20, 21, 27);47;27
(20, 22, 27);47;27
(20, 23, 27);47;27
(20, 24, 27);47;27
(20, 25, 27);47;27
(20, 26, 27);47;27
(21, 22, 27);48;27
(21, 23, 27);48;27
(21, 24, 27);48;27
(21, 25, 27);48;27
(21, 26, 27);48;27
(22, 23, 27);49;27
(22, 24, 27);49;27
(22, 25, 27);49;27
(22, 26, 27);49;27
(23, 24, 27);50;27
(23, 25, 27);50;27
(23, 26, 27);50;27
(24, 25, 27);51;27
(24, 26, 27);51;27
(25, 26, 27);52;27
