S;p;l
(1, 2, 15);16;15
(1, 3, 15);2;15
(1, 4, 15);16;21
(1, 5, 15);2;15
(1, 6, 15);7;15
(1, 7, 15);2;15
(1, 8, 15);16;15
(1, 9, 15);2;15
(1, 10, 15);25;17
(1, 11, 15);2;15
(1, 12, 15);27;17
(1, 13, 15);2;15
(1, 14, 15);28;15
(2, 3, 15);17;15
(2, 4, 15);6;15
(2, 5, 15);17;15
(2, 6, 15);21;15
(2, 7, 15);22;15
(2, 8, 15);10;21
(2, 9, 15);24;18
(2, 10, 15);25;15
(2, 11, 15);13;15
(2, 12, 15);17;49
(2, 13, 15);54;15
(2, 14, 15);29;15
(3, 4, 15);19;15
(3, 5, 15);18;15
(3, 6, 15);9;15
(3, 7, 15);2;30
(3, 8, 15);23;15
(3, 9, 15);6;15
(3, 10, 15);25;15
(3, 11, 15);2;26
(3, 12, 15);24;15
(3, 13, 15);2;26
(3, 14, 15);29;15
(4, 5, 15);19;15
(4, 6, 15);10;15
(4, 7, 15);11;15
(4, 8, 15);12;16
(4, 9, 15);19;16
(4, 10, 15);19;30
(4, 11, 15);100;15
(4, 12, 15);27;15
(4, 13, 15);28;23
(4, 14, 15);19;23
(5, 6, 15);21;15
(5, 7, 15);22;15
(5, 8, 15);23;23
(5, 9, 15);2;42
(5, 10, 15);20;15
(5, 11, 15);2;44
(5, 12, 15);27;23
(5, 13, 15);28;15
(5, 14, 15);29;15
(6, 7, 15);22;15
(6, 8, 15);7;60
(6, 9, 15);21;15
(6, 10, 15);21;15
(6, 11, 15);21;15
(6, 12, 15);21;15
(6, 13, 15);7;77
(6, 14, 15);20;21
(7, 8, 15);22;15
(7, 9, 15);22;15
(7, 10, 15);22;15
(7, 11, 15);22;15
(7, 12, 15);22;15
(7, 13, 15);22;15
(7, 14, 15);22;15
(8, 9, 15);23;15
(8, 10, 15);23;15
(8, 11, 15);23;15
(8, 12, 15);23;15
(8, 13, 15);23;15
(8, 14, 15);23;15
(9, 10, 15);24;15
(9, 11, 15);24;15
(9, 12, 15);24;15
(9, 13, 15);24;15
(9, 14, 15);24;15
(10, 11, 15);25;15
(10, 12, 15);25;15
(10, 13, 15);25;15
(10, 14, 15);25;15
(11, 12, 15);26;15
(11, 13, 15);26;15
(11, 14, 15);26;15
(12, 13, 15);27;15
(12, 14, 15);27;15
(13, 14, 15);28;15
