S;p;l
(1, 2, 22);3;22
(1, 3, 22);25;22
(1, 4, 22);23;22
(1, 5, 22);27;22
(1, 6, 22);7;22
(1, 7, 22);29;22
(1, 8, 22);23;24
(1, 9, 22);31;22
(1, 10, 22);32;58
(1, 11, 22);33;22
(1, 12, 22);34;22
(1, 13, 22);35;22
(1, 14, 22);36;22
(1, 15, 22);37;22
(1, 16, 22);38;22
(1, 17, 22);39;22
(1, 18, 22);40;22
(1, 19, 22);41;22
(1, 20, 22);21;22
(1, 21, 22);43;22
(2, 3, 22);5;22
(2, 4, 22);6;22
(2, 5, 22);24;22
(2, 6, 22);4;22
(2, 7, 22);24;26
(2, 8, 22);10;22
(2, 9, 22);31;60
(2, 10, 22);4;22
(2, 11, 22);33;22
(2, 12, 22);24;22
(2, 13, 22);35;22
(2, 14, 22);4;22
(2, 15, 22);37;22
(2, 16, 22);38;26
(2, 17, 22);39;22
(2, 18, 22);4;22
(2, 19, 22);41;22
(2, 20, 22);40;22
(2, 21, 22);43;22
(3, 4, 22);26;22
(3, 5, 22);25;22
(3, 6, 22);9;22
(3, 7, 22);5;22
(3, 8, 22);5;87
(3, 9, 22);31;22
(3, 10, 22);32;22
(3, 11, 22);33;22
(3, 12, 22);5;64
(3, 13, 22);5;102
(3, 14, 22);36;22
(3, 15, 22);37;22
(3, 16, 22);19;22
(3, 17, 22);39;22
(3, 18, 22);21;60
(3, 19, 22);117;22
(3, 20, 22);42;22
(3, 21, 22);43;22
(4, 5, 22);9;22
(4, 6, 22);28;22
(4, 7, 22);26;22
(4, 8, 22);26;22
(4, 9, 22);13;22
(4, 10, 22);26;28
(4, 11, 22);33;22
(4, 12, 22);34;22
(4, 13, 22);26;22
(4, 14, 22);18;22
(4, 15, 22);37;22
(4, 16, 22);26;44
(4, 17, 22);13;97
(4, 18, 22);76;22
(4, 19, 22);41;22
(4, 20, 22);42;22
(4, 21, 22);43;30
(5, 6, 22);27;22
(5, 7, 22);27;22
(5, 8, 22);27;22
(5, 9, 22);14;22
(5, 10, 22);15;22
(5, 11, 22);33;22
(5, 12, 22);17;22
(5, 13, 22);9;22
(5, 14, 22);9;28
(5, 15, 22);37;22
(5, 16, 22);38;22
(5, 17, 22);37;22
(5, 18, 22);40;67
(5, 19, 22);41;118
(5, 20, 22);27;52
(5, 21, 22);26;80
(6, 7, 22);28;22
(6, 8, 22);14;22
(6, 9, 22);15;22
(6, 10, 22);16;22
(6, 11, 22);33;22
(6, 12, 22);18;24
(6, 13, 22);28;24
(6, 14, 22);28;22
(6, 15, 22);7;139
(6, 16, 22);108;22
(6, 17, 22);39;22
(6, 18, 22);40;22
(6, 19, 22);41;34
(6, 20, 22);14;34
(6, 21, 22);28;34
(7, 8, 22);15;22
(7, 9, 22);31;22
(7, 10, 22);32;22
(7, 11, 22);33;22
(7, 12, 22);29;63
(7, 13, 22);29;93
(7, 14, 22);29;28
(7, 15, 22);217;22
(7, 16, 22);29;70
(7, 17, 22);29;39
(7, 18, 22);40;22
(7, 19, 22);41;22
(7, 20, 22);42;22
(7, 21, 22);43;22
(8, 9, 22);31;22
(8, 10, 22);32;22
(8, 11, 22);33;22
(8, 12, 22);10;54
(8, 13, 22);5;187
(8, 14, 22);30;22
(8, 15, 22);30;22
(8, 16, 22);30;22
(8, 17, 22);5;168
(8, 18, 22);10;80
(8, 19, 22);41;29
(8, 20, 22);14;30
(8, 21, 22);29;30
(9, 10, 22);32;22
(9, 11, 22);33;22
(9, 12, 22);31;89
(9, 13, 22);31;22
(9, 14, 22);31;22
(9, 15, 22);31;22
(9, 16, 22);31;22
(9, 17, 22);31;22
(9, 18, 22);31;22
(9, 19, 22);31;113
(9, 20, 22);29;31
(9, 21, 22);30;31
(10, 11, 22);33;22
(10, 12, 22);32;22
(10, 13, 22);32;22
(10, 14, 22);32;22
(10, 15, 22);32;22
(10, 16, 22);32;22
(10, 17, 22);32;22
(10, 18, 22);32;22
(10, 19, 22);32;22
(10, 20, 22);32;22
(10, 21, 22);31;32
(11, 12, 22);33;22
(11, 13, 22);33;22
(11, 14, 22);33;22
(11, 15, 22);33;22
(11, 16, 22);33;22
(11, 17, 22);33;22
(11, 18, 22);33;22
(11, 19, 22);33;22
(11, 20, 22);33;22
(11, 21, 22);33;22
(12, 13, 22);34;22
(12, 14, 22);34;22
(12, 15, 22);34;22
(12, 16, 22);34;22
(12, 17, 22);34;22
(12, 18, 22);34;22
(12, 19, 22);34;22
(12, 20, 22);34;22
(12, 21, 22);34;22
(13, 14, 22);35;22
(13, 15, 22);35;22
(13, 16, 22);35;22
(13, 17, 22);35;22
(13, 18, 22);35;22
(13, 19, 22);35;22
(13, 20, 22);35;22
(13, 21, 22);35;22
(14, 15, 22);36;22
(14, 16, 22);36;22
(14, 17, 22);36;22
(14, 18, 22);36;22
(14, 19, 22);36;22
(14, 20, 22);36;22
(14, 21, 22);36;22
(15, 16, 22);37;22
(15, 17, 22);37;22
(15, 18, 22);37;22
(15, 19, 22);37;22
(15, 20, 22);37;22
(15, 21, 22);37;22
(16, 17, 22);38;22
(16, 18, 22);38;22
(16, 19, 22);38;22
(16, 20, 22);38;22
(16, 21, 22);38;22
(17, 18, 22);39;22
(17, 19, 22);39;22
(17, 20, 22);39;22
(17, 21, 22);39;22
(18, 19, 22);40;22
(18, 20, 22);40;22
(18, 21, 22);40;22
(19, 20, 22);41;22
(19, 21, 22);41;22
(20, 21, 22);42;22
