S;p;l
(1, 2, 29);3;29
(1, 3, 29);2;29
(1, 4, 29);5;29
(1, 5, 29);2;29
(1, 6, 29);7;29
(1, 7, 29);2;29
(1, 8, 29);30;70
(1, 9, 29);2;29
(1, 10, 29);39;29
(1, 11, 29);2;29
(1, 12, 29);41;29
(1, 13, 29);2;29
(1, 14, 29);15;29
(1, 15, 29);2;29
(1, 16, 29);15;31
(1, 17, 29);2;29
(1, 18, 29);47;31
(1, 19, 29);2;29
(1, 20, 29);49;31
(1, 21, 29);2;29
(1, 22, 29);51;31
(1, 23, 29);2;29
(1, 24, 29);53;31
(1, 25, 29);2;29
(1, 26, 29);55;31
(1, 27, 29);2;29
(1, 28, 29);56;29
(2, 3, 29);31;29
(2, 4, 29);31;29
(2, 5, 29);31;29
(2, 6, 29);35;29
(2, 7, 29);9;29
(2, 8, 29);31;41
(2, 9, 29);38;29
(2, 10, 29);39;29
(2, 11, 29);31;33
(2, 12, 29);31;77
(2, 13, 29);42;29
(2, 14, 29);43;29
(2, 15, 29);44;33
(2, 16, 29);9;87
(2, 17, 29);46;29
(2, 18, 29);47;29
(2, 19, 29);48;33
(2, 20, 29);31;86
(2, 21, 29);50;29
(2, 22, 29);51;29
(2, 23, 29);52;33
(2, 24, 29);53;147
(2, 25, 29);27;29
(2, 26, 29);55;29
(2, 27, 29);55;29
(2, 28, 29);57;94
(3, 4, 29);33;29
(3, 5, 29);8;29
(3, 6, 29);9;30
(3, 7, 29);2;54
(3, 8, 29);32;33
(3, 9, 29);38;29
(3, 10, 29);13;29
(3, 11, 29);2;94
(3, 12, 29);32;47
(3, 13, 29);16;29
(3, 14, 29);43;82
(3, 15, 29);44;29
(3, 16, 29);32;29
(3, 17, 29);46;29
(3, 18, 29);21;138
(3, 19, 29);16;34
(3, 20, 29);49;33
(3, 21, 29);50;29
(3, 22, 29);51;35
(3, 23, 29);26;29
(3, 24, 29);32;151
(3, 25, 29);2;84
(3, 26, 29);162;29
(3, 27, 29);56;29
(3, 28, 29);57;35
(4, 5, 29);34;29
(4, 6, 29);33;29
(4, 7, 29);11;29
(4, 8, 29);12;29
(4, 9, 29);13;29
(4, 10, 29);33;44
(4, 11, 29);40;29
(4, 12, 29);41;29
(4, 13, 29);42;29
(4, 14, 29);43;29
(4, 15, 29);11;125
(4, 16, 29);33;85
(4, 17, 29);33;134
(4, 18, 29);11;113
(4, 19, 29);48;29
(4, 20, 29);49;29
(4, 21, 29);25;29
(4, 22, 29);51;29
(4, 23, 29);52;155
(4, 24, 29);33;142
(4, 25, 29);204;29
(4, 26, 29);11;155
(4, 27, 29);56;29
(4, 28, 29);57;29
(5, 6, 29);34;29
(5, 7, 29);12;29
(5, 8, 29);37;29
(5, 9, 29);2;84
(5, 10, 29);34;29
(5, 11, 29);2;86
(5, 12, 29);17;29
(5, 13, 29);34;36
(5, 14, 29);43;122
(5, 15, 29);44;29
(5, 16, 29);45;39
(5, 17, 29);34;29
(5, 18, 29);23;29
(5, 19, 29);24;29
(5, 20, 29);25;74
(5, 21, 29);34;56
(5, 22, 29);17;81
(5, 23, 29);2;134
(5, 24, 29);260;29
(5, 25, 29);54;29
(5, 26, 29);55;39
(5, 27, 29);56;39
(5, 28, 29);34;106
(6, 7, 29);36;29
(6, 8, 29);7;102
(6, 9, 29);35;29
(6, 10, 29);35;29
(6, 11, 29);35;29
(6, 12, 29);18;29
(6, 13, 29);42;119
(6, 14, 29);43;169
(6, 15, 29);44;29
(6, 16, 29);45;29
(6, 17, 29);23;29
(6, 18, 29);47;29
(6, 19, 29);48;29
(6, 20, 29);49;29
(6, 21, 29);27;194
(6, 22, 29);51;87
(6, 23, 29);47;29
(6, 24, 29);5;331
(6, 25, 29);31;96
(6, 26, 29);55;107
(6, 27, 29);56;34
(6, 28, 29);57;35
(7, 8, 29);36;29
(7, 9, 29);36;29
(7, 10, 29);36;29
(7, 11, 29);18;29
(7, 12, 29);19;29
(7, 13, 29);20;29
(7, 14, 29);21;29
(7, 15, 29);22;29
(7, 16, 29);23;29
(7, 17, 29);12;29
(7, 18, 29);36;29
(7, 19, 29);12;38
(7, 20, 29);49;37
(7, 21, 29);50;29
(7, 22, 29);50;29
(7, 23, 29);2;192
(7, 24, 29);53;153
(7, 25, 29);18;90
(7, 26, 29);36;69
(7, 27, 29);36;70
(7, 28, 29);36;71
(8, 9, 29);37;29
(8, 10, 29);37;29
(8, 11, 29);19;29
(8, 12, 29);20;29
(8, 13, 29);21;29
(8, 14, 29);43;29
(8, 15, 29);37;169
(8, 16, 29);24;32
(8, 17, 29);37;32
(8, 18, 29);37;32
(8, 19, 29);37;57
(8, 20, 29);37;137
(8, 21, 29);376;29
(8, 22, 29);37;145
(8, 23, 29);52;29
(8, 24, 29);53;29
(8, 25, 29);54;45
(8, 26, 29);55;45
(8, 27, 29);37;45
(8, 28, 29);37;45
(9, 10, 29);19;29
(9, 11, 29);20;29
(9, 12, 29);41;29
(9, 13, 29);42;29
(9, 14, 29);43;29
(9, 15, 29);2;176
(9, 16, 29);38;83
(9, 17, 29);2;156
(9, 18, 29);38;36
(9, 19, 29);38;29
(9, 20, 29);378;29
(9, 21, 29);2;176
(9, 22, 29);38;136
(9, 23, 29);2;200
(9, 24, 29);53;29
(9, 25, 29);54;29
(9, 26, 29);55;29
(9, 27, 29);56;29
(9, 28, 29);19;47
(10, 11, 29);40;29
(10, 12, 29);41;29
(10, 13, 29);42;29
(10, 14, 29);43;29
(10, 15, 29);44;209
(10, 16, 29);13;69
(10, 17, 29);46;126
(10, 18, 29);39;147
(10, 19, 29);39;29
(10, 20, 29);39;29
(10, 21, 29);39;178
(10, 22, 29);32;180
(10, 23, 29);13;102
(10, 24, 29);53;103
(10, 25, 29);54;36
(10, 26, 29);55;37
(10, 27, 29);56;38
(10, 28, 29);19;39
(11, 12, 29);41;29
(11, 13, 29);42;29
(11, 14, 29);43;29
(11, 15, 29);44;88
(11, 16, 29);9;155
(11, 17, 29);40;46
(11, 18, 29);40;29
(11, 19, 29);40;29
(11, 20, 29);40;29
(11, 21, 29);40;29
(11, 22, 29);40;29
(11, 23, 29);40;46
(11, 24, 29);53;119
(11, 25, 29);18;84
(11, 26, 29);37;40
(11, 27, 29);38;40
(11, 28, 29);39;40
(12, 13, 29);42;29
(12, 14, 29);43;29
(12, 15, 29);44;264
(12, 16, 29);41;118
(12, 17, 29);41;29
(12, 18, 29);41;29
(12, 19, 29);41;29
(12, 20, 29);41;29
(12, 21, 29);41;29
(12, 22, 29);41;29
(12, 23, 29);41;29
(12, 24, 29);41;29
(12, 25, 29);41;149
(12, 26, 29);55;233
(12, 27, 29);39;41
(12, 28, 29);40;41
(13, 14, 29);43;29
(13, 15, 29);2;264
(13, 16, 29);42;29
(13, 17, 29);42;29
(13, 18, 29);42;29
(13, 19, 29);42;29
(13, 20, 29);42;29
(13, 21, 29);42;29
(13, 22, 29);42;29
(13, 23, 29);42;29
(13, 24, 29);42;29
(13, 25, 29);42;29
(13, 26, 29);42;29
(13, 27, 29);2;254
(13, 28, 29);41;42
(14, 15, 29);43;29
(14, 16, 29);43;29
(14, 17, 29);43;29
(14, 18, 29);43;29
(14, 19, 29);43;29
(14, 20, 29);43;29
(14, 21, 29);43;29
(14, 22, 29);43;29
(14, 23, 29);43;29
(14, 24, 29);43;29
(14, 25, 29);43;29
(14, 26, 29);43;29
(14, 27, 29);43;29
(14, 28, 29);43;29
(15, 16, 29);44;29
(15, 17, 29);44;29
(15, 18, 29);44;29
(15, 19, 29);44;29
(15, 20, 29);44;29
(15, 21, 29);44;29
(15, 22, 29);44;29
(15, 23, 29);44;29
(15, 24, 29);44;29
(15, 25, 29);44;29
(15, 26, 29);44;29
(15, 27, 29);44;29
(15, 28, 29);44;29
(16, 17, 29);45;29
(16, 18, 29);45;29
(16, 19, 29);45;29
(16, 20, 29);45;29
(16, 21, 29);45;29
(16, 22, 29);45;29
(16, 23, 29);45;29
(16, 24, 29);45;29
(16, 25, 29);45;29
(16, 26, 29);45;29
(16, 27, 29);45;29
(16, 28, 29);45;29
(17, 18, 29);46;29
(17, 19, 29);46;29
(17, 20, 29);46;29
(17, 21, 29);46;29
(17, 22, 29);46;29
(17, 23, 29);46;29
(17, 24, 29);46;29
(17, 25, 29);46;29
(17, 26, 29);46;29
(17, 27, 29);46;29
(17, 28, 29);46;29
(18, 19, 29);47;29
(18, 20, 29);47;29
(18, 21, 29);47;29
(18, 22, 29);47;29
(18, 23, 29);47;29
(18, 24, 29);47;29
(18, 25, 29);47;29
(18, 26, 29);47;29
(18, 27, 29);47;29
(18, 28, 29);47;29
(19, 20, 29);48;29
(19, 21, 29);48;29
(19, 22, 29);48;29
(19, 23, 29);48;29
(19, 24, 29);48;29
(19, 25, 29);48;29
(19, 26, 29);48;29
(19, 27, 29);48;29
(19, 28, 29);48;29
(20, 21, 29);49;29
(20, 22, 29);49;29
(20, 23, 29);49;29
(20, 24, 29);49;29
(20, 25, 29);49;29
(20, 26, 29);49;29
(20, 27, 29);49;29
(20, 28, 29);49;29
(21, 22, 29);50;29
(21, 23, 29);50;29
(21, 24, 29);50;29
(21, 25, 29);50;29
(21, 26, 29);50;29
(21, 27, 29);50;29
(21, 28, 29);50;29
(22, 23, 29);51;29
(22, 24, 29);51;29
(22, 25, 29);51;29
(22, 26, 29);51;29
(22, 27, 29);51;29
(22, 28, 29);51;29
(23, 24, 29);52;29
(23, 25, 29);52;29
(23, 26, 29);52;29
(23, 27, 29);52;29
(23, 28, 29);52;29
(24, 25, 29);53;29
(24, 26, 29);53;29
(24, 27, 29);53;29
(24, 28, 29);53;29
(25, 26, 29);54;29
(25, 27, 29);54;29
(25, 28, 29);54;29
(26, 27, 29);55;29
(26, 28, 29);55;29
(27, 28, 29);56;29
