S;p;l
(1, 2, 20);3;20
(1, 3, 20);23;20
(1, 4, 20);21;26
(1, 5, 20);25;20
(1, 6, 20);7;20
(1, 7, 20);27;20
(1, 8, 20);7;52
(1, 9, 20);29;20
(1, 10, 20);30;20
(1, 11, 20);31;20
(1, 12, 20);32;20
(1, 13, 20);33;20
(1, 14, 20);34;20
(1, 15, 20);35;20
(1, 16, 20);36;20
(1, 17, 20);37;20
(1, 18, 20);19;20
(1, 19, 20);39;20
(2, 3, 20);22;20
(2, 4, 20);6;20
(2, 5, 20);25;20
(2, 6, 20);26;20
(2, 7, 20);9;20
(2, 8, 20);22;32
(2, 9, 20);11;20
(2, 10, 20);30;20
(2, 11, 20);22;20
(2, 12, 20);32;20
(2, 13, 20);11;23
(2, 14, 20);34;20
(2, 15, 20);35;24
(2, 16, 20);18;20
(2, 17, 20);37;23
(2, 18, 20);38;20
(2, 19, 20);39;24
(3, 4, 20);23;20
(3, 5, 20);8;20
(3, 6, 20);9;21
(3, 7, 20);23;31
(3, 8, 20);28;20
(3, 9, 20);29;20
(3, 10, 20);30;20
(3, 11, 20);23;26
(3, 12, 20);23;20
(3, 13, 20);33;20
(3, 14, 20);17;20
(3, 15, 20);35;20
(3, 16, 20);36;20
(3, 17, 20);35;20
(3, 18, 20);21;65
(3, 19, 20);39;23
(4, 5, 20);25;20
(4, 6, 20);24;20
(4, 7, 20);24;20
(4, 8, 20);12;20
(4, 9, 20);29;39
(4, 10, 20);30;20
(4, 11, 20);31;20
(4, 12, 20);8;20
(4, 13, 20);33;20
(4, 14, 20);34;20
(4, 15, 20);35;35
(4, 16, 20);32;20
(4, 17, 20);37;34
(4, 18, 20);38;20
(4, 19, 20);39;20
(5, 6, 20);25;20
(5, 7, 20);25;20
(5, 8, 20);13;20
(5, 9, 20);14;20
(5, 10, 20);15;20
(5, 11, 20);16;20
(5, 12, 20);25;20
(5, 13, 20);25;26
(5, 14, 20);34;26
(5, 15, 20);35;20
(5, 16, 20);36;30
(5, 17, 20);37;30
(5, 18, 20);25;30
(5, 19, 20);25;30
(6, 7, 20);13;20
(6, 8, 20);14;20
(6, 9, 20);29;20
(6, 10, 20);30;20
(6, 11, 20);26;57
(6, 12, 20);26;24
(6, 13, 20);26;20
(6, 14, 20);90;20
(6, 15, 20);26;108
(6, 16, 20);36;20
(6, 17, 20);37;20
(6, 18, 20);38;20
(6, 19, 20);13;32
(7, 8, 20);28;20
(7, 9, 20);29;20
(7, 10, 20);30;20
(7, 11, 20);9;48
(7, 12, 20);27;75
(7, 13, 20);27;20
(7, 14, 20);27;20
(7, 15, 20);27;97
(7, 16, 20);9;71
(7, 17, 20);37;25
(7, 18, 20);38;26
(7, 19, 20);13;27
(8, 9, 20);29;20
(8, 10, 20);30;20
(8, 11, 20);28;62
(8, 12, 20);28;20
(8, 13, 20);28;20
(8, 14, 20);28;20
(8, 15, 20);28;20
(8, 16, 20);28;20
(8, 17, 20);28;59
(8, 18, 20);26;28
(8, 19, 20);27;28
(9, 10, 20);30;20
(9, 11, 20);29;20
(9, 12, 20);29;20
(9, 13, 20);29;20
(9, 14, 20);29;20
(9, 15, 20);29;20
(9, 16, 20);29;20
(9, 17, 20);29;20
(9, 18, 20);29;20
(9, 19, 20);28;29
(10, 11, 20);30;20
(10, 12, 20);30;20
(10, 13, 20);30;20
(10, 14, 20);30;20
(10, 15, 20);30;20
(10, 16, 20);30;20
(10, 17, 20);30;20
(10, 18, 20);30;20
(10, 19, 20);30;20
(11, 12, 20);31;20
(11, 13, 20);31;20
(11, 14, 20);31;20
(11, 15, 20);31;20
(11, 16, 20);31;20
(11, 17, 20);31;20
(11, 18, 20);31;20
(11, 19, 20);31;20
(12, 13, 20);32;20
(12, 14, 20);32;20
(12, 15, 20);32;20
(12, 16, 20);32;20
(12, 17, 20);32;20
(12, 18, 20);32;20
(12, 19, 20);32;20
(13, 14, 20);33;20
(13, 15, 20);33;20
(13, 16, 20);33;20
(13, 17, 20);33;20
(13, 18, 20);33;20
(13, 19, 20);33;20
(14, 15, 20);34;20
(14, 16, 20);34;20
(14, 17, 20);34;20
(14, 18, 20);34;20
(14, 19, 20);34;20
(15, 16, 20);35;20
(15, 17, 20);35;20
(15, 18, 20);35;20
(15, 19, 20);35;20
(16, 17, 20);36;20
(16, 18, 20);36;20
(16, 19, 20);36;20
(17, 18, 20);37;20
(17, 19, 20);37;20
(18, 19, 20);38;20
