S;p;l
(1, 2, 32);3;32
(1, 3, 32);35;32
(1, 4, 32);33;32
(1, 5, 32);37;32
(1, 6, 32);33;32
(1, 7, 32);39;32
(1, 8, 32);40;32
(1, 9, 32);41;32
(1, 10, 32);11;32
(1, 11, 32);43;32
(1, 12, 32);11;80
(1, 13, 32);45;32
(1, 14, 32);46;82
(1, 15, 32);47;32
(1, 16, 32);48;32
(1, 17, 32);49;32
(1, 18, 32);50;32
(1, 19, 32);51;32
(1, 20, 32);52;32
(1, 21, 32);53;32
(1, 22, 32);54;32
(1, 23, 32);55;32
(1, 24, 32);56;32
(1, 25, 32);57;32
(1, 26, 32);58;32
(1, 27, 32);59;32
(1, 28, 32);60;32
(1, 29, 32);61;32
(1, 30, 32);31;32
(1, 31, 32);63;32
(2, 3, 32);5;32
(2, 4, 32);6;32
(2, 5, 32);34;35
(2, 6, 32);38;32
(2, 7, 32);39;32
(2, 8, 32);10;32
(2, 9, 32);41;32
(2, 10, 32);42;32
(2, 11, 32);43;32
(2, 12, 32);34;36
(2, 13, 32);15;32
(2, 14, 32);46;32
(2, 15, 32);17;32
(2, 16, 32);48;32
(2, 17, 32);34;32
(2, 18, 32);50;32
(2, 19, 32);17;36
(2, 20, 32);52;32
(2, 21, 32);53;35
(2, 22, 32);54;32
(2, 23, 32);55;36
(2, 24, 32);56;32
(2, 25, 32);57;35
(2, 26, 32);58;32
(2, 27, 32);59;36
(2, 28, 32);30;32
(2, 29, 32);61;35
(2, 30, 32);62;32
(2, 31, 32);63;36
(3, 4, 32);7;32
(3, 5, 32);35;32
(3, 6, 32);9;32
(3, 7, 32);5;32
(3, 8, 32);40;32
(3, 9, 32);41;32
(3, 10, 32);7;121
(3, 11, 32);7;32
(3, 12, 32);5;74
(3, 13, 32);5;263
(3, 14, 32);46;32
(3, 15, 32);47;32
(3, 16, 32);48;32
(3, 17, 32);7;142
(3, 18, 32);7;90
(3, 19, 32);51;32
(3, 20, 32);52;32
(3, 21, 32);53;32
(3, 22, 32);54;32
(3, 23, 32);55;38
(3, 24, 32);7;267
(3, 25, 32);57;32
(3, 26, 32);29;32
(3, 27, 32);59;32
(3, 28, 32);60;32
(3, 29, 32);59;32
(3, 30, 32);33;101
(3, 31, 32);63;35
(4, 5, 32);9;32
(4, 6, 32);38;32
(4, 7, 32);36;32
(4, 8, 32);12;32
(4, 9, 32);36;78
(4, 10, 32);14;32
(4, 11, 32);36;37
(4, 12, 32);44;32
(4, 13, 32);9;129
(4, 14, 32);18;32
(4, 15, 32);47;42
(4, 16, 32);48;32
(4, 17, 32);7;142
(4, 18, 32);36;32
(4, 19, 32);51;37
(4, 20, 32);52;32
(4, 21, 32);53;40
(4, 22, 32);18;40
(4, 23, 32);9;80
(4, 24, 32);28;32
(4, 25, 32);36;102
(4, 26, 32);58;38
(4, 27, 32);59;37
(4, 28, 32);60;32
(4, 29, 32);61;40
(4, 30, 32);62;40
(4, 31, 32);9;182
(5, 6, 32);37;32
(5, 7, 32);37;32
(5, 8, 32);13;32
(5, 9, 32);41;32
(5, 10, 32);37;35
(5, 11, 32);37;49
(5, 12, 32);44;57
(5, 13, 32);9;37
(5, 14, 32);37;38
(5, 15, 32);47;32
(5, 16, 32);48;32
(5, 17, 32);49;42
(5, 18, 32);37;42
(5, 19, 32);37;32
(5, 20, 32);25;32
(5, 21, 32);53;32
(5, 22, 32);27;32
(5, 23, 32);37;38
(5, 24, 32);56;38
(5, 25, 32);57;32
(5, 26, 32);58;32
(5, 27, 32);57;32
(5, 28, 32);60;97
(5, 29, 32);61;168
(5, 30, 32);37;114
(5, 31, 32);9;183
(6, 7, 32);13;32
(6, 8, 32);40;32
(6, 9, 32);15;117
(6, 10, 32);38;32
(6, 11, 32);38;32
(6, 12, 32);38;32
(6, 13, 32);19;32
(6, 14, 32);38;40
(6, 15, 32);38;152
(6, 16, 32);48;32
(6, 17, 32);49;32
(6, 18, 32);50;32
(6, 19, 32);38;32
(6, 20, 32);26;32
(6, 21, 32);53;32
(6, 22, 32);54;32
(6, 23, 32);38;259
(6, 24, 32);30;84
(6, 25, 32);19;243
(6, 26, 32);162;32
(6, 27, 32);59;289
(6, 28, 32);60;32
(6, 29, 32);61;32
(6, 30, 32);62;32
(6, 31, 32);63;44
(7, 8, 32);40;32
(7, 9, 32);39;32
(7, 10, 32);39;32
(7, 11, 32);39;32
(7, 12, 32);39;32
(7, 13, 32);20;32
(7, 14, 32);21;32
(7, 15, 32);47;110
(7, 16, 32);48;32
(7, 17, 32);49;32
(7, 18, 32);25;32
(7, 19, 32);13;32
(7, 20, 32);13;40
(7, 21, 32);53;32
(7, 22, 32);54;32
(7, 23, 32);55;32
(7, 24, 32);56;112
(7, 25, 32);53;32
(7, 26, 32);58;333
(7, 27, 32);39;107
(7, 28, 32);39;169
(7, 29, 32);61;231
(7, 30, 32);62;114
(7, 31, 32);38;116
(8, 9, 32);40;32
(8, 10, 32);40;32
(8, 11, 32);40;32
(8, 12, 32);20;32
(8, 13, 32);21;32
(8, 14, 32);22;32
(8, 15, 32);23;32
(8, 16, 32);24;32
(8, 17, 32);25;32
(8, 18, 32);26;32
(8, 19, 32);40;32
(8, 20, 32);40;32
(8, 21, 32);40;42
(8, 22, 32);54;42
(8, 23, 32);55;41
(8, 24, 32);56;32
(8, 25, 32);57;48
(8, 26, 32);58;48
(8, 27, 32);59;48
(8, 28, 32);20;48
(8, 29, 32);40;48
(8, 30, 32);40;48
(8, 31, 32);40;48
(9, 10, 32);41;32
(9, 11, 32);41;32
(9, 12, 32);21;32
(9, 13, 32);22;32
(9, 14, 32);23;32
(9, 15, 32);47;32
(9, 16, 32);48;32
(9, 17, 32);41;205
(9, 18, 32);27;36
(9, 19, 32);41;36
(9, 20, 32);41;36
(9, 21, 32);41;63
(9, 22, 32);54;205
(9, 23, 32);459;32
(9, 24, 32);41;318
(9, 25, 32);57;32
(9, 26, 32);58;32
(9, 27, 32);59;32
(9, 28, 32);60;50
(9, 29, 32);61;50
(9, 30, 32);41;50
(9, 31, 32);41;50
(10, 11, 32);21;32
(10, 12, 32);22;32
(10, 13, 32);45;32
(10, 14, 32);46;32
(10, 15, 32);47;32
(10, 16, 32);48;32
(10, 17, 32);7;268
(10, 18, 32);14;48
(10, 19, 32);42;135
(10, 20, 32);42;40
(10, 21, 32);42;32
(10, 22, 32);230;32
(10, 23, 32);42;214
(10, 24, 32);14;150
(10, 25, 32);7;210
(10, 26, 32);58;32
(10, 27, 32);59;32
(10, 28, 32);60;32
(10, 29, 32);61;32
(10, 30, 32);62;32
(10, 31, 32);21;52
(11, 12, 32);44;32
(11, 13, 32);45;32
(11, 14, 32);46;32
(11, 15, 32);47;32
(11, 16, 32);48;32
(11, 17, 32);7;233
(11, 18, 32);43;50
(11, 19, 32);30;200
(11, 20, 32);43;132
(11, 21, 32);43;32
(11, 22, 32);43;32
(11, 23, 32);43;138
(11, 24, 32);56;264
(11, 25, 32);43;50
(11, 26, 32);58;113
(11, 27, 32);59;39
(11, 28, 32);60;40
(11, 29, 32);61;41
(11, 30, 32);62;42
(11, 31, 32);21;43
(12, 13, 32);45;32
(12, 14, 32);46;32
(12, 15, 32);47;32
(12, 16, 32);48;32
(12, 17, 32);44;125
(12, 18, 32);44;80
(12, 19, 32);44;292
(12, 20, 32);44;32
(12, 21, 32);44;32
(12, 22, 32);44;32
(12, 23, 32);44;32
(12, 24, 32);44;32
(12, 25, 32);44;260
(12, 26, 32);44;116
(12, 27, 32);44;132
(12, 28, 32);20;44
(12, 29, 32);41;44
(12, 30, 32);42;44
(12, 31, 32);43;44
(13, 14, 32);46;32
(13, 15, 32);47;32
(13, 16, 32);48;32
(13, 17, 32);15;146
(13, 18, 32);5;417
(13, 19, 32);45;32
(13, 20, 32);45;32
(13, 21, 32);45;32
(13, 22, 32);45;32
(13, 23, 32);45;32
(13, 24, 32);45;32
(13, 25, 32);45;32
(13, 26, 32);45;32
(13, 27, 32);5;388
(13, 28, 32);15;165
(13, 29, 32);42;45
(13, 30, 32);43;45
(13, 31, 32);44;45
(14, 15, 32);47;32
(14, 16, 32);48;32
(14, 17, 32);46;196
(14, 18, 32);46;32
(14, 19, 32);46;32
(14, 20, 32);46;32
(14, 21, 32);46;32
(14, 22, 32);46;32
(14, 23, 32);46;32
(14, 24, 32);46;32
(14, 25, 32);46;32
(14, 26, 32);46;32
(14, 27, 32);46;32
(14, 28, 32);46;32
(14, 29, 32);46;187
(14, 30, 32);44;46
(14, 31, 32);45;46
(15, 16, 32);48;32
(15, 17, 32);47;32
(15, 18, 32);47;32
(15, 19, 32);47;32
(15, 20, 32);47;32
(15, 21, 32);47;32
(15, 22, 32);47;32
(15, 23, 32);47;32
(15, 24, 32);47;32
(15, 25, 32);47;32
(15, 26, 32);47;32
(15, 27, 32);47;32
(15, 28, 32);47;32
(15, 29, 32);47;32
(15, 30, 32);47;32
(15, 31, 32);46;47
(16, 17, 32);48;32
(16, 18, 32);48;32
(16, 19, 32);48;32
(16, 20, 32);48;32
(16, 21, 32);48;32
(16, 22, 32);48;32
(16, 23, 32);48;32
(16, 24, 32);48;32
(16, 25, 32);48;32
(16, 26, 32);48;32
(16, 27, 32);48;32
(16, 28, 32);48;32
(16, 29, 32);48;32
(16, 30, 32);48;32
(16, 31, 32);48;32
(17, 18, 32);49;32
(17, 19, 32);49;32
(17, 20, 32);49;32
(17, 21, 32);49;32
(17, 22, 32);49;32
(17, 23, 32);49;32
(17, 24, 32);49;32
(17, 25, 32);49;32
(17, 26, 32);49;32
(17, 27, 32);49;32
(17, 28, 32);49;32
(17, 29, 32);49;32
(17, 30, 32);49;32
(17, 31, 32);49;32
(18, 19, 32);50;32
(18, 20, 32);50;32
(18, 21, 32);50;32
(18, 22, 32);50;32
(18, 23, 32);50;32
(18, 24, 32);50;32
(18, 25, 32);50;32
(18, 26, 32);50;32
(18, 27, 32);50;32
(18, 28, 32);50;32
(18, 29, 32);50;32
(18, 30, 32);50;32
(18, 31, 32);50;32
(19, 20, 32);51;32
(19, 21, 32);51;32
(19, 22, 32);51;32
(19, 23, 32);51;32
(19, 24, 32);51;32
(19, 25, 32);51;32
(19, 26, 32);51;32
(19, 27, 32);51;32
(19, 28, 32);51;32
(19, 29, 32);51;32
(19, 30, 32);51;32
(19, 31, 32);51;32
(20, 21, 32);52;32
(20, 22, 32);52;32
(20, 23, 32);52;32
(20, 24, 32);52;32
(20, 25, 32);52;32
(20, 26, 32);52;32
(20, 27, 32);52;32
(20, 28, 32);52;32
(20, 29, 32);52;32
(20, 30, 32);52;32
(20, 31, 32);52;32
(21, 22, 32);53;32
(21, 23, 32);53;32
(21, 24, 32);53;32
(21, 25, 32);53;32
(21, 26, 32);53;32
(21, 27, 32);53;32
(21, 28, 32);53;32
(21, 29, 32);53;32
(21, 30, 32);53;32
(21, 31, 32);53;32
(22, 23, 32);54;32
(22, 24, 32);54;32
(22, 25, 32);54;32
(22, 26, 32);54;32
(22, 27, 32);54;32
(22, 28, 32);54;32
(22, 29, 32);54;32
(22, 30, 32);54;32
(22, 31, 32);54;32
(23, 24, 32);55;32
(23, 25, 32);55;32
(23, 26, 32);55;32
(23, 27, 32);55;32
(23, 28, 32);55;32
(23, 29, 32);55;32
(23, 30, 32);55;32
(23, 31, 32);55;32
(24, 25, 32);56;32
(24, 26, 32);56;32
(24, 27, 32);56;32
(24, 28, 32);56;32
(24, 29, 32);56;32
(24, 30, 32);56;32
(24, 31, 32);56;32
(25, 26, 32);57;32
(25, 27, 32);57;32
(25, 28, 32);57;32
(25, 29, 32);57;32
(25, 30, 32);57;32
(25, 31, 32);57;32
(26, 27, 32);58;32
(26, 28, 32);58;32
(26, 29, 32);58;32
(26, 30, 32);58;32
(26, 31, 32);58;32
(27, 28, 32);59;32
(27, 29, 32);59;32
(27, 30, 32);59;32
(27, 31, 32);59;32
(28, 29, 32);60;32
(28, 30, 32);60;32
(28, 31, 32);60;32
(29, 30, 32);61;32
(29, 31, 32);61;32
(30, 31, 32);62;32
