S;p;l
(1, 2, 30);31;30
(1, 3, 30);33;30
(1, 4, 30);31;36
(1, 5, 30);35;30
(1, 6, 30);31;32
(1, 7, 30);37;30
(1, 8, 30);38;30
(1, 9, 30);39;30
(1, 10, 30);31;30
(1, 11, 30);41;30
(1, 12, 30);42;76
(1, 13, 30);43;30
(1, 14, 30);44;78
(1, 15, 30);45;30
(1, 16, 30);46;30
(1, 17, 30);47;30
(1, 18, 30);48;30
(1, 19, 30);49;30
(1, 20, 30);50;30
(1, 21, 30);51;30
(1, 22, 30);52;30
(1, 23, 30);53;30
(1, 24, 30);54;30
(1, 25, 30);55;30
(1, 26, 30);56;30
(1, 27, 30);57;30
(1, 28, 30);29;30
(1, 29, 30);59;30
(2, 3, 30);32;30
(2, 4, 30);32;30
(2, 5, 30);7;30
(2, 6, 30);4;30
(2, 7, 30);32;30
(2, 8, 30);32;42
(2, 9, 30);32;76
(2, 10, 30);4;30
(2, 11, 30);41;79
(2, 12, 30);14;30
(2, 13, 30);43;80
(2, 14, 30);4;30
(2, 15, 30);45;30
(2, 16, 30);32;30
(2, 17, 30);47;30
(2, 18, 30);4;30
(2, 19, 30);49;30
(2, 20, 30);50;34
(2, 21, 30);51;30
(2, 22, 30);4;30
(2, 23, 30);53;30
(2, 24, 30);54;34
(2, 25, 30);55;30
(2, 26, 30);4;30
(2, 27, 30);57;30
(2, 28, 30);56;30
(2, 29, 30);59;30
(3, 4, 30);34;30
(3, 5, 30);33;30
(3, 6, 30);9;30
(3, 7, 30);33;41
(3, 8, 30);11;30
(3, 9, 30);39;30
(3, 10, 30);33;30
(3, 11, 30);41;30
(3, 12, 30);33;48
(3, 13, 30);43;33
(3, 14, 30);11;84
(3, 15, 30);45;30
(3, 16, 30);46;36
(3, 17, 30);20;43
(3, 18, 30);48;30
(3, 19, 30);11;70
(3, 20, 30);50;34
(3, 21, 30);51;30
(3, 22, 30);52;36
(3, 23, 30);33;95
(3, 24, 30);27;30
(3, 25, 30);11;156
(3, 26, 30);56;34
(3, 27, 30);57;30
(3, 28, 30);58;36
(3, 29, 30);59;101
(4, 5, 30);35;30
(4, 6, 30);34;30
(4, 7, 30);34;30
(4, 8, 30);12;30
(4, 9, 30);13;30
(4, 10, 30);34;30
(4, 11, 30);41;118
(4, 12, 30);42;30
(4, 13, 30);17;30
(4, 14, 30);44;30
(4, 15, 30);45;30
(4, 16, 30);20;42
(4, 17, 30);34;30
(4, 18, 30);48;36
(4, 19, 30);49;30
(4, 20, 30);50;30
(4, 21, 30);17;38
(4, 22, 30);26;30
(4, 23, 30);53;30
(4, 24, 30);34;98
(4, 25, 30);55;95
(4, 26, 30);108;30
(4, 27, 30);57;30
(4, 28, 30);58;30
(4, 29, 30);59;38
(5, 6, 30);35;30
(5, 7, 30);12;30
(5, 8, 30);38;30
(5, 9, 30);7;52
(5, 10, 30);35;30
(5, 11, 30);35;54
(5, 12, 30);17;35
(5, 13, 30);35;36
(5, 14, 30);44;125
(5, 15, 30);45;30
(5, 16, 30);46;40
(5, 17, 30);35;40
(5, 18, 30);35;30
(5, 19, 30);24;30
(5, 20, 30);25;30
(5, 21, 30);26;76
(5, 22, 30);35;37
(5, 23, 30);53;37
(5, 24, 30);54;36
(5, 25, 30);55;30
(5, 26, 30);56;40
(5, 27, 30);57;40
(5, 28, 30);58;108
(5, 29, 30);35;109
(6, 7, 30);37;30
(6, 8, 30);38;30
(6, 9, 30);36;30
(6, 10, 30);36;30
(6, 11, 30);36;30
(6, 12, 30);18;30
(6, 13, 30);43;95
(6, 14, 30);4;60
(6, 15, 30);45;30
(6, 16, 30);46;30
(6, 17, 30);47;30
(6, 18, 30);12;30
(6, 19, 30);49;30
(6, 20, 30);50;30
(6, 21, 30);51;30
(6, 22, 30);4;52
(6, 23, 30);53;99
(6, 24, 30);48;30
(6, 25, 30);55;100
(6, 26, 30);4;52
(6, 27, 30);57;30
(6, 28, 30);58;30
(6, 29, 30);59;30
(7, 8, 30);37;30
(7, 9, 30);37;30
(7, 10, 30);37;30
(7, 11, 30);37;30
(7, 12, 30);19;30
(7, 13, 30);20;30
(7, 14, 30);21;30
(7, 15, 30);45;30
(7, 16, 30);23;30
(7, 17, 30);24;30
(7, 18, 30);37;30
(7, 19, 30);37;38
(7, 20, 30);50;38
(7, 21, 30);51;30
(7, 22, 30);52;30
(7, 23, 30);51;30
(7, 24, 30);54;195
(7, 25, 30);55;157
(7, 26, 30);56;162
(7, 27, 30);37;71
(7, 28, 30);37;72
(7, 29, 30);36;110
(8, 9, 30);38;30
(8, 10, 30);38;30
(8, 11, 30);19;30
(8, 12, 30);20;30
(8, 13, 30);21;30
(8, 14, 30);22;30
(8, 15, 30);45;30
(8, 16, 30);24;32
(8, 17, 30);25;32
(8, 18, 30);38;32
(8, 19, 30);38;30
(8, 20, 30);38;60
(8, 21, 30);51;152
(8, 22, 30);200;30
(8, 23, 30);53;30
(8, 24, 30);54;30
(8, 25, 30);55;46
(8, 26, 30);56;46
(8, 27, 30);19;46
(8, 28, 30);38;46
(8, 29, 30);38;46
(9, 10, 30);39;30
(9, 11, 30);20;30
(9, 12, 30);21;30
(9, 13, 30);43;30
(9, 14, 30);44;30
(9, 15, 30);45;30
(9, 16, 30);39;92
(9, 17, 30);13;44
(9, 18, 30);39;36
(9, 19, 30);39;36
(9, 20, 30);39;60
(9, 21, 30);135;30
(9, 22, 30);13;329
(9, 23, 30);39;99
(9, 24, 30);54;30
(9, 25, 30);55;30
(9, 26, 30);56;30
(9, 27, 30);57;30
(9, 28, 30);58;48
(9, 29, 30);39;48
(10, 11, 30);41;30
(10, 12, 30);42;30
(10, 13, 30);43;30
(10, 14, 30);44;30
(10, 15, 30);45;30
(10, 16, 30);46;46
(10, 17, 30);47;47
(10, 18, 30);4;84
(10, 19, 30);49;163
(10, 20, 30);40;30
(10, 21, 30);51;168
(10, 22, 30);4;88
(10, 23, 30);53;46
(10, 24, 30);54;46
(10, 25, 30);55;30
(10, 26, 30);56;30
(10, 27, 30);57;30
(10, 28, 30);58;30
(10, 29, 30);59;30
(11, 12, 30);42;30
(11, 13, 30);43;30
(11, 14, 30);44;30
(11, 15, 30);45;30
(11, 16, 30);41;117
(11, 17, 30);41;74
(11, 18, 30);41;197
(11, 19, 30);41;30
(11, 20, 30);41;30
(11, 21, 30);41;30
(11, 22, 30);41;30
(11, 23, 30);41;206
(11, 24, 30);41;107
(11, 25, 30);41;122
(11, 26, 30);56;40
(11, 27, 30);19;41
(11, 28, 30);39;41
(11, 29, 30);40;41
(12, 13, 30);43;30
(12, 14, 30);44;30
(12, 15, 30);45;30
(12, 16, 30);14;120
(12, 17, 30);42;204
(12, 18, 30);42;30
(12, 19, 30);42;30
(12, 20, 30);42;30
(12, 21, 30);42;30
(12, 22, 30);42;30
(12, 23, 30);42;30
(12, 24, 30);42;30
(12, 25, 30);42;236
(12, 26, 30);14;154
(12, 27, 30);39;42
(12, 28, 30);40;42
(12, 29, 30);41;42
(13, 14, 30);44;30
(13, 15, 30);45;30
(13, 16, 30);46;184
(13, 17, 30);43;30
(13, 18, 30);43;30
(13, 19, 30);43;30
(13, 20, 30);43;30
(13, 21, 30);43;30
(13, 22, 30);43;30
(13, 23, 30);43;30
(13, 24, 30);43;30
(13, 25, 30);43;30
(13, 26, 30);43;30
(13, 27, 30);40;215
(13, 28, 30);41;43
(13, 29, 30);42;43
(14, 15, 30);45;30
(14, 16, 30);44;30
(14, 17, 30);44;30
(14, 18, 30);44;30
(14, 19, 30);44;30
(14, 20, 30);44;30
(14, 21, 30);44;30
(14, 22, 30);44;30
(14, 23, 30);44;30
(14, 24, 30);44;30
(14, 25, 30);44;30
(14, 26, 30);44;30
(14, 27, 30);44;30
(14, 28, 30);44;30
(14, 29, 30);43;44
(15, 16, 30);45;30
(15, 17, 30);45;30
(15, 18, 30);45;30
(15, 19, 30);45;30
(15, 20, 30);45;30
(15, 21, 30);45;30
(15, 22, 30);45;30
(15, 23, 30);45;30
(15, 24, 30);45;30
(15, 25, 30);45;30
(15, 26, 30);45;30
(15, 27, 30);45;30
(15, 28, 30);45;30
(15, 29, 30);45;30
(16, 17, 30);46;30
(16, 18, 30);46;30
(16, 19, 30);46;30
(16, 20, 30);46;30
(16, 21, 30);46;30
(16, 22, 30);46;30
(16, 23, 30);46;30
(16, 24, 30);46;30
(16, 25, 30);46;30
(16, 26, 30);46;30
(16, 27, 30);46;30
(16, 28, 30);46;30
(16, 29, 30);46;30
(17, 18, 30);47;30
(17, 19, 30);47;30
(17, 20, 30);47;30
(17, 21, 30);47;30
(17, 22, 30);47;30
(17, 23, 30);47;30
(17, 24, 30);47;30
(17, 25, 30);47;30
(17, 26, 30);47;30
(17, 27, 30);47;30
(17, 28, 30);47;30
(17, 29, 30);47;30
(18, 19, 30);48;30
(18, 20, 30);48;30
(18, 21, 30);48;30
(18, 22, 30);48;30
(18, 23, 30);48;30
(18, 24, 30);48;30
(18, 25, 30);48;30
(18, 26, 30);48;30
(18, 27, 30);48;30
(18, 28, 30);48;30
(18, 29, 30);48;30
(19, 20, 30);49;30
(19, 21, 30);49;30
(19, 22, 30);49;30
(19, 23, 30);49;30
(19, 24, 30);49;30
(19, 25, 30);49;30
(19, 26, 30);49;30
(19, 27, 30);49;30
(19, 28, 30);49;30
(19, 29, 30);49;30
(20, 21, 30);50;30
(20, 22, 30);50;30
(20, 23, 30);50;30
(20, 24, 30);50;30
(20, 25, 30);50;30
(20, 26, 30);50;30
(20, 27, 30);50;30
(20, 28, 30);50;30
(20, 29, 30);50;30
(21, 22, 30);51;30
(21, 23, 30);51;30
(21, 24, 30);51;30
(21, 25, 30);51;30
(21, 26, 30);51;30
(21, 27, 30);51;30
(21, 28, 30);51;30
(21, 29, 30);51;30
(22, 23, 30);52;30
(22, 24, 30);52;30
(22, 25, 30);52;30
(22, 26, 30);52;30
(22, 27, 30);52;30
(22, 28, 30);52;30
(22, 29, 30);52;30
(23, 24, 30);53;30
(23, 25, 30);53;30
(23, 26, 30);53;30
(23, 27, 30);53;30
(23, 28, 30);53;30
(23, 29, 30);53;30
(24, 25, 30);54;30
(24, 26, 30);54;30
(24, 27, 30);54;30
(24, 28, 30);54;30
(24, 29, 30);54;30
(25, 26, 30);55;30
(25, 27, 30);55;30
(25, 28, 30);55;30
(25, 29, 30);55;30
(26, 27, 30);56;30
(26, 28, 30);56;30
(26, 29, 30);56;30
(27, 28, 30);57;30
(27, 29, 30);57;30
(28, 29, 30);58;30
