S;p;l
(1, 2, 10);3;10
(1, 3, 10);13;10
(1, 4, 10);11;16
(1, 5, 10);15;10
(1, 6, 10);16;10
(1, 7, 10);17;10
(1, 8, 10);9;10
(1, 9, 10);19;10
(2, 3, 10);12;10
(2, 4, 10);6;10
(2, 5, 10);15;10
(2, 6, 10);4;10
(2, 7, 10);17;10
(2, 8, 10);16;10
(2, 9, 10);19;10
(3, 4, 10);7;10
(3, 5, 10);15;10
(3, 6, 10);13;12
(3, 7, 10);45;10
(3, 8, 10);18;10
(3, 9, 10);19;10
(4, 5, 10);15;10
(4, 6, 10);14;10
(4, 7, 10);14;10
(4, 8, 10);14;10
(4, 9, 10);13;14
(5, 6, 10);15;10
(5, 7, 10);15;10
(5, 8, 10);15;10
(5, 9, 10);15;10
(6, 7, 10);16;10
(6, 8, 10);16;10
(6, 9, 10);16;10
(7, 8, 10);17;10
(7, 9, 10);17;10
(8, 9, 10);18;10
