S;p;l
(1, 2, 12);13;12
(1, 3, 12);15;12
(1, 4, 12);13;12
(1, 5, 12);17;12
(1, 6, 12);18;12
(1, 7, 12);19;12
(1, 8, 12);20;12
(1, 9, 12);21;12
(1, 10, 12);11;12
(1, 11, 12);23;12
(2, 3, 12);5;12
(2, 4, 12);14;12
(2, 5, 12);7;12
(2, 6, 12);18;12
(2, 7, 12);14;12
(2, 8, 12);10;12
(2, 9, 12);7;15
(2, 10, 12);22;12
(2, 11, 12);23;16
(3, 4, 12);15;12
(3, 5, 12);8;12
(3, 6, 12);9;12
(3, 7, 12);5;12
(3, 8, 12);5;16
(3, 9, 12);21;12
(3, 10, 12);22;18
(3, 11, 12);15;18
(4, 5, 12);17;12
(4, 6, 12);18;12
(4, 7, 12);19;19
(4, 8, 12);16;12
(4, 9, 12);21;18
(4, 10, 12);22;12
(4, 11, 12);23;12
(5, 6, 12);18;12
(5, 7, 12);17;12
(5, 8, 12);17;12
(5, 9, 12);17;12
(5, 10, 12);17;12
(5, 11, 12);16;17
(6, 7, 12);18;12
(6, 8, 12);18;12
(6, 9, 12);18;12
(6, 10, 12);18;12
(6, 11, 12);18;12
(7, 8, 12);19;12
(7, 9, 12);19;12
(7, 10, 12);19;12
(7, 11, 12);19;12
(8, 9, 12);20;12
(8, 10, 12);20;12
(8, 11, 12);20;12
(9, 10, 12);21;12
(9, 11, 12);21;12
(10, 11, 12);22;12
