S;p;l
(1, 2, 25);3;25
(1, 3, 25);2;25
(1, 4, 25);26;31
(1, 5, 25);2;25
(1, 6, 25);26;25
(1, 7, 25);2;25
(1, 8, 25);33;25
(1, 9, 25);2;25
(1, 10, 25);35;25
(1, 11, 25);2;25
(1, 12, 25);13;25
(1, 13, 25);2;25
(1, 14, 25);13;27
(1, 15, 25);2;25
(1, 16, 25);41;27
(1, 17, 25);2;25
(1, 18, 25);43;27
(1, 19, 25);2;25
(1, 20, 25);45;27
(1, 21, 25);2;25
(1, 22, 25);47;27
(1, 23, 25);2;25
(1, 24, 25);48;25
(2, 3, 25);27;25
(2, 4, 25);3;26
(2, 5, 25);27;28
(2, 6, 25);31;25
(2, 7, 25);9;25
(2, 8, 25);10;31
(2, 9, 25);34;25
(2, 10, 25);35;25
(2, 11, 25);9;69
(2, 12, 25);37;30
(2, 13, 25);38;25
(2, 14, 25);39;25
(2, 15, 25);40;29
(2, 16, 25);9;58
(2, 17, 25);42;25
(2, 18, 25);43;25
(2, 19, 25);44;29
(2, 20, 25);9;127
(2, 21, 25);23;25
(2, 22, 25);47;25
(2, 23, 25);47;25
(2, 24, 25);49;82
(3, 4, 25);7;25
(3, 5, 25);2;46
(3, 6, 25);28;25
(3, 7, 25);2;50
(3, 8, 25);11;25
(3, 9, 25);34;25
(3, 10, 25);7;100
(3, 11, 25);14;25
(3, 12, 25);37;33
(3, 13, 25);38;25
(3, 14, 25);28;25
(3, 15, 25);40;25
(3, 16, 25);41;31
(3, 17, 25);14;31
(3, 18, 25);7;62
(3, 19, 25);22;25
(3, 20, 25);45;29
(3, 21, 25);46;25
(3, 22, 25);46;25
(3, 23, 25);2;76
(3, 24, 25);7;141
(4, 5, 25);29;25
(4, 6, 25);10;25
(4, 7, 25);32;25
(4, 8, 25);29;28
(4, 9, 25);34;44
(4, 10, 25);7;29
(4, 11, 25);29;30
(4, 12, 25);37;25
(4, 13, 25);38;33
(4, 14, 25);29;33
(4, 15, 25);29;25
(4, 16, 25);20;25
(4, 17, 25);21;25
(4, 18, 25);29;30
(4, 19, 25);44;30
(4, 20, 25);45;25
(4, 21, 25);45;25
(4, 22, 25);47;129
(4, 23, 25);48;89
(4, 24, 25);29;90
(5, 6, 25);31;25
(5, 7, 25);2;76
(5, 8, 25);30;25
(5, 9, 25);30;25
(5, 10, 25);15;25
(5, 11, 25);2;80
(5, 12, 25);37;50
(5, 13, 25);38;25
(5, 14, 25);39;25
(5, 15, 25);10;25
(5, 16, 25);41;25
(5, 17, 25);42;25
(5, 18, 25);43;43
(5, 19, 25);2;82
(5, 20, 25);40;25
(5, 21, 25);2;84
(5, 22, 25);47;43
(5, 23, 25);48;25
(5, 24, 25);49;25
(6, 7, 25);31;25
(6, 8, 25);31;25
(6, 9, 25);31;25
(6, 10, 25);16;25
(6, 11, 25);17;25
(6, 12, 25);18;25
(6, 13, 25);19;25
(6, 14, 25);20;25
(6, 15, 25);31;25
(6, 16, 25);31;32
(6, 17, 25);42;32
(6, 18, 25);43;25
(6, 19, 25);43;25
(6, 20, 25);45;174
(6, 21, 25);27;163
(6, 22, 25);31;59
(6, 23, 25);31;60
(6, 24, 25);31;61
(7, 8, 25);32;25
(7, 9, 25);16;25
(7, 10, 25);17;25
(7, 11, 25);18;25
(7, 12, 25);37;25
(7, 13, 25);2;114
(7, 14, 25);21;28
(7, 15, 25);32;28
(7, 16, 25);32;25
(7, 17, 25);2;144
(7, 18, 25);280;25
(7, 19, 25);2;126
(7, 20, 25);45;25
(7, 21, 25);46;25
(7, 22, 25);47;39
(7, 23, 25);16;39
(7, 24, 25);32;39
(8, 9, 25);17;25
(8, 10, 25);35;25
(8, 11, 25);36;25
(8, 12, 25);37;25
(8, 13, 25);38;112
(8, 14, 25);11;38
(8, 15, 25);33;69
(8, 16, 25);33;32
(8, 17, 25);280;25
(8, 18, 25);33;150
(8, 19, 25);11;118
(8, 20, 25);28;165
(8, 21, 25);46;25
(8, 22, 25);47;25
(8, 23, 25);48;25
(8, 24, 25);49;25
(9, 10, 25);35;25
(9, 11, 25);36;25
(9, 12, 25);37;25
(9, 13, 25);2;152
(9, 14, 25);34;61
(9, 15, 25);2;140
(9, 16, 25);34;25
(9, 17, 25);34;25
(9, 18, 25);34;25
(9, 19, 25);2;142
(9, 20, 25);34;89
(9, 21, 25);2;164
(9, 22, 25);47;33
(9, 23, 25);16;34
(9, 24, 25);33;34
(10, 11, 25);36;25
(10, 12, 25);37;25
(10, 13, 25);35;136
(10, 14, 25);39;184
(10, 15, 25);35;25
(10, 16, 25);35;25
(10, 17, 25);35;25
(10, 18, 25);35;25
(10, 19, 25);35;25
(10, 20, 25);35;25
(10, 21, 25);31;162
(10, 22, 25);35;140
(10, 23, 25);33;35
(10, 24, 25);34;35
(11, 12, 25);37;25
(11, 13, 25);2;190
(11, 14, 25);36;25
(11, 15, 25);36;25
(11, 16, 25);36;25
(11, 17, 25);36;25
(11, 18, 25);36;25
(11, 19, 25);36;25
(11, 20, 25);36;25
(11, 21, 25);36;25
(11, 22, 25);36;25
(11, 23, 25);2;182
(11, 24, 25);35;36
(12, 13, 25);37;25
(12, 14, 25);37;25
(12, 15, 25);37;25
(12, 16, 25);37;25
(12, 17, 25);37;25
(12, 18, 25);37;25
(12, 19, 25);37;25
(12, 20, 25);37;25
(12, 21, 25);37;25
(12, 22, 25);37;25
(12, 23, 25);37;25
(12, 24, 25);37;25
(13, 14, 25);38;25
(13, 15, 25);38;25
(13, 16, 25);38;25
(13, 17, 25);38;25
(13, 18, 25);38;25
(13, 19, 25);38;25
(13, 20, 25);38;25
(13, 21, 25);38;25
(13, 22, 25);38;25
(13, 23, 25);38;25
(13, 24, 25);38;25
(14, 15, 25);39;25
(14, 16, 25);39;25
(14, 17, 25);39;25
(14, 18, 25);39;25
(14, 19, 25);39;25
(14, 20, 25);39;25
(14, 21, 25);39;25
(14, 22, 25);39;25
(14, 23, 25);39;25
(14, 24, 25);39;25
(15, 16, 25);40;25
(15, 17, 25);40;25
(15, 18, 25);40;25
(15, 19, 25);40;25
(15, 20, 25);40;25
(15, 21, 25);40;25
(15, 22, 25);40;25
(15, 23, 25);40;25
(15, 24, 25);40;25
(16, 17, 25);41;25
(16, 18, 25);41;25
(16, 19, 25);41;25
(16, 20, 25);41;25
(16, 21, 25);41;25
(16, 22, 25);41;25
(16, 23, 25);41;25
(16, 24, 25);41;25
(17, 18, 25);42;25
(17, 19, 25);42;25
(17, 20, 25);42;25
(17, 21, 25);42;25
(17, 22, 25);42;25
(17, 23, 25);42;25
(17, 24, 25);42;25
(18, 19, 25);43;25
(18, 20, 25);43;25
(18, 21, 25);43;25
(18, 22, 25);43;25
(18, 23, 25);43;25
(18, 24, 25);43;25
(19, 20, 25);44;25
(19, 21, 25);44;25
(19, 22, 25);44;25
(19, 23, 25);44;25
(19, 24, 25);44;25
(20, 21, 25);45;25
(20, 22, 25);45;25
(20, 23, 25);45;25
(20, 24, 25);45;25
(21, 22, 25);46;25
(21, 23, 25);46;25
(21, 24, 25);46;25
(22, 23, 25);47;25
(22, 24, 25);47;25
(23, 24, 25);48;25
