S;p;l
(1, 2, 17);3;17
(1, 3, 17);2;17
(1, 4, 17);18;17
(1, 5, 17);2;17
(1, 6, 17);23;17
(1, 7, 17);2;17
(1, 8, 17);9;17
(1, 9, 17);2;17
(1, 10, 17);9;19
(1, 11, 17);2;17
(1, 12, 17);29;19
(1, 13, 17);2;17
(1, 14, 17);31;19
(1, 15, 17);2;17
(1, 16, 17);32;17
(2, 3, 17);5;17
(2, 4, 17);19;17
(2, 5, 17);22;17
(2, 6, 17);23;17
(2, 7, 17);19;21
(2, 8, 17);5;22
(2, 9, 17);26;17
(2, 10, 17);27;17
(2, 11, 17);28;21
(2, 12, 17);19;21
(2, 13, 17);15;17
(2, 14, 17);31;17
(2, 15, 17);31;17
(2, 16, 17);33;58
(3, 4, 17);7;17
(3, 5, 17);2;30
(3, 6, 17);20;17
(3, 7, 17);10;17
(3, 8, 17);5;72
(3, 9, 17);26;17
(3, 10, 17);20;17
(3, 11, 17);14;17
(3, 12, 17);5;44
(3, 13, 17);2;48
(3, 14, 17);90;17
(3, 15, 17);32;17
(3, 16, 17);33;23
(4, 5, 17);21;17
(4, 6, 17);21;17
(4, 7, 17);11;17
(4, 8, 17);12;17
(4, 9, 17);13;17
(4, 10, 17);7;17
(4, 11, 17);7;22
(4, 12, 17);29;17
(4, 13, 17);29;17
(4, 14, 17);31;89
(4, 15, 17);21;40
(4, 16, 17);21;41
(5, 6, 17);11;17
(5, 7, 17);12;17
(5, 8, 17);25;17
(5, 9, 17);2;52
(5, 10, 17);22;20
(5, 11, 17);22;17
(5, 12, 17);130;17
(5, 13, 17);2;56
(5, 14, 17);31;17
(5, 15, 17);32;17
(5, 16, 17);11;27
(6, 7, 17);24;17
(6, 8, 17);25;17
(6, 9, 17);15;72
(6, 10, 17);27;74
(6, 11, 17);23;17
(6, 12, 17);23;17
(6, 13, 17);19;60
(6, 14, 17);31;61
(6, 15, 17);32;22
(6, 16, 17);11;23
(7, 8, 17);25;17
(7, 9, 17);2;78
(7, 10, 17);24;17
(7, 11, 17);24;17
(7, 12, 17);24;17
(7, 13, 17);24;17
(7, 14, 17);24;17
(7, 15, 17);2;74
(7, 16, 17);23;24
(8, 9, 17);25;17
(8, 10, 17);25;17
(8, 11, 17);25;17
(8, 12, 17);25;17
(8, 13, 17);25;17
(8, 14, 17);25;17
(8, 15, 17);25;17
(8, 16, 17);25;17
(9, 10, 17);26;17
(9, 11, 17);26;17
(9, 12, 17);26;17
(9, 13, 17);26;17
(9, 14, 17);26;17
(9, 15, 17);26;17
(9, 16, 17);26;17
(10, 11, 17);27;17
(10, 12, 17);27;17
(10, 13, 17);27;17
(10, 14, 17);27;17
(10, 15, 17);27;17
(10, 16, 17);27;17
(11, 12, 17);28;17
(11, 13, 17);28;17
(11, 14, 17);28;17
(11, 15, 17);28;17
(11, 16, 17);28;17
(12, 13, 17);29;17
(12, 14, 17);29;17
(12, 15, 17);29;17
(12, 16, 17);29;17
(13, 14, 17);30;17
(13, 15, 17);30;17
(13, 16, 17);30;17
(14, 15, 17);31;17
(14, 16, 17);31;17
(15, 16, 17);32;17
