S;p;l
(1, 2, 26);3;26
(1, 3, 26);29;26
(1, 4, 26);5;26
(1, 5, 26);31;26
(1, 6, 26);32;26
(1, 7, 26);33;26
(1, 8, 26);9;26
(1, 9, 26);35;26
(1, 10, 26);9;66
(1, 11, 26);37;26
(1, 12, 26);38;68
(1, 13, 26);39;26
(1, 14, 26);40;26
(1, 15, 26);41;26
(1, 16, 26);42;26
(1, 17, 26);43;26
(1, 18, 26);44;26
(1, 19, 26);45;26
(1, 20, 26);46;26
(1, 21, 26);47;26
(1, 22, 26);48;26
(1, 23, 26);49;26
(1, 24, 26);25;26
(1, 25, 26);51;26
(2, 3, 26);29;26
(2, 4, 26);6;26
(2, 5, 26);7;26
(2, 6, 26);4;26
(2, 7, 26);28;30
(2, 8, 26);34;26
(2, 9, 26);7;68
(2, 10, 26);4;26
(2, 11, 26);37;71
(2, 12, 26);14;26
(2, 13, 26);39;26
(2, 14, 26);4;26
(2, 15, 26);41;26
(2, 16, 26);14;30
(2, 17, 26);43;26
(2, 18, 26);4;26
(2, 19, 26);45;26
(2, 20, 26);46;30
(2, 21, 26);47;26
(2, 22, 26);4;26
(2, 23, 26);49;26
(2, 24, 26);48;26
(2, 25, 26);51;26
(3, 4, 26);29;26
(3, 5, 26);31;26
(3, 6, 26);29;26
(3, 7, 26);29;30
(3, 8, 26);34;26
(3, 9, 26);35;26
(3, 10, 26);36;103
(3, 11, 26);29;32
(3, 12, 26);15;33
(3, 13, 26);39;26
(3, 14, 26);40;26
(3, 15, 26);41;26
(3, 16, 26);42;26
(3, 17, 26);43;32
(3, 18, 26);29;32
(3, 19, 26);45;26
(3, 20, 26);23;26
(3, 21, 26);47;26
(3, 22, 26);48;26
(3, 23, 26);47;26
(3, 24, 26);27;83
(3, 25, 26);51;29
(4, 5, 26);30;26
(4, 6, 26);10;26
(4, 7, 26);11;26
(4, 8, 26);6;28
(4, 9, 26);30;40
(4, 10, 26);36;26
(4, 11, 26);15;26
(4, 12, 26);38;26
(4, 13, 26);39;26
(4, 14, 26);10;34
(4, 15, 26);30;26
(4, 16, 26);10;26
(4, 17, 26);43;26
(4, 18, 26);22;26
(4, 19, 26);15;31
(4, 20, 26);46;26
(4, 21, 26);47;26
(4, 22, 26);46;26
(4, 23, 26);49;86
(4, 24, 26);10;92
(4, 25, 26);51;89
(5, 6, 26);32;26
(5, 7, 26);33;26
(5, 8, 26);31;26
(5, 9, 26);31;26
(5, 10, 26);31;26
(5, 11, 26);31;32
(5, 12, 26);31;51
(5, 13, 26);39;26
(5, 14, 26);40;26
(5, 15, 26);41;26
(5, 16, 26);21;26
(5, 17, 26);43;26
(5, 18, 26);44;26
(5, 19, 26);31;52
(5, 20, 26);31;135
(5, 21, 26);215;26
(5, 22, 26);48;84
(5, 23, 26);49;26
(5, 24, 26);50;26
(5, 25, 26);51;26
(6, 7, 26);32;26
(6, 8, 26);32;26
(6, 9, 26);32;26
(6, 10, 26);16;26
(6, 11, 26);17;26
(6, 12, 26);18;26
(6, 13, 26);39;26
(6, 14, 26);20;26
(6, 15, 26);21;26
(6, 16, 26);32;26
(6, 17, 26);43;33
(6, 18, 26);44;26
(6, 19, 26);45;26
(6, 20, 26);44;26
(6, 21, 26);32;133
(6, 22, 26);4;80
(6, 23, 26);32;61
(6, 24, 26);32;62
(6, 25, 26);31;95
(7, 8, 26);33;26
(7, 9, 26);33;26
(7, 10, 26);17;26
(7, 11, 26);18;26
(7, 12, 26);19;26
(7, 13, 26);39;26
(7, 14, 26);21;28
(7, 15, 26);11;28
(7, 16, 26);33;28
(7, 17, 26);33;51
(7, 18, 26);11;196
(7, 19, 26);301;26
(7, 20, 26);46;26
(7, 21, 26);47;26
(7, 22, 26);48;40
(7, 23, 26);49;40
(7, 24, 26);33;40
(7, 25, 26);33;40
(8, 9, 26);17;26
(8, 10, 26);18;26
(8, 11, 26);37;26
(8, 12, 26);38;26
(8, 13, 26);39;26
(8, 14, 26);34;74
(8, 15, 26);23;61
(8, 16, 26);34;32
(8, 17, 26);34;26
(8, 18, 26);152;26
(8, 19, 26);9;285
(8, 20, 26);34;46
(8, 21, 26);47;26
(8, 22, 26);48;26
(8, 23, 26);49;26
(8, 24, 26);50;26
(8, 25, 26);17;42
(9, 10, 26);36;26
(9, 11, 26);37;26
(9, 12, 26);38;26
(9, 13, 26);39;26
(9, 14, 26);23;110
(9, 15, 26);41;112
(9, 16, 26);7;215
(9, 17, 26);35;26
(9, 18, 26);35;26
(9, 19, 26);7;198
(9, 20, 26);29;91
(9, 21, 26);47;92
(9, 22, 26);48;32
(9, 23, 26);49;33
(9, 24, 26);50;34
(9, 25, 26);17;35
(10, 11, 26);37;26
(10, 12, 26);38;26
(10, 13, 26);39;26
(10, 14, 26);4;80
(10, 15, 26);36;66
(10, 16, 26);36;26
(10, 17, 26);36;26
(10, 18, 26);36;26
(10, 19, 26);36;26
(10, 20, 26);36;26
(10, 21, 26);36;94
(10, 22, 26);4;76
(10, 23, 26);33;36
(10, 24, 26);34;36
(10, 25, 26);35;36
(11, 12, 26);38;26
(11, 13, 26);39;26
(11, 14, 26);37;120
(11, 15, 26);37;26
(11, 16, 26);37;26
(11, 17, 26);37;26
(11, 18, 26);37;26
(11, 19, 26);37;26
(11, 20, 26);37;26
(11, 21, 26);37;26
(11, 22, 26);37;26
(11, 23, 26);37;114
(11, 24, 26);35;37
(11, 25, 26);36;37
(12, 13, 26);39;26
(12, 14, 26);38;26
(12, 15, 26);38;26
(12, 16, 26);38;26
(12, 17, 26);38;26
(12, 18, 26);38;26
(12, 19, 26);38;26
(12, 20, 26);38;26
(12, 21, 26);38;26
(12, 22, 26);38;26
(12, 23, 26);38;26
(12, 24, 26);38;26
(12, 25, 26);37;38
(13, 14, 26);39;26
(13, 15, 26);39;26
(13, 16, 26);39;26
(13, 17, 26);39;26
(13, 18, 26);39;26
(13, 19, 26);39;26
(13, 20, 26);39;26
(13, 21, 26);39;26
(13, 22, 26);39;26
(13, 23, 26);39;26
(13, 24, 26);39;26
(13, 25, 26);39;26
(14, 15, 26);40;26
(14, 16, 26);40;26
(14, 17, 26);40;26
(14, 18, 26);40;26
(14, 19, 26);40;26
(14, 20, 26);40;26
(14, 21, 26);40;26
(14, 22, 26);40;26
(14, 23, 26);40;26
(14, 24, 26);40;26
(14, 25, 26);40;26
(15, 16, 26);41;26
(15, 17, 26);41;26
(15, 18, 26);41;26
(15, 19, 26);41;26
(15, 20, 26);41;26
(15, 21, 26);41;26
(15, 22, 26);41;26
(15, 23, 26);41;26
(15, 24, 26);41;26
(15, 25, 26);41;26
(16, 17, 26);42;26
(16, 18, 26);42;26
(16, 19, 26);42;26
(16, 20, 26);42;26
(16, 21, 26);42;26
(16, 22, 26);42;26
(16, 23, 26);42;26
(16, 24, 26);42;26
(16, 25, 26);42;26
(17, 18, 26);43;26
(17, 19, 26);43;26
(17, 20, 26);43;26
(17, 21, 26);43;26
(17, 22, 26);43;26
(17, 23, 26);43;26
(17, 24, 26);43;26
(17, 25, 26);43;26
(18, 19, 26);44;26
(18, 20, 26);44;26
(18, 21, 26);44;26
(18, 22, 26);44;26
(18, 23, 26);44;26
(18, 24, 26);44;26
(18, 25, 26);44;26
(19, 20, 26);45;26
(19, 21, 26);45;26
(19, 22, 26);45;26
(19, 23, 26);45;26
(19, 24, 26);45;26
(19, 25, 26);45;26
(20, 21, 26);46;26
(20, 22, 26);46;26
(20, 23, 26);46;26
(20, 24, 26);46;26
(20, 25, 26);46;26
(21, 22, 26);47;26
(21, 23, 26);47;26
(21, 24, 26);47;26
(21, 25, 26);47;26
(22, 23, 26);48;26
(22, 24, 26);48;26
(22, 25, 26);48;26
(23, 24, 26);49;26
(23, 25, 26);49;26
(24, 25, 26);50;26
