S;p;l
(1, 2, 28);3;28
(1, 3, 28);31;28
(1, 4, 28);32;28
(1, 5, 28);33;28
(1, 6, 28);29;66
(1, 7, 28);35;28
(1, 8, 28);9;28
(1, 9, 28);37;28
(1, 10, 28);29;30
(1, 11, 28);39;28
(1, 12, 28);40;72
(1, 13, 28);41;28
(1, 14, 28);42;28
(1, 15, 28);43;28
(1, 16, 28);44;28
(1, 17, 28);45;28
(1, 18, 28);46;28
(1, 19, 28);47;28
(1, 20, 28);48;28
(1, 21, 28);49;28
(1, 22, 28);50;28
(1, 23, 28);51;28
(1, 24, 28);52;28
(1, 25, 28);53;28
(1, 26, 28);27;28
(1, 27, 28);55;28
(2, 3, 28);5;28
(2, 4, 28);6;28
(2, 5, 28);30;36
(2, 6, 28);34;28
(2, 7, 28);35;28
(2, 8, 28);10;28
(2, 9, 28);37;28
(2, 10, 28);38;28
(2, 11, 28);13;28
(2, 12, 28);10;76
(2, 13, 28);15;28
(2, 14, 28);42;28
(2, 15, 28);30;28
(2, 16, 28);44;28
(2, 17, 28);15;31
(2, 18, 28);46;28
(2, 19, 28);47;32
(2, 20, 28);48;28
(2, 21, 28);49;31
(2, 22, 28);50;28
(2, 23, 28);51;32
(2, 24, 28);26;28
(2, 25, 28);53;31
(2, 26, 28);54;28
(2, 27, 28);55;32
(3, 4, 28);31;28
(3, 5, 28);8;28
(3, 6, 28);31;30
(3, 7, 28);5;31
(3, 8, 28);31;105
(3, 9, 28);37;28
(3, 10, 28);38;28
(3, 11, 28);31;110
(3, 12, 28);31;46
(3, 13, 28);31;79
(3, 14, 28);42;28
(3, 15, 28);43;28
(3, 16, 28);44;28
(3, 17, 28);45;28
(3, 18, 28);31;67
(3, 19, 28);47;33
(3, 20, 28);48;28
(3, 21, 28);49;28
(3, 22, 28);25;28
(3, 23, 28);51;28
(3, 24, 28);27;78
(3, 25, 28);153;28
(3, 26, 28);54;28
(3, 27, 28);55;28
(4, 5, 28);33;28
(4, 6, 28);32;28
(4, 7, 28);11;28
(4, 8, 28);12;28
(4, 9, 28);32;29
(4, 10, 28);32;44
(4, 11, 28);39;28
(4, 12, 28);8;28
(4, 13, 28);41;28
(4, 14, 28);42;28
(4, 15, 28);43;72
(4, 16, 28);32;28
(4, 17, 28);45;77
(4, 18, 28);46;28
(4, 19, 28);47;28
(4, 20, 28);8;28
(4, 21, 28);49;28
(4, 22, 28);50;28
(4, 23, 28);51;51
(4, 24, 28);48;28
(4, 25, 28);53;50
(4, 26, 28);54;28
(4, 27, 28);55;28
(5, 6, 28);11;28
(5, 7, 28);35;28
(5, 8, 28);36;49
(5, 9, 28);33;28
(5, 10, 28);33;28
(5, 11, 28);16;33
(5, 12, 28);33;34
(5, 13, 28);33;118
(5, 14, 28);42;28
(5, 15, 28);43;28
(5, 16, 28);11;38
(5, 17, 28);11;28
(5, 18, 28);23;28
(5, 19, 28);47;28
(5, 20, 28);33;73
(5, 21, 28);49;105
(5, 22, 28);50;99
(5, 23, 28);245;28
(5, 24, 28);52;28
(5, 25, 28);53;28
(5, 26, 28);54;38
(5, 27, 28);11;103
(6, 7, 28);35;28
(6, 8, 28);34;28
(6, 9, 28);34;28
(6, 10, 28);34;28
(6, 11, 28);17;28
(6, 12, 28);18;28
(6, 13, 28);34;109
(6, 14, 28);42;28
(6, 15, 28);43;28
(6, 16, 28);22;28
(6, 17, 28);34;28
(6, 18, 28);46;28
(6, 19, 28);47;28
(6, 20, 28);48;28
(6, 21, 28);49;185
(6, 22, 28);46;28
(6, 23, 28);17;220
(6, 24, 28);30;94
(6, 25, 28);53;240
(6, 26, 28);54;34
(6, 27, 28);11;101
(7, 8, 28);35;28
(7, 9, 28);35;28
(7, 10, 28);35;28
(7, 11, 28);18;28
(7, 12, 28);19;28
(7, 13, 28);20;28
(7, 14, 28);21;28
(7, 15, 28);22;28
(7, 16, 28);23;28
(7, 17, 28);35;28
(7, 18, 28);35;36
(7, 19, 28);47;37
(7, 20, 28);48;36
(7, 21, 28);49;28
(7, 22, 28);50;42
(7, 23, 28);51;42
(7, 24, 28);52;42
(7, 25, 28);35;42
(7, 26, 28);35;42
(7, 27, 28);35;42
(8, 9, 28);36;28
(8, 10, 28);18;28
(8, 11, 28);19;28
(8, 12, 28);20;28
(8, 13, 28);41;28
(8, 14, 28);42;28
(8, 15, 28);23;85
(8, 16, 28);12;32
(8, 17, 28);36;32
(8, 18, 28);36;28
(8, 19, 28);9;215
(8, 20, 28);88;28
(8, 21, 28);49;178
(8, 22, 28);50;28
(8, 23, 28);51;28
(8, 24, 28);52;28
(8, 25, 28);53;44
(8, 26, 28);18;44
(8, 27, 28);36;44
(9, 10, 28);19;28
(9, 11, 28);39;28
(9, 12, 28);40;28
(9, 13, 28);41;28
(9, 14, 28);42;28
(9, 15, 28);43;126
(9, 16, 28);25;66
(9, 17, 28);26;171
(9, 18, 28);37;36
(9, 19, 28);351;28
(9, 20, 28);48;245
(9, 21, 28);49;140
(9, 22, 28);31;84
(9, 23, 28);51;28
(9, 24, 28);52;28
(9, 25, 28);53;28
(9, 26, 28);54;28
(9, 27, 28);55;28
(10, 11, 28);39;28
(10, 12, 28);40;28
(10, 13, 28);41;28
(10, 14, 28);42;28
(10, 15, 28);25;119
(10, 16, 28);38;44
(10, 17, 28);38;106
(10, 18, 28);38;28
(10, 19, 28);38;28
(10, 20, 28);38;28
(10, 21, 28);38;136
(10, 22, 28);38;44
(10, 23, 28);51;101
(10, 24, 28);52;36
(10, 25, 28);53;37
(10, 26, 28);18;38
(10, 27, 28);37;38
(11, 12, 28);40;28
(11, 13, 28);41;28
(11, 14, 28);42;28
(11, 15, 28);13;111
(11, 16, 28);44;164
(11, 17, 28);39;28
(11, 18, 28);39;28
(11, 19, 28);39;28
(11, 20, 28);39;28
(11, 21, 28);39;28
(11, 22, 28);39;28
(11, 23, 28);17;195
(11, 24, 28);13;142
(11, 25, 28);36;39
(11, 26, 28);37;39
(11, 27, 28);38;39
(12, 13, 28);41;28
(12, 14, 28);42;28
(12, 15, 28);40;156
(12, 16, 28);40;28
(12, 17, 28);40;28
(12, 18, 28);40;28
(12, 19, 28);40;28
(12, 20, 28);40;28
(12, 21, 28);40;28
(12, 22, 28);40;28
(12, 23, 28);40;28
(12, 24, 28);40;28
(12, 25, 28);40;186
(12, 26, 28);38;40
(12, 27, 28);39;40
(13, 14, 28);42;28
(13, 15, 28);41;28
(13, 16, 28);41;28
(13, 17, 28);41;28
(13, 18, 28);41;28
(13, 19, 28);41;28
(13, 20, 28);41;28
(13, 21, 28);41;28
(13, 22, 28);41;28
(13, 23, 28);41;28
(13, 24, 28);41;28
(13, 25, 28);41;28
(13, 26, 28);41;28
(13, 27, 28);40;41
(14, 15, 28);42;28
(14, 16, 28);42;28
(14, 17, 28);42;28
(14, 18, 28);42;28
(14, 19, 28);42;28
(14, 20, 28);42;28
(14, 21, 28);42;28
(14, 22, 28);42;28
(14, 23, 28);42;28
(14, 24, 28);42;28
(14, 25, 28);42;28
(14, 26, 28);42;28
(14, 27, 28);42;28
(15, 16, 28);43;28
(15, 17, 28);43;28
(15, 18, 28);43;28
(15, 19, 28);43;28
(15, 20, 28);43;28
(15, 21, 28);43;28
(15, 22, 28);43;28
(15, 23, 28);43;28
(15, 24, 28);43;28
(15, 25, 28);43;28
(15, 26, 28);43;28
(15, 27, 28);43;28
(16, 17, 28);44;28
(16, 18, 28);44;28
(16, 19, 28);44;28
(16, 20, 28);44;28
(16, 21, 28);44;28
(16, 22, 28);44;28
(16, 23, 28);44;28
(16, 24, 28);44;28
(16, 25, 28);44;28
(16, 26, 28);44;28
(16, 27, 28);44;28
(17, 18, 28);45;28
(17, 19, 28);45;28
(17, 20, 28);45;28
(17, 21, 28);45;28
(17, 22, 28);45;28
(17, 23, 28);45;28
(17, 24, 28);45;28
(17, 25, 28);45;28
(17, 26, 28);45;28
(17, 27, 28);45;28
(18, 19, 28);46;28
(18, 20, 28);46;28
(18, 21, 28);46;28
(18, 22, 28);46;28
(18, 23, 28);46;28
(18, 24, 28);46;28
(18, 25, 28);46;28
(18, 26, 28);46;28
(18, 27, 28);46;28
(19, 20, 28);47;28
(19, 21, 28);47;28
(19, 22, 28);47;28
(19, 23, 28);47;28
(19, 24, 28);47;28
(19, 25, 28);47;28
(19, 26, 28);47;28
(19, 27, 28);47;28
(20, 21, 28);48;28
(20, 22, 28);48;28
(20, 23, 28);48;28
(20, 24, 28);48;28
(20, 25, 28);48;28
(20, 26, 28);48;28
(20, 27, 28);48;28
(21, 22, 28);49;28
(21, 23, 28);49;28
(21, 24, 28);49;28
(21, 25, 28);49;28
(21, 26, 28);49;28
(21, 27, 28);49;28
(22, 23, 28);50;28
(22, 24, 28);50;28
(22, 25, 28);50;28
(22, 26, 28);50;28
(22, 27, 28);50;28
(23, 24, 28);51;28
(23, 25, 28);51;28
(23, 26, 28);51;28
(23, 27, 28);51;28
(24, 25, 28);52;28
(24, 26, 28);52;28
(24, 27, 28);52;28
(25, 26, 28);53;28
(25, 27, 28);53;28
(26, 27, 28);54;28
