S;p;l
(1, 2, 13);3;13
(1, 3, 13);2;13
(1, 4, 13);17;13
(1, 5, 13);2;13
(1, 6, 13);7;13
(1, 7, 13);2;13
(1, 8, 13);7;15
(1, 9, 13);2;13
(1, 10, 13);23;15
(1, 11, 13);2;13
(1, 12, 13);24;13
(2, 3, 13);5;13
(2, 4, 13);3;14
(2, 5, 13);18;13
(2, 6, 13);19;13
(2, 7, 13);5;17
(2, 8, 13);5;13
(2, 9, 13);11;13
(2, 10, 13);23;13
(2, 11, 13);23;13
(2, 12, 13);5;46
(3, 4, 13);16;13
(3, 5, 13);8;13
(3, 6, 13);9;13
(3, 7, 13);10;13
(3, 8, 13);16;13
(3, 9, 13);22;13
(3, 10, 13);22;13
(3, 11, 13);2;40
(3, 12, 13);16;31
(4, 5, 13);9;13
(4, 6, 13);19;13
(4, 7, 13);17;37
(4, 8, 13);17;16
(4, 9, 13);76;13
(4, 10, 13);17;23
(4, 11, 13);24;13
(4, 12, 13);25;13
(5, 6, 13);19;13
(5, 7, 13);2;40
(5, 8, 13);18;13
(5, 9, 13);18;13
(5, 10, 13);18;13
(5, 11, 13);2;38
(5, 12, 13);17;18
(6, 7, 13);19;13
(6, 8, 13);19;13
(6, 9, 13);19;13
(6, 10, 13);19;13
(6, 11, 13);19;13
(6, 12, 13);19;13
(7, 8, 13);20;13
(7, 9, 13);20;13
(7, 10, 13);20;13
(7, 11, 13);20;13
(7, 12, 13);20;13
(8, 9, 13);21;13
(8, 10, 13);21;13
(8, 11, 13);21;13
(8, 12, 13);21;13
(9, 10, 13);22;13
(9, 11, 13);22;13
(9, 12, 13);22;13
(10, 11, 13);23;13
(10, 12, 13);23;13
(11, 12, 13);24;13
