S;p;l
(1, 2, 23);3;23
(1, 3, 23);2;23
(1, 4, 23);27;23
(1, 5, 23);2;23
(1, 6, 23);24;25
(1, 7, 23);2;23
(1, 8, 23);31;23
(1, 9, 23);2;23
(1, 10, 23);11;23
(1, 11, 23);2;23
(1, 12, 23);24;23
(1, 13, 23);2;23
(1, 14, 23);37;25
(1, 15, 23);2;23
(1, 16, 23);39;25
(1, 17, 23);2;23
(1, 18, 23);41;25
(1, 19, 23);2;23
(1, 20, 23);43;25
(1, 21, 23);2;23
(1, 22, 23);44;23
(2, 3, 23);5;23
(2, 4, 23);25;23
(2, 5, 23);7;23
(2, 6, 23);29;23
(2, 7, 23);30;23
(2, 8, 23);5;23
(2, 9, 23);25;26
(2, 10, 23);33;23
(2, 11, 23);34;23
(2, 12, 23);7;68
(2, 13, 23);36;26
(2, 14, 23);37;23
(2, 15, 23);38;23
(2, 16, 23);25;69
(2, 17, 23);40;26
(2, 18, 23);41;23
(2, 19, 23);21;23
(2, 20, 23);43;120
(2, 21, 23);86;23
(2, 22, 23);45;23
(3, 4, 23);27;23
(3, 5, 23);26;23
(3, 6, 23);9;23
(3, 7, 23);10;23
(3, 8, 23);26;27
(3, 9, 23);32;23
(3, 10, 23);13;23
(3, 11, 23);34;23
(3, 12, 23);5;102
(3, 13, 23);26;23
(3, 14, 23);37;27
(3, 15, 23);38;23
(3, 16, 23);13;29
(3, 17, 23);20;23
(3, 18, 23);26;74
(3, 19, 23);2;66
(3, 20, 23);126;23
(3, 21, 23);44;23
(3, 22, 23);45;29
(4, 5, 23);9;23
(4, 6, 23);29;23
(4, 7, 23);30;41
(4, 8, 23);27;23
(4, 9, 23);13;27
(4, 10, 23);27;28
(4, 11, 23);34;97
(4, 12, 23);35;23
(4, 13, 23);9;31
(4, 14, 23);9;23
(4, 15, 23);19;23
(4, 16, 23);20;59
(4, 17, 23);27;45
(4, 18, 23);41;108
(4, 19, 23);164;23
(4, 20, 23);43;23
(4, 21, 23);44;31
(4, 22, 23);9;84
(5, 6, 23);29;23
(5, 7, 23);28;23
(5, 8, 23);28;23
(5, 9, 23);14;23
(5, 10, 23);15;23
(5, 11, 23);2;80
(5, 12, 23);35;23
(5, 13, 23);18;23
(5, 14, 23);28;23
(5, 15, 23);38;23
(5, 16, 23);39;23
(5, 17, 23);2;80
(5, 18, 23);38;23
(5, 19, 23);2;144
(5, 20, 23);28;121
(5, 21, 23);2;112
(5, 22, 23);9;83
(6, 7, 23);29;23
(6, 8, 23);29;23
(6, 9, 23);15;23
(6, 10, 23);16;23
(6, 11, 23);17;23
(6, 12, 23);18;24
(6, 13, 23);19;24
(6, 14, 23);29;24
(6, 15, 23);29;45
(6, 16, 23);39;145
(6, 17, 23);234;23
(6, 18, 23);41;23
(6, 19, 23);42;35
(6, 20, 23);43;35
(6, 21, 23);29;35
(6, 22, 23);29;35
(7, 8, 23);15;23
(7, 9, 23);16;23
(7, 10, 23);33;23
(7, 11, 23);34;23
(7, 12, 23);19;89
(7, 13, 23);10;34
(7, 14, 23);30;28
(7, 15, 23);30;23
(7, 16, 23);238;23
(7, 17, 23);2;180
(7, 18, 23);41;102
(7, 19, 23);42;23
(7, 20, 23);43;23
(7, 21, 23);44;23
(7, 22, 23);15;37
(8, 9, 23);32;23
(8, 10, 23);33;23
(8, 11, 23);34;23
(8, 12, 23);5;167
(8, 13, 23);31;36
(8, 14, 23);31;65
(8, 15, 23);31;23
(8, 16, 23);31;23
(8, 17, 23);31;68
(8, 18, 23);31;36
(8, 19, 23);42;82
(8, 20, 23);43;29
(8, 21, 23);44;30
(8, 22, 23);15;31
(9, 10, 23);33;23
(9, 11, 23);34;23
(9, 12, 23);7;166
(9, 13, 23);2;134
(9, 14, 23);32;23
(9, 15, 23);32;23
(9, 16, 23);32;23
(9, 17, 23);32;23
(9, 18, 23);32;23
(9, 19, 23);2;132
(9, 20, 23);43;126
(9, 21, 23);30;32
(9, 22, 23);31;32
(10, 11, 23);34;23
(10, 12, 23);11;162
(10, 13, 23);33;23
(10, 14, 23);33;23
(10, 15, 23);33;23
(10, 16, 23);33;23
(10, 17, 23);33;23
(10, 18, 23);33;23
(10, 19, 23);33;23
(10, 20, 23);33;23
(10, 21, 23);11;187
(10, 22, 23);32;33
(11, 12, 23);34;23
(11, 13, 23);34;23
(11, 14, 23);34;23
(11, 15, 23);34;23
(11, 16, 23);34;23
(11, 17, 23);34;23
(11, 18, 23);34;23
(11, 19, 23);34;23
(11, 20, 23);34;23
(11, 21, 23);34;23
(11, 22, 23);34;23
(12, 13, 23);35;23
(12, 14, 23);35;23
(12, 15, 23);35;23
(12, 16, 23);35;23
(12, 17, 23);35;23
(12, 18, 23);35;23
(12, 19, 23);35;23
(12, 20, 23);35;23
(12, 21, 23);35;23
(12, 22, 23);35;23
(13, 14, 23);36;23
(13, 15, 23);36;23
(13, 16, 23);36;23
(13, 17, 23);36;23
(13, 18, 23);36;23
(13, 19, 23);36;23
(13, 20, 23);36;23
(13, 21, 23);36;23
(13, 22, 23);36;23
(14, 15, 23);37;23
(14, 16, 23);37;23
(14, 17, 23);37;23
(14, 18, 23);37;23
(14, 19, 23);37;23
(14, 20, 23);37;23
(14, 21, 23);37;23
(14, 22, 23);37;23
(15, 16, 23);38;23
(15, 17, 23);38;23
(15, 18, 23);38;23
(15, 19, 23);38;23
(15, 20, 23);38;23
(15, 21, 23);38;23
(15, 22, 23);38;23
(16, 17, 23);39;23
(16, 18, 23);39;23
(16, 19, 23);39;23
(16, 20, 23);39;23
(16, 21, 23);39;23
(16, 22, 23);39;23
(17, 18, 23);40;23
(17, 19, 23);40;23
(17, 20, 23);40;23
(17, 21, 23);40;23
(17, 22, 23);40;23
(18, 19, 23);41;23
(18, 20, 23);41;23
(18, 21, 23);41;23
(18, 22, 23);41;23
(19, 20, 23);42;23
(19, 21, 23);42;23
(19, 22, 23);42;23
(20, 21, 23);43;23
(20, 22, 23);43;23
(21, 22, 23);44;23
