S;p;l
(1, 2, 16);3;16
(1, 3, 16);19;16
(1, 4, 16);5;16
(1, 5, 16);21;16
(1, 6, 16);17;18
(1, 7, 16);23;16
(1, 8, 16);24;16
(1, 9, 16);25;16
(1, 10, 16);26;16
(1, 11, 16);27;16
(1, 12, 16);28;16
(1, 13, 16);29;16
(1, 14, 16);15;16
(1, 15, 16);31;16
(2, 3, 16);19;16
(2, 4, 16);6;16
(2, 5, 16);7;16
(2, 6, 16);22;16
(2, 7, 16);9;16
(2, 8, 16);24;16
(2, 9, 16);18;16
(2, 10, 16);26;16
(2, 11, 16);9;20
(2, 12, 16);14;16
(2, 13, 16);29;19
(2, 14, 16);30;16
(2, 15, 16);31;20
(3, 4, 16);20;16
(3, 5, 16);19;16
(3, 6, 16);19;16
(3, 7, 16);19;20
(3, 8, 16);24;16
(3, 9, 16);25;16
(3, 10, 16);13;16
(3, 11, 16);27;16
(3, 12, 16);15;42
(3, 13, 16);81;16
(3, 14, 16);30;16
(3, 15, 16);31;16
(4, 5, 16);20;16
(4, 6, 16);10;16
(4, 7, 16);11;16
(4, 8, 16);12;16
(4, 9, 16);13;16
(4, 10, 16);20;16
(4, 11, 16);27;21
(4, 12, 16);28;16
(4, 13, 16);29;24
(4, 14, 16);10;24
(4, 15, 16);20;24
(5, 6, 16);11;16
(5, 7, 16);23;16
(5, 8, 16);24;16
(5, 9, 16);7;24
(5, 10, 16);21;20
(5, 11, 16);115;16
(5, 12, 16);7;75
(5, 13, 16);29;16
(5, 14, 16);30;16
(5, 15, 16);31;16
(6, 7, 16);23;16
(6, 8, 16);24;16
(6, 9, 16);22;40
(6, 10, 16);22;16
(6, 11, 16);22;16
(6, 12, 16);22;16
(6, 13, 16);22;58
(6, 14, 16);10;22
(6, 15, 16);21;22
(7, 8, 16);24;16
(7, 9, 16);23;16
(7, 10, 16);23;16
(7, 11, 16);23;16
(7, 12, 16);23;16
(7, 13, 16);23;16
(7, 14, 16);23;16
(7, 15, 16);22;23
(8, 9, 16);24;16
(8, 10, 16);24;16
(8, 11, 16);24;16
(8, 12, 16);24;16
(8, 13, 16);24;16
(8, 14, 16);24;16
(8, 15, 16);24;16
(9, 10, 16);25;16
(9, 11, 16);25;16
(9, 12, 16);25;16
(9, 13, 16);25;16
(9, 14, 16);25;16
(9, 15, 16);25;16
(10, 11, 16);26;16
(10, 12, 16);26;16
(10, 13, 16);26;16
(10, 14, 16);26;16
(10, 15, 16);26;16
(11, 12, 16);27;16
(11, 13, 16);27;16
(11, 14, 16);27;16
(11, 15, 16);27;16
(12, 13, 16);28;16
(12, 14, 16);28;16
(12, 15, 16);28;16
(13, 14, 16);29;16
(13, 15, 16);29;16
(14, 15, 16);30;16
