S;p;l
(1, 2, 19);3;19
(1, 3, 19);2;19
(1, 4, 19);5;19
(1, 5, 19);2;19
(1, 6, 19);25;19
(1, 7, 19);2;19
(1, 8, 19);9;19
(1, 9, 19);2;19
(1, 10, 19);20;19
(1, 11, 19);2;19
(1, 12, 19);31;21
(1, 13, 19);2;19
(1, 14, 19);33;21
(1, 15, 19);2;19
(1, 16, 19);35;21
(1, 17, 19);2;19
(1, 18, 19);36;19
(2, 3, 19);21;19
(2, 4, 19);3;20
(2, 5, 19);7;19
(2, 6, 19);25;19
(2, 7, 19);26;19
(2, 8, 19);21;31
(2, 9, 19);7;54
(2, 10, 19);29;19
(2, 11, 19);30;19
(2, 12, 19);7;45
(2, 13, 19);32;22
(2, 14, 19);33;19
(2, 15, 19);17;19
(2, 16, 19);7;100
(2, 17, 19);70;19
(2, 18, 19);37;19
(3, 4, 19);22;19
(3, 5, 19);8;19
(3, 6, 19);22;21
(3, 7, 19);2;34
(3, 8, 19);11;19
(3, 9, 19);28;19
(3, 10, 19);29;25
(3, 11, 19);22;19
(3, 12, 19);15;19
(3, 13, 19);16;19
(3, 14, 19);11;23
(3, 15, 19);34;19
(3, 16, 19);34;19
(3, 17, 19);2;58
(3, 18, 19);22;68
(4, 5, 19);24;19
(4, 6, 19);23;19
(4, 7, 19);23;19
(4, 8, 19);12;19
(4, 9, 19);23;52
(4, 10, 19);29;19
(4, 11, 19);15;19
(4, 12, 19);31;19
(4, 13, 19);32;19
(4, 14, 19);23;57
(4, 15, 19);31;19
(4, 16, 19);23;63
(4, 17, 19);36;70
(4, 18, 19);37;23
(5, 6, 19);24;19
(5, 7, 19);12;19
(5, 8, 19);13;19
(5, 9, 19);14;19
(5, 10, 19);15;20
(5, 11, 19);8;20
(5, 12, 19);24;19
(5, 13, 19);2;84
(5, 14, 19);160;19
(5, 15, 19);34;19
(5, 16, 19);35;29
(5, 17, 19);12;29
(5, 18, 19);24;29
(6, 7, 19);13;19
(6, 8, 19);27;19
(6, 9, 19);28;19
(6, 10, 19);29;85
(6, 11, 19);17;45
(6, 12, 19);25;24
(6, 13, 19);162;19
(6, 14, 19);33;94
(6, 15, 19);21;57
(6, 16, 19);35;19
(6, 17, 19);36;19
(6, 18, 19);37;19
(7, 8, 19);27;19
(7, 9, 19);28;19
(7, 10, 19);26;74
(7, 11, 19);26;30
(7, 12, 19);26;19
(7, 13, 19);26;19
(7, 14, 19);26;19
(7, 15, 19);26;30
(7, 16, 19);26;78
(7, 17, 19);12;26
(7, 18, 19);25;26
(8, 9, 19);28;19
(8, 10, 19);9;105
(8, 11, 19);27;19
(8, 12, 19);27;19
(8, 13, 19);27;19
(8, 14, 19);27;19
(8, 15, 19);27;19
(8, 16, 19);27;19
(8, 17, 19);9;126
(8, 18, 19);26;27
(9, 10, 19);28;19
(9, 11, 19);28;19
(9, 12, 19);28;19
(9, 13, 19);28;19
(9, 14, 19);28;19
(9, 15, 19);28;19
(9, 16, 19);28;19
(9, 17, 19);28;19
(9, 18, 19);28;19
(10, 11, 19);29;19
(10, 12, 19);29;19
(10, 13, 19);29;19
(10, 14, 19);29;19
(10, 15, 19);29;19
(10, 16, 19);29;19
(10, 17, 19);29;19
(10, 18, 19);29;19
(11, 12, 19);30;19
(11, 13, 19);30;19
(11, 14, 19);30;19
(11, 15, 19);30;19
(11, 16, 19);30;19
(11, 17, 19);30;19
(11, 18, 19);30;19
(12, 13, 19);31;19
(12, 14, 19);31;19
(12, 15, 19);31;19
(12, 16, 19);31;19
(12, 17, 19);31;19
(12, 18, 19);31;19
(13, 14, 19);32;19
(13, 15, 19);32;19
(13, 16, 19);32;19
(13, 17, 19);32;19
(13, 18, 19);32;19
(14, 15, 19);33;19
(14, 16, 19);33;19
(14, 17, 19);33;19
(14, 18, 19);33;19
(15, 16, 19);34;19
(15, 17, 19);34;19
(15, 18, 19);34;19
(16, 17, 19);35;19
(16, 18, 19);35;19
(17, 18, 19);36;19
