S;p;l
(1, 2, 33);34;33
(1, 3, 33);2;33
(1, 4, 33);37;33
(1, 5, 33);2;33
(1, 6, 33);39;33
(1, 7, 33);2;33
(1, 8, 33);34;33
(1, 9, 33);2;33
(1, 10, 33);43;125
(1, 11, 33);2;33
(1, 12, 33);45;33
(1, 13, 33);2;33
(1, 14, 33);47;33
(1, 15, 33);2;33
(1, 16, 33);17;33
(1, 17, 33);2;33
(1, 18, 33);17;35
(1, 19, 33);2;33
(1, 20, 33);53;35
(1, 21, 33);2;33
(1, 22, 33);55;35
(1, 23, 33);2;33
(1, 24, 33);57;35
(1, 25, 33);2;33
(1, 26, 33);59;35
(1, 27, 33);2;33
(1, 28, 33);61;35
(1, 29, 33);2;33
(1, 30, 33);63;35
(1, 31, 33);2;33
(1, 32, 33);64;33
(2, 3, 33);5;33
(2, 4, 33);6;33
(2, 5, 33);7;33
(2, 6, 33);39;33
(2, 7, 33);40;33
(2, 8, 33);5;33
(2, 9, 33);7;163
(2, 10, 33);43;33
(2, 11, 33);35;33
(2, 12, 33);7;73
(2, 13, 33);46;33
(2, 14, 33);47;33
(2, 15, 33);48;89
(2, 16, 33);49;38
(2, 17, 33);50;33
(2, 18, 33);51;33
(2, 19, 33);52;37
(2, 20, 33);22;103
(2, 21, 33);54;33
(2, 22, 33);55;33
(2, 23, 33);56;37
(2, 24, 33);35;159
(2, 25, 33);58;33
(2, 26, 33);59;33
(2, 27, 33);60;37
(2, 28, 33);61;167
(2, 29, 33);31;33
(2, 30, 33);63;33
(2, 31, 33);63;33
(2, 32, 33);65;106
(3, 4, 33);36;33
(3, 5, 33);2;62
(3, 6, 33);9;33
(3, 7, 33);10;33
(3, 8, 33);36;120
(3, 9, 33);6;33
(3, 10, 33);43;33
(3, 11, 33);36;33
(3, 12, 33);15;33
(3, 13, 33);36;50
(3, 14, 33);47;33
(3, 15, 33);6;33
(3, 16, 33);49;33
(3, 17, 33);2;150
(3, 18, 33);36;33
(3, 19, 33);2;154
(3, 20, 33);53;33
(3, 21, 33);6;33
(3, 22, 33);55;33
(3, 23, 33);2;112
(3, 24, 33);57;39
(3, 25, 33);2;114
(3, 26, 33);59;33
(3, 27, 33);6;33
(3, 28, 33);61;33
(3, 29, 33);2;62
(3, 30, 33);60;33
(3, 31, 33);2;62
(3, 32, 33);65;33
(4, 5, 33);37;33
(4, 6, 33);39;33
(4, 7, 33);37;33
(4, 8, 33);37;33
(4, 9, 33);42;65
(4, 10, 33);43;33
(4, 11, 33);37;33
(4, 12, 33);45;33
(4, 13, 33);46;132
(4, 14, 33);37;41
(4, 15, 33);19;42
(4, 16, 33);49;44
(4, 17, 33);50;33
(4, 18, 33);22;45
(4, 19, 33);52;38
(4, 20, 33);53;33
(4, 21, 33);54;41
(4, 22, 33);55;41
(4, 23, 33);37;41
(4, 24, 33);28;82
(4, 25, 33);29;33
(4, 26, 33);37;105
(4, 27, 33);60;38
(4, 28, 33);61;33
(4, 29, 33);61;33
(4, 30, 33);63;169
(4, 31, 33);64;113
(4, 32, 33);37;187
(5, 6, 33);38;33
(5, 7, 33);38;33
(5, 8, 33);13;33
(5, 9, 33);14;33
(5, 10, 33);15;35
(5, 11, 33);38;33
(5, 12, 33);38;58
(5, 13, 33);46;33
(5, 14, 33);19;33
(5, 15, 33);48;33
(5, 16, 33);49;33
(5, 17, 33);2;200
(5, 18, 33);38;43
(5, 19, 33);38;33
(5, 20, 33);38;33
(5, 21, 33);2;158
(5, 22, 33);55;33
(5, 23, 33);28;33
(5, 24, 33);19;39
(5, 25, 33);58;33
(5, 26, 33);59;33
(5, 27, 33);2;120
(5, 28, 33);58;33
(5, 29, 33);2;166
(5, 30, 33);38;171
(5, 31, 33);2;226
(5, 32, 33);65;113
(6, 7, 33);13;33
(6, 8, 33);41;33
(6, 9, 33);42;33
(6, 10, 33);43;138
(6, 11, 33);39;33
(6, 12, 33);39;33
(6, 13, 33);19;39
(6, 14, 33);39;40
(6, 15, 33);39;42
(6, 16, 33);22;186
(6, 17, 33);50;33
(6, 18, 33);51;33
(6, 19, 33);13;45
(6, 20, 33);13;33
(6, 21, 33);27;33
(6, 22, 33);55;33
(6, 23, 33);56;196
(6, 24, 33);39;66
(6, 25, 33);31;93
(6, 26, 33);59;145
(6, 27, 33);114;33
(6, 28, 33);39;167
(6, 29, 33);62;33
(6, 30, 33);63;33
(6, 31, 33);64;45
(6, 32, 33);13;122
(7, 8, 33);41;33
(7, 9, 33);2;142
(7, 10, 33);40;33
(7, 11, 33);40;33
(7, 12, 33);40;33
(7, 13, 33);20;33
(7, 14, 33);21;33
(7, 15, 33);22;66
(7, 16, 33);23;138
(7, 17, 33);50;33
(7, 18, 33);51;33
(7, 19, 33);26;33
(7, 20, 33);40;33
(7, 21, 33);54;33
(7, 22, 33);55;33
(7, 23, 33);56;33
(7, 24, 33);57;201
(7, 25, 33);2;208
(7, 26, 33);54;33
(7, 27, 33);2;312
(7, 28, 33);5;205
(7, 29, 33);40;75
(7, 30, 33);40;236
(7, 31, 33);64;40
(7, 32, 33);13;119
(8, 9, 33);41;33
(8, 10, 33);41;33
(8, 11, 33);41;33
(8, 12, 33);41;33
(8, 13, 33);21;33
(8, 14, 33);22;33
(8, 15, 33);23;33
(8, 16, 33);24;33
(8, 17, 33);25;33
(8, 18, 33);26;33
(8, 19, 33);27;33
(8, 20, 33);41;33
(8, 21, 33);41;42
(8, 22, 33);55;43
(8, 23, 33);56;42
(8, 24, 33);57;33
(8, 25, 33);57;33
(8, 26, 33);59;287
(8, 27, 33);60;161
(8, 28, 33);41;260
(8, 29, 33);41;78
(8, 30, 33);41;79
(8, 31, 33);41;80
(8, 32, 33);41;81
(9, 10, 33);42;33
(9, 11, 33);42;33
(9, 12, 33);21;33
(9, 13, 33);22;33
(9, 14, 33);23;33
(9, 15, 33);24;33
(9, 16, 33);49;33
(9, 17, 33);2;200
(9, 18, 33);27;36
(9, 19, 33);14;36
(9, 20, 33);42;36
(9, 21, 33);42;33
(9, 22, 33);42;66
(9, 23, 33);2;352
(9, 24, 33);162;33
(9, 25, 33);2;224
(9, 26, 33);59;33
(9, 27, 33);60;33
(9, 28, 33);61;51
(9, 29, 33);62;51
(9, 30, 33);21;51
(9, 31, 33);42;51
(9, 32, 33);42;51
(10, 11, 33);43;33
(10, 12, 33);22;33
(10, 13, 33);23;33
(10, 14, 33);47;33
(10, 15, 33);48;33
(10, 16, 33);49;33
(10, 17, 33);27;236
(10, 18, 33);43;94
(10, 19, 33);29;77
(10, 20, 33);43;40
(10, 21, 33);43;40
(10, 22, 33);43;66
(10, 23, 33);490;33
(10, 24, 33);57;323
(10, 25, 33);43;179
(10, 26, 33);59;146
(10, 27, 33);60;33
(10, 28, 33);61;33
(10, 29, 33);62;33
(10, 30, 33);63;33
(10, 31, 33);64;53
(10, 32, 33);43;53
(11, 12, 33);45;33
(11, 13, 33);46;33
(11, 14, 33);47;33
(11, 15, 33);48;33
(11, 16, 33);49;33
(11, 17, 33);50;50
(11, 18, 33);51;51
(11, 19, 33);52;52
(11, 20, 33);53;93
(11, 21, 33);2;222
(11, 22, 33);44;33
(11, 23, 33);2;230
(11, 24, 33);57;96
(11, 25, 33);58;50
(11, 26, 33);59;51
(11, 27, 33);60;50
(11, 28, 33);61;33
(11, 29, 33);62;33
(11, 30, 33);63;33
(11, 31, 33);64;33
(11, 32, 33);65;33
(12, 13, 33);46;33
(12, 14, 33);47;33
(12, 15, 33);48;33
(12, 16, 33);49;33
(12, 17, 33);29;288
(12, 18, 33);15;81
(12, 19, 33);45;52
(12, 20, 33);53;279
(12, 21, 33);45;33
(12, 22, 33);45;33
(12, 23, 33);45;33
(12, 24, 33);45;33
(12, 25, 33);37;253
(12, 26, 33);45;52
(12, 27, 33);15;120
(12, 28, 33);61;258
(12, 29, 33);62;44
(12, 30, 33);21;45
(12, 31, 33);43;45
(12, 32, 33);44;45
(13, 14, 33);47;33
(13, 15, 33);48;33
(13, 16, 33);49;33
(13, 17, 33);2;300
(13, 18, 33);46;102
(13, 19, 33);2;284
(13, 20, 33);46;33
(13, 21, 33);46;33
(13, 22, 33);46;33
(13, 23, 33);46;33
(13, 24, 33);46;33
(13, 25, 33);46;33
(13, 26, 33);46;33
(13, 27, 33);2;282
(13, 28, 33);46;97
(13, 29, 33);2;266
(13, 30, 33);43;46
(13, 31, 33);44;46
(13, 32, 33);45;46
(14, 15, 33);48;33
(14, 16, 33);49;33
(14, 17, 33);50;200
(14, 18, 33);51;342
(14, 19, 33);47;33
(14, 20, 33);47;33
(14, 21, 33);47;33
(14, 22, 33);47;33
(14, 23, 33);47;33
(14, 24, 33);47;33
(14, 25, 33);47;33
(14, 26, 33);47;33
(14, 27, 33);47;33
(14, 28, 33);47;33
(14, 29, 33);43;312
(14, 30, 33);44;191
(14, 31, 33);45;47
(14, 32, 33);46;47
(15, 16, 33);49;33
(15, 17, 33);2;350
(15, 18, 33);48;33
(15, 19, 33);48;33
(15, 20, 33);48;33
(15, 21, 33);48;33
(15, 22, 33);48;33
(15, 23, 33);48;33
(15, 24, 33);48;33
(15, 25, 33);48;33
(15, 26, 33);48;33
(15, 27, 33);48;33
(15, 28, 33);48;33
(15, 29, 33);48;33
(15, 30, 33);48;33
(15, 31, 33);2;338
(15, 32, 33);47;48
(16, 17, 33);49;33
(16, 18, 33);49;33
(16, 19, 33);49;33
(16, 20, 33);49;33
(16, 21, 33);49;33
(16, 22, 33);49;33
(16, 23, 33);49;33
(16, 24, 33);49;33
(16, 25, 33);49;33
(16, 26, 33);49;33
(16, 27, 33);49;33
(16, 28, 33);49;33
(16, 29, 33);49;33
(16, 30, 33);49;33
(16, 31, 33);49;33
(16, 32, 33);49;33
(17, 18, 33);50;33
(17, 19, 33);50;33
(17, 20, 33);50;33
(17, 21, 33);50;33
(17, 22, 33);50;33
(17, 23, 33);50;33
(17, 24, 33);50;33
(17, 25, 33);50;33
(17, 26, 33);50;33
(17, 27, 33);50;33
(17, 28, 33);50;33
(17, 29, 33);50;33
(17, 30, 33);50;33
(17, 31, 33);50;33
(17, 32, 33);50;33
(18, 19, 33);51;33
(18, 20, 33);51;33
(18, 21, 33);51;33
(18, 22, 33);51;33
(18, 23, 33);51;33
(18, 24, 33);51;33
(18, 25, 33);51;33
(18, 26, 33);51;33
(18, 27, 33);51;33
(18, 28, 33);51;33
(18, 29, 33);51;33
(18, 30, 33);51;33
(18, 31, 33);51;33
(18, 32, 33);51;33
(19, 20, 33);52;33
(19, 21, 33);52;33
(19, 22, 33);52;33
(19, 23, 33);52;33
(19, 24, 33);52;33
(19, 25, 33);52;33
(19, 26, 33);52;33
(19, 27, 33);52;33
(19, 28, 33);52;33
(19, 29, 33);52;33
(19, 30, 33);52;33
(19, 31, 33);52;33
(19, 32, 33);52;33
(20, 21, 33);53;33
(20, 22, 33);53;33
(20, 23, 33);53;33
(20, 24, 33);53;33
(20, 25, 33);53;33
(20, 26, 33);53;33
(20, 27, 33);53;33
(20, 28, 33);53;33
(20, 29, 33);53;33
(20, 30, 33);53;33
(20, 31, 33);53;33
(20, 32, 33);53;33
(21, 22, 33);54;33
(21, 23, 33);54;33
(21, 24, 33);54;33
(21, 25, 33);54;33
(21, 26, 33);54;33
(21, 27, 33);54;33
(21, 28, 33);54;33
(21, 29, 33);54;33
(21, 30, 33);54;33
(21, 31, 33);54;33
(21, 32, 33);54;33
(22, 23, 33);55;33
(22, 24, 33);55;33
(22, 25, 33);55;33
(22, 26, 33);55;33
(22, 27, 33);55;33
(22, 28, 33);55;33
(22, 29, 33);55;33
(22, 30, 33);55;33
(22, 31, 33);55;33
(22, 32, 33);55;33
(23, 24, 33);56;33
(23, 25, 33);56;33
(23, 26, 33);56;33
(23, 27, 33);56;33
(23, 28, 33);56;33
(23, 29, 33);56;33
(23, 30, 33);56;33
(23, 31, 33);56;33
(23, 32, 33);56;33
(24, 25, 33);57;33
(24, 26, 33);57;33
(24, 27, 33);57;33
(24, 28, 33);57;33
(24, 29, 33);57;33
(24, 30, 33);57;33
(24, 31, 33);57;33
(24, 32, 33);57;33
(25, 26, 33);58;33
(25, 27, 33);58;33
(25, 28, 33);58;33
(25, 29, 33);58;33
(25, 30, 33);58;33
(25, 31, 33);58;33
(25, 32, 33);58;33
(26, 27, 33);59;33
(26, 28, 33);59;33
(26, 29, 33);59;33
(26, 30, 33);59;33
(26, 31, 33);59;33
(26, 32, 33);59;33
(27, 28, 33);60;33
(27, 29, 33);60;33
(27, 30, 33);60;33
(27, 31, 33);60;33
(27, 32, 33);60;33
(28, 29, 33);61;33
(28, 30, 33);61;33
(28, 31, 33);61;33
(28, 32, 33);61;33
(29, 30, 33);62;33
(29, 31, 33);62;33
(29, 32, 33);62;33
(30, 31, 33);63;33
(30, 32, 33);63;33
(31, 32, 33);64;33
