S;p;l
(1, 2, 21);22;21
(1, 3, 21);2;21
(1, 4, 21);5;21
(1, 5, 21);2;21
(1, 6, 21);22;52
(1, 7, 21);2;21
(1, 8, 21);29;21
(1, 9, 21);2;21
(1, 10, 21);11;21
(1, 11, 21);2;21
(1, 12, 21);11;23
(1, 13, 21);2;21
(1, 14, 21);35;23
(1, 15, 21);2;21
(1, 16, 21);37;23
(1, 17, 21);2;21
(1, 18, 21);39;23
(1, 19, 21);2;21
(1, 20, 21);40;21
(2, 3, 21);24;21
(2, 4, 21);6;21
(2, 5, 21);23;29
(2, 6, 21);27;21
(2, 7, 21);23;21
(2, 8, 21);23;32
(2, 9, 21);30;21
(2, 10, 21);31;21
(2, 11, 21);32;25
(2, 12, 21);14;30
(2, 13, 21);34;21
(2, 14, 21);35;21
(2, 15, 21);36;25
(2, 16, 21);23;66
(2, 17, 21);19;21
(2, 18, 21);39;21
(2, 19, 21);39;21
(2, 20, 21);41;70
(3, 4, 21);24;21
(3, 5, 21);8;21
(3, 6, 21);9;21
(3, 7, 21);24;21
(3, 8, 21);29;21
(3, 9, 21);6;21
(3, 10, 21);31;21
(3, 11, 21);2;64
(3, 12, 21);24;21
(3, 13, 21);2;66
(3, 14, 21);35;21
(3, 15, 21);6;21
(3, 16, 21);37;21
(3, 17, 21);2;38
(3, 18, 21);36;21
(3, 19, 21);2;38
(3, 20, 21);41;21
(4, 5, 21);26;21
(4, 6, 21);5;47
(4, 7, 21);25;21
(4, 8, 21);25;21
(4, 9, 21);25;26
(4, 10, 21);14;56
(4, 11, 21);32;21
(4, 12, 21);33;21
(4, 13, 21);17;21
(4, 14, 21);35;21
(4, 15, 21);36;90
(4, 16, 21);5;102
(4, 17, 21);140;21
(4, 18, 21);25;68
(4, 19, 21);40;21
(4, 20, 21);41;21
(5, 6, 21);26;21
(5, 7, 21);26;21
(5, 8, 21);13;21
(5, 9, 21);14;21
(5, 10, 21);15;21
(5, 11, 21);16;21
(5, 12, 21);17;21
(5, 13, 21);26;21
(5, 14, 21);35;27
(5, 15, 21);36;21
(5, 16, 21);36;21
(5, 17, 21);2;102
(5, 18, 21);13;65
(5, 19, 21);26;50
(5, 20, 21);26;51
(6, 7, 21);27;21
(6, 8, 21);14;21
(6, 9, 21);15;21
(6, 10, 21);31;21
(6, 11, 21);27;91
(6, 12, 21);9;24
(6, 13, 21);27;24
(6, 14, 21);27;42
(6, 15, 21);66;21
(6, 16, 21);27;68
(6, 17, 21);38;21
(6, 18, 21);39;21
(6, 19, 21);40;33
(6, 20, 21);27;33
(7, 8, 21);29;21
(7, 9, 21);30;21
(7, 10, 21);31;21
(7, 11, 21);32;32
(7, 12, 21);33;33
(7, 13, 21);2;86
(7, 14, 21);28;21
(7, 15, 21);2;90
(7, 16, 21);37;32
(7, 17, 21);38;32
(7, 18, 21);39;21
(7, 19, 21);40;21
(7, 20, 21);41;21
(8, 9, 21);30;21
(8, 10, 21);31;21
(8, 11, 21);32;64
(8, 12, 21);29;53
(8, 13, 21);29;21
(8, 14, 21);29;21
(8, 15, 21);29;21
(8, 16, 21);29;21
(8, 17, 21);29;76
(8, 18, 21);13;61
(8, 19, 21);27;29
(8, 20, 21);28;29
(9, 10, 21);31;21
(9, 11, 21);2;128
(9, 12, 21);30;21
(9, 13, 21);30;21
(9, 14, 21);30;21
(9, 15, 21);30;21
(9, 16, 21);30;21
(9, 17, 21);30;21
(9, 18, 21);30;21
(9, 19, 21);2;122
(9, 20, 21);29;30
(10, 11, 21);31;21
(10, 12, 21);31;21
(10, 13, 21);31;21
(10, 14, 21);31;21
(10, 15, 21);31;21
(10, 16, 21);31;21
(10, 17, 21);31;21
(10, 18, 21);31;21
(10, 19, 21);31;21
(10, 20, 21);31;21
(11, 12, 21);32;21
(11, 13, 21);32;21
(11, 14, 21);32;21
(11, 15, 21);32;21
(11, 16, 21);32;21
(11, 17, 21);32;21
(11, 18, 21);32;21
(11, 19, 21);32;21
(11, 20, 21);32;21
(12, 13, 21);33;21
(12, 14, 21);33;21
(12, 15, 21);33;21
(12, 16, 21);33;21
(12, 17, 21);33;21
(12, 18, 21);33;21
(12, 19, 21);33;21
(12, 20, 21);33;21
(13, 14, 21);34;21
(13, 15, 21);34;21
(13, 16, 21);34;21
(13, 17, 21);34;21
(13, 18, 21);34;21
(13, 19, 21);34;21
(13, 20, 21);34;21
(14, 15, 21);35;21
(14, 16, 21);35;21
(14, 17, 21);35;21
(14, 18, 21);35;21
(14, 19, 21);35;21
(14, 20, 21);35;21
(15, 16, 21);36;21
(15, 17, 21);36;21
(15, 18, 21);36;21
(15, 19, 21);36;21
(15, 20, 21);36;21
(16, 17, 21);37;21
(16, 18, 21);37;21
(16, 19, 21);37;21
(16, 20, 21);37;21
(17, 18, 21);38;21
(17, 19, 21);38;21
(17, 20, 21);38;21
(18, 19, 21);39;21
(18, 20, 21);39;21
(19, 20, 21);40;21
