S;p;l
(1, 2, 3, 4, 5, 6, 14);15;14
(1, 2, 3, 4, 5, 7, 14);6;14
(1, 2, 3, 4, 5, 8, 14);6;14
(1, 2, 3, 4, 5, 9, 14);6;14
(1, 2, 3, 4, 5, 10, 14);6;14
(1, 2, 3, 4, 5, 11, 14);6;14
(1, 2, 3, 4, 5, 12, 14);13;14
(1, 2, 3, 4, 5, 13, 14);6;14
(1, 2, 3, 4, 6, 7, 14);5;14
(1, 2, 3, 4, 6, 8, 14);5;14
(1, 2, 3, 4, 6, 9, 14);5;14
(1, 2, 3, 4, 6, 10, 14);12;14
(1, 2, 3, 4, 6, 11, 14);5;14
(1, 2, 3, 4, 6, 12, 14);5;14
(1, 2, 3, 4, 6, 13, 14);5;14
(1, 2, 3, 4, 7, 8, 14);5;14
(1, 2, 3, 4, 7, 9, 14);5;14
(1, 2, 3, 4, 7, 10, 14);11;14
(1, 2, 3, 4, 7, 11, 14);5;14
(1, 2, 3, 4, 7, 12, 14);5;14
(1, 2, 3, 4, 7, 13, 14);5;14
(1, 2, 3, 4, 8, 9, 14);5;14
(1, 2, 3, 4, 8, 10, 14);11;14
(1, 2, 3, 4, 8, 11, 14);5;14
(1, 2, 3, 4, 8, 12, 14);5;14
(1, 2, 3, 4, 8, 13, 14);5;14
(1, 2, 3, 4, 9, 10, 14);11;14
(1, 2, 3, 4, 9, 11, 14);5;14
(1, 2, 3, 4, 9, 12, 14);5;14
(1, 2, 3, 4, 9, 13, 14);5;14
(1, 2, 3, 4, 10, 11, 14);12;14
(1, 2, 3, 4, 10, 12, 14);11;14
(1, 2, 3, 4, 10, 13, 14);11;14
(1, 2, 3, 4, 11, 12, 14);5;14
(1, 2, 3, 4, 11, 13, 14);5;14
(1, 2, 3, 4, 12, 13, 14);5;14
(1, 2, 3, 5, 6, 7, 14);4;14
(1, 2, 3, 5, 6, 8, 14);11;14
(1, 2, 3, 5, 6, 9, 14);4;14
(1, 2, 3, 5, 6, 10, 14);4;14
(1, 2, 3, 5, 6, 11, 14);4;14
(1, 2, 3, 5, 6, 12, 14);15;14
(1, 2, 3, 5, 6, 13, 14);4;14
(1, 2, 3, 5, 7, 8, 14);16;14
(1, 2, 3, 5, 7, 9, 14);4;14
(1, 2, 3, 5, 7, 10, 14);4;14
(1, 2, 3, 5, 7, 11, 14);4;14
(1, 2, 3, 5, 7, 12, 14);17;14
(1, 2, 3, 5, 7, 13, 14);4;14
(1, 2, 3, 5, 8, 9, 14);16;14
(1, 2, 3, 5, 8, 10, 14);11;14
(1, 2, 3, 5, 8, 11, 14);16;14
(1, 2, 3, 5, 8, 12, 14);17;14
(1, 2, 3, 5, 8, 13, 14);16;14
(1, 2, 3, 5, 9, 10, 14);4;14
(1, 2, 3, 5, 9, 11, 14);4;14
(1, 2, 3, 5, 9, 12, 14);15;14
(1, 2, 3, 5, 9, 13, 14);4;14
(1, 2, 3, 5, 10, 11, 14);4;14
(1, 2, 3, 5, 10, 12, 14);15;14
(1, 2, 3, 5, 10, 13, 14);4;14
(1, 2, 3, 5, 11, 12, 14);17;14
(1, 2, 3, 5, 11, 13, 14);4;14
(1, 2, 3, 5, 12, 13, 14);15;14
(1, 2, 3, 6, 7, 8, 14);22;14
(1, 2, 3, 6, 7, 9, 14);4;14
(1, 2, 3, 6, 7, 10, 14);4;14
(1, 2, 3, 6, 7, 11, 14);4;14
(1, 2, 3, 6, 7, 12, 14);13;14
(1, 2, 3, 6, 7, 13, 14);4;14
(1, 2, 3, 6, 8, 9, 14);11;14
(1, 2, 3, 6, 8, 10, 14);20;14
(1, 2, 3, 6, 8, 11, 14);22;14
(1, 2, 3, 6, 8, 12, 14);20;14
(1, 2, 3, 6, 8, 13, 14);16;14
(1, 2, 3, 6, 9, 10, 14);4;14
(1, 2, 3, 6, 9, 11, 14);4;14
(1, 2, 3, 6, 9, 12, 14);15;14
(1, 2, 3, 6, 9, 13, 14);4;14
(1, 2, 3, 6, 10, 11, 14);4;14
(1, 2, 3, 6, 10, 12, 14);13;14
(1, 2, 3, 6, 10, 13, 14);4;14
(1, 2, 3, 6, 11, 12, 14);13;14
(1, 2, 3, 6, 11, 13, 14);4;14
(1, 2, 3, 6, 12, 13, 14);15;14
(1, 2, 3, 7, 8, 9, 14);5;14
(1, 2, 3, 7, 8, 10, 14);22;14
(1, 2, 3, 7, 8, 11, 14);25;14
(1, 2, 3, 7, 8, 12, 14);15;14
(1, 2, 3, 7, 8, 13, 14);15;14
(1, 2, 3, 7, 9, 10, 14);4;14
(1, 2, 3, 7, 9, 11, 14);4;14
(1, 2, 3, 7, 9, 12, 14);19;14
(1, 2, 3, 7, 9, 13, 14);4;14
(1, 2, 3, 7, 10, 11, 14);4;14
(1, 2, 3, 7, 10, 12, 14);13;14
(1, 2, 3, 7, 10, 13, 14);4;14
(1, 2, 3, 7, 11, 12, 14);13;14
(1, 2, 3, 7, 11, 13, 14);4;14
(1, 2, 3, 7, 12, 13, 14);19;14
(1, 2, 3, 8, 9, 10, 14);11;14
(1, 2, 3, 8, 9, 11, 14);16;14
(1, 2, 3, 8, 9, 12, 14);5;14
(1, 2, 3, 8, 9, 13, 14);5;14
(1, 2, 3, 8, 10, 11, 14);22;14
(1, 2, 3, 8, 10, 12, 14);20;14
(1, 2, 3, 8, 10, 13, 14);31;14
(1, 2, 3, 8, 11, 12, 14);32;14
(1, 2, 3, 8, 11, 13, 14);37;14
(1, 2, 3, 8, 12, 13, 14);15;14
(1, 2, 3, 9, 10, 11, 14);4;14
(1, 2, 3, 9, 10, 12, 14);15;14
(1, 2, 3, 9, 10, 13, 14);4;14
(1, 2, 3, 9, 11, 12, 14);21;14
(1, 2, 3, 9, 11, 13, 14);4;14
(1, 2, 3, 9, 12, 13, 14);15;14
(1, 2, 3, 10, 11, 12, 14);13;14
(1, 2, 3, 10, 11, 13, 14);4;14
(1, 2, 3, 10, 12, 13, 14);15;14
(1, 2, 3, 11, 12, 13, 14);23;14
(1, 2, 4, 5, 6, 7, 14);19;14
(1, 2, 4, 5, 6, 8, 14);10;14
(1, 2, 4, 5, 6, 9, 14);10;14
(1, 2, 4, 5, 6, 10, 14);26;15
(1, 2, 4, 5, 6, 11, 14);10;14
(1, 2, 4, 5, 6, 12, 14);10;14
(1, 2, 4, 5, 6, 13, 14);18;14
(1, 2, 4, 5, 7, 8, 14);3;14
(1, 2, 4, 5, 7, 9, 14);16;14
(1, 2, 4, 5, 7, 10, 14);3;14
(1, 2, 4, 5, 7, 11, 14);3;14
(1, 2, 4, 5, 7, 12, 14);19;14
(1, 2, 4, 5, 7, 13, 14);3;14
(1, 2, 4, 5, 8, 9, 14);13;14
(1, 2, 4, 5, 8, 10, 14);3;14
(1, 2, 4, 5, 8, 11, 14);3;14
(1, 2, 4, 5, 8, 12, 14);16;14
(1, 2, 4, 5, 8, 13, 14);3;14
(1, 2, 4, 5, 9, 10, 14);18;14
(1, 2, 4, 5, 9, 11, 14);13;14
(1, 2, 4, 5, 9, 12, 14);13;14
(1, 2, 4, 5, 9, 13, 14);18;14
(1, 2, 4, 5, 10, 11, 14);3;14
(1, 2, 4, 5, 10, 12, 14);22;14
(1, 2, 4, 5, 10, 13, 14);3;14
(1, 2, 4, 5, 11, 12, 14);16;14
(1, 2, 4, 5, 11, 13, 14);3;14
(1, 2, 4, 5, 12, 13, 14);24;14
(1, 2, 4, 6, 7, 8, 14);12;14
(1, 2, 4, 6, 7, 9, 14);8;14
(1, 2, 4, 6, 7, 10, 14);8;14
(1, 2, 4, 6, 7, 11, 14);13;14
(1, 2, 4, 6, 7, 12, 14);8;14
(1, 2, 4, 6, 7, 13, 14);27;14
(1, 2, 4, 6, 8, 9, 14);10;14
(1, 2, 4, 6, 8, 10, 14);12;14
(1, 2, 4, 6, 8, 11, 14);10;14
(1, 2, 4, 6, 8, 12, 14);10;14
(1, 2, 4, 6, 8, 13, 14);5;24
(1, 2, 4, 6, 9, 10, 14);8;14
(1, 2, 4, 6, 9, 11, 14);13;14
(1, 2, 4, 6, 9, 12, 14);8;14
(1, 2, 4, 6, 9, 13, 14);15;14
(1, 2, 4, 6, 10, 11, 14);20;14
(1, 2, 4, 6, 10, 12, 14);8;14
(1, 2, 4, 6, 10, 13, 14);23;14
(1, 2, 4, 6, 11, 12, 14);13;14
(1, 2, 4, 6, 11, 13, 14);15;14
(1, 2, 4, 6, 12, 13, 14);26;14
(1, 2, 4, 7, 8, 9, 14);16;14
(1, 2, 4, 7, 8, 10, 14);3;14
(1, 2, 4, 7, 8, 11, 14);3;14
(1, 2, 4, 7, 8, 12, 14);19;14
(1, 2, 4, 7, 8, 13, 14);3;14
(1, 2, 4, 7, 9, 10, 14);8;17
(1, 2, 4, 7, 9, 11, 14);16;14
(1, 2, 4, 7, 9, 12, 14);16;14
(1, 2, 4, 7, 9, 13, 14);26;14
(1, 2, 4, 7, 10, 11, 14);3;14
(1, 2, 4, 7, 10, 12, 14);22;14
(1, 2, 4, 7, 10, 13, 14);3;14
(1, 2, 4, 7, 11, 12, 14);19;14
(1, 2, 4, 7, 11, 13, 14);3;14
(1, 2, 4, 7, 12, 13, 14);24;14
(1, 2, 4, 8, 9, 10, 14);18;14
(1, 2, 4, 8, 9, 11, 14);13;14
(1, 2, 4, 8, 9, 12, 14);13;14
(1, 2, 4, 8, 9, 13, 14);18;14
(1, 2, 4, 8, 10, 11, 14);3;14
(1, 2, 4, 8, 10, 12, 14);22;14
(1, 2, 4, 8, 10, 13, 14);3;14
(1, 2, 4, 8, 11, 12, 14);16;14
(1, 2, 4, 8, 11, 13, 14);3;14
(1, 2, 4, 8, 12, 13, 14);24;14
(1, 2, 4, 9, 10, 11, 14);18;14
(1, 2, 4, 9, 10, 12, 14);8;17
(1, 2, 4, 9, 10, 13, 14);23;14
(1, 2, 4, 9, 11, 12, 14);13;14
(1, 2, 4, 9, 11, 13, 14);18;14
(1, 2, 4, 9, 12, 13, 14);26;14
(1, 2, 4, 10, 11, 12, 14);22;14
(1, 2, 4, 10, 11, 13, 14);3;14
(1, 2, 4, 10, 12, 13, 14);24;14
(1, 2, 4, 11, 12, 13, 14);24;14
(1, 2, 5, 6, 7, 8, 14);12;14
(1, 2, 5, 6, 7, 9, 14);4;19
(1, 2, 5, 6, 7, 10, 14);4;15
(1, 2, 5, 6, 7, 11, 14);12;14
(1, 2, 5, 6, 7, 12, 14);19;14
(1, 2, 5, 6, 7, 13, 14);4;23
(1, 2, 5, 6, 8, 9, 14);20;14
(1, 2, 5, 6, 8, 10, 14);16;14
(1, 2, 5, 6, 8, 11, 14);19;14
(1, 2, 5, 6, 8, 12, 14);20;14
(1, 2, 5, 6, 8, 13, 14);19;14
(1, 2, 5, 6, 9, 10, 14);15;14
(1, 2, 5, 6, 9, 11, 14);20;14
(1, 2, 5, 6, 9, 12, 14);10;25
(1, 2, 5, 6, 9, 13, 14);15;22
(1, 2, 5, 6, 10, 11, 14);31;14
(1, 2, 5, 6, 10, 12, 14);26;14
(1, 2, 5, 6, 10, 13, 14);15;14
(1, 2, 5, 6, 11, 12, 14);20;14
(1, 2, 5, 6, 11, 13, 14);19;14
(1, 2, 5, 6, 12, 13, 14);43;14
(1, 2, 5, 7, 8, 9, 14);16;14
(1, 2, 5, 7, 8, 10, 14);3;14
(1, 2, 5, 7, 8, 11, 14);3;14
(1, 2, 5, 7, 8, 12, 14);19;14
(1, 2, 5, 7, 8, 13, 14);3;14
(1, 2, 5, 7, 9, 10, 14);18;14
(1, 2, 5, 7, 9, 11, 14);16;14
(1, 2, 5, 7, 9, 12, 14);16;14
(1, 2, 5, 7, 9, 13, 14);18;14
(1, 2, 5, 7, 10, 11, 14);3;14
(1, 2, 5, 7, 10, 12, 14);22;14
(1, 2, 5, 7, 10, 13, 14);3;14
(1, 2, 5, 7, 11, 12, 14);19;14
(1, 2, 5, 7, 11, 13, 14);3;14
(1, 2, 5, 7, 12, 13, 14);24;14
(1, 2, 5, 8, 9, 10, 14);18;14
(1, 2, 5, 8, 9, 11, 14);23;14
(1, 2, 5, 8, 9, 12, 14);23;14
(1, 2, 5, 8, 9, 13, 14);43;14
(1, 2, 5, 8, 10, 11, 14);3;14
(1, 2, 5, 8, 10, 12, 14);22;14
(1, 2, 5, 8, 10, 13, 14);3;14
(1, 2, 5, 8, 11, 12, 14);13;14
(1, 2, 5, 8, 11, 13, 14);3;14
(1, 2, 5, 8, 12, 13, 14);24;14
(1, 2, 5, 9, 10, 11, 14);18;14
(1, 2, 5, 9, 10, 12, 14);19;14
(1, 2, 5, 9, 10, 13, 14);18;14
(1, 2, 5, 9, 11, 12, 14);23;14
(1, 2, 5, 9, 11, 13, 14);40;14
(1, 2, 5, 9, 12, 13, 14);46;14
(1, 2, 5, 10, 11, 12, 14);22;14
(1, 2, 5, 10, 11, 13, 14);3;14
(1, 2, 5, 10, 12, 13, 14);24;14
(1, 2, 5, 11, 12, 13, 14);24;14
(1, 2, 6, 7, 8, 9, 14);13;14
(1, 2, 6, 7, 8, 10, 14);12;14
(1, 2, 6, 7, 8, 11, 14);12;14
(1, 2, 6, 7, 8, 12, 14);13;14
(1, 2, 6, 7, 8, 13, 14);12;14
(1, 2, 6, 7, 9, 10, 14);8;14
(1, 2, 6, 7, 9, 11, 14);13;14
(1, 2, 6, 7, 9, 12, 14);8;14
(1, 2, 6, 7, 9, 13, 14);4;31
(1, 2, 6, 7, 10, 11, 14);4;14
(1, 2, 6, 7, 10, 12, 14);8;14
(1, 2, 6, 7, 10, 13, 14);4;31
(1, 2, 6, 7, 11, 12, 14);13;14
(1, 2, 6, 7, 11, 13, 14);4;20
(1, 2, 6, 7, 12, 13, 14);27;14
(1, 2, 6, 8, 9, 10, 14);22;14
(1, 2, 6, 8, 9, 11, 14);20;14
(1, 2, 6, 8, 9, 12, 14);20;14
(1, 2, 6, 8, 9, 13, 14);22;14
(1, 2, 6, 8, 10, 11, 14);28;35
(1, 2, 6, 8, 10, 12, 14);20;14
(1, 2, 6, 8, 10, 13, 14);16;14
(1, 2, 6, 8, 11, 12, 14);20;14
(1, 2, 6, 8, 11, 13, 14);19;14
(1, 2, 6, 8, 12, 13, 14);25;21
(1, 2, 6, 9, 10, 11, 14);39;14
(1, 2, 6, 9, 10, 12, 14);26;14
(1, 2, 6, 9, 10, 13, 14);15;14
(1, 2, 6, 9, 11, 12, 14);20;14
(1, 2, 6, 9, 11, 13, 14);15;14
(1, 2, 6, 9, 12, 13, 14);51;14
(1, 2, 6, 10, 11, 12, 14);36;35
(1, 2, 6, 10, 11, 13, 14);12;14
(1, 2, 6, 10, 12, 13, 14);26;14
(1, 2, 6, 11, 12, 13, 14);25;14
(1, 2, 7, 8, 9, 10, 14);18;14
(1, 2, 7, 8, 9, 11, 14);16;14
(1, 2, 7, 8, 9, 12, 14);16;14
(1, 2, 7, 8, 9, 13, 14);18;14
(1, 2, 7, 8, 10, 11, 14);3;14
(1, 2, 7, 8, 10, 12, 14);22;14
(1, 2, 7, 8, 10, 13, 14);3;14
(1, 2, 7, 8, 11, 12, 14);19;14
(1, 2, 7, 8, 11, 13, 14);3;14
(1, 2, 7, 8, 12, 13, 14);24;14
(1, 2, 7, 9, 10, 11, 14);18;14
(1, 2, 7, 9, 10, 12, 14);8;17
(1, 2, 7, 9, 10, 13, 14);4;34
(1, 2, 7, 9, 11, 12, 14);16;14
(1, 2, 7, 9, 11, 13, 14);18;14
(1, 2, 7, 9, 12, 13, 14);26;14
(1, 2, 7, 10, 11, 12, 14);22;14
(1, 2, 7, 10, 11, 13, 14);3;14
(1, 2, 7, 10, 12, 13, 14);24;14
(1, 2, 7, 11, 12, 13, 14);24;14
(1, 2, 8, 9, 10, 11, 14);18;14
(1, 2, 8, 9, 10, 12, 14);19;14
(1, 2, 8, 9, 10, 13, 14);18;14
(1, 2, 8, 9, 11, 12, 14);23;14
(1, 2, 8, 9, 11, 13, 14);22;14
(1, 2, 8, 9, 12, 13, 14);46;14
(1, 2, 8, 10, 11, 12, 14);22;14
(1, 2, 8, 10, 11, 13, 14);3;14
(1, 2, 8, 10, 12, 13, 14);24;14
(1, 2, 8, 11, 12, 13, 14);24;14
(1, 2, 9, 10, 11, 12, 14);19;14
(1, 2, 9, 10, 11, 13, 14);18;14
(1, 2, 9, 10, 12, 13, 14);26;33
(1, 2, 9, 11, 12, 13, 14);25;14
(1, 2, 10, 11, 12, 13, 14);24;14
(1, 3, 4, 5, 6, 7, 14);10;14
(1, 3, 4, 5, 6, 8, 14);9;14
(1, 3, 4, 5, 6, 9, 14);10;14
(1, 3, 4, 5, 6, 10, 14);9;14
(1, 3, 4, 5, 6, 11, 14);17;14
(1, 3, 4, 5, 6, 12, 14);9;14
(1, 3, 4, 5, 6, 13, 14);9;14
(1, 3, 4, 5, 7, 8, 14);11;14
(1, 3, 4, 5, 7, 9, 14);18;14
(1, 3, 4, 5, 7, 10, 14);17;14
(1, 3, 4, 5, 7, 11, 14);18;14
(1, 3, 4, 5, 7, 12, 14);26;14
(1, 3, 4, 5, 7, 13, 14);18;14
(1, 3, 4, 5, 8, 9, 14);6;16
(1, 3, 4, 5, 8, 10, 14);9;14
(1, 3, 4, 5, 8, 11, 14);6;14
(1, 3, 4, 5, 8, 12, 14);9;14
(1, 3, 4, 5, 8, 13, 14);9;14
(1, 3, 4, 5, 9, 10, 14);34;14
(1, 3, 4, 5, 9, 11, 14);18;14
(1, 3, 4, 5, 9, 12, 14);23;14
(1, 3, 4, 5, 9, 13, 14);18;14
(1, 3, 4, 5, 10, 11, 14);15;14
(1, 3, 4, 5, 10, 12, 14);15;14
(1, 3, 4, 5, 10, 13, 14);17;14
(1, 3, 4, 5, 11, 12, 14);15;14
(1, 3, 4, 5, 11, 13, 14);25;14
(1, 3, 4, 5, 12, 13, 14);17;14
(1, 3, 4, 6, 7, 8, 14);11;14
(1, 3, 4, 6, 7, 9, 14);10;14
(1, 3, 4, 6, 7, 10, 14);11;14
(1, 3, 4, 6, 7, 11, 14);10;14
(1, 3, 4, 6, 7, 12, 14);5;28
(1, 3, 4, 6, 7, 13, 14);10;14
(1, 3, 4, 6, 8, 9, 14);17;14
(1, 3, 4, 6, 8, 10, 14);18;14
(1, 3, 4, 6, 8, 11, 14);17;30
(1, 3, 4, 6, 8, 12, 14);18;14
(1, 3, 4, 6, 8, 13, 14);9;21
(1, 3, 4, 6, 9, 10, 14);20;14
(1, 3, 4, 6, 9, 11, 14);17;14
(1, 3, 4, 6, 9, 12, 14);15;14
(1, 3, 4, 6, 9, 13, 14);17;14
(1, 3, 4, 6, 10, 11, 14);22;21
(1, 3, 4, 6, 10, 12, 14);18;14
(1, 3, 4, 6, 10, 13, 14);9;21
(1, 3, 4, 6, 11, 12, 14);15;20
(1, 3, 4, 6, 11, 13, 14);17;14
(1, 3, 4, 6, 12, 13, 14);9;33
(1, 3, 4, 7, 8, 9, 14);5;25
(1, 3, 4, 7, 8, 10, 14);11;14
(1, 3, 4, 7, 8, 11, 14);5;25
(1, 3, 4, 7, 8, 12, 14);11;14
(1, 3, 4, 7, 8, 13, 14);5;50
(1, 3, 4, 7, 9, 10, 14);32;14
(1, 3, 4, 7, 9, 11, 14);18;14
(1, 3, 4, 7, 9, 12, 14);5;36
(1, 3, 4, 7, 9, 13, 14);18;14
(1, 3, 4, 7, 10, 11, 14);38;14
(1, 3, 4, 7, 10, 12, 14);30;28
(1, 3, 4, 7, 10, 13, 14);17;14
(1, 3, 4, 7, 11, 12, 14);5;26
(1, 3, 4, 7, 11, 13, 14);18;14
(1, 3, 4, 7, 12, 13, 14);26;14
(1, 3, 4, 8, 9, 10, 14);18;14
(1, 3, 4, 8, 9, 11, 14);17;14
(1, 3, 4, 8, 9, 12, 14);31;14
(1, 3, 4, 8, 9, 13, 14);17;14
(1, 3, 4, 8, 10, 11, 14);22;14
(1, 3, 4, 8, 10, 12, 14);18;14
(1, 3, 4, 8, 10, 13, 14);11;32
(1, 3, 4, 8, 11, 12, 14);22;14
(1, 3, 4, 8, 11, 13, 14);17;30
(1, 3, 4, 8, 12, 13, 14);5;57
(1, 3, 4, 9, 10, 11, 14);20;14
(1, 3, 4, 9, 10, 12, 14);13;14
(1, 3, 4, 9, 10, 13, 14);23;14
(1, 3, 4, 9, 11, 12, 14);15;14
(1, 3, 4, 9, 11, 13, 14);17;14
(1, 3, 4, 9, 12, 13, 14);47;14
(1, 3, 4, 10, 11, 12, 14);15;14
(1, 3, 4, 10, 11, 13, 14);24;14
(1, 3, 4, 10, 12, 13, 14);50;14
(1, 3, 4, 11, 12, 13, 14);49;14
(1, 3, 5, 6, 7, 8, 14);13;14
(1, 3, 5, 6, 7, 9, 14);20;14
(1, 3, 5, 6, 7, 10, 14);13;14
(1, 3, 5, 6, 7, 11, 14);20;14
(1, 3, 5, 6, 7, 12, 14);13;14
(1, 3, 5, 6, 7, 13, 14);20;14
(1, 3, 5, 6, 8, 9, 14);15;14
(1, 3, 5, 6, 8, 10, 14);11;14
(1, 3, 5, 6, 8, 11, 14);17;14
(1, 3, 5, 6, 8, 12, 14);11;14
(1, 3, 5, 6, 8, 13, 14);9;20
(1, 3, 5, 6, 9, 10, 14);15;14
(1, 3, 5, 6, 9, 11, 14);27;27
(1, 3, 5, 6, 9, 12, 14);15;14
(1, 3, 5, 6, 9, 13, 14);4;23
(1, 3, 5, 6, 10, 11, 14);17;14
(1, 3, 5, 6, 10, 12, 14);11;14
(1, 3, 5, 6, 10, 13, 14);4;31
(1, 3, 5, 6, 11, 12, 14);17;14
(1, 3, 5, 6, 11, 13, 14);36;14
(1, 3, 5, 6, 12, 13, 14);9;25
(1, 3, 5, 7, 8, 9, 14);17;14
(1, 3, 5, 7, 8, 10, 14);15;14
(1, 3, 5, 7, 8, 11, 14);19;14
(1, 3, 5, 7, 8, 12, 14);15;14
(1, 3, 5, 7, 8, 13, 14);21;14
(1, 3, 5, 7, 9, 10, 14);19;14
(1, 3, 5, 7, 9, 11, 14);25;14
(1, 3, 5, 7, 9, 12, 14);21;14
(1, 3, 5, 7, 9, 13, 14);27;14
(1, 3, 5, 7, 10, 11, 14);21;14
(1, 3, 5, 7, 10, 12, 14);17;14
(1, 3, 5, 7, 10, 13, 14);23;14
(1, 3, 5, 7, 11, 12, 14);23;14
(1, 3, 5, 7, 11, 13, 14);27;14
(1, 3, 5, 7, 12, 13, 14);25;14
(1, 3, 5, 8, 9, 10, 14);17;14
(1, 3, 5, 8, 9, 11, 14);19;14
(1, 3, 5, 8, 9, 12, 14);17;14
(1, 3, 5, 8, 9, 13, 14);21;14
(1, 3, 5, 8, 10, 11, 14);19;14
(1, 3, 5, 8, 10, 12, 14);13;14
(1, 3, 5, 8, 10, 13, 14);21;14
(1, 3, 5, 8, 11, 12, 14);19;14
(1, 3, 5, 8, 11, 13, 14);21;14
(1, 3, 5, 8, 12, 13, 14);21;14
(1, 3, 5, 9, 10, 11, 14);21;14
(1, 3, 5, 9, 10, 12, 14);19;14
(1, 3, 5, 9, 10, 13, 14);23;14
(1, 3, 5, 9, 11, 12, 14);23;14
(1, 3, 5, 9, 11, 13, 14);27;14
(1, 3, 5, 9, 12, 13, 14);25;14
(1, 3, 5, 10, 11, 12, 14);21;14
(1, 3, 5, 10, 11, 13, 14);23;14
(1, 3, 5, 10, 12, 13, 14);23;14
(1, 3, 5, 11, 12, 13, 14);25;14
(1, 3, 6, 7, 8, 9, 14);15;14
(1, 3, 6, 7, 8, 10, 14);13;14
(1, 3, 6, 7, 8, 11, 14);17;14
(1, 3, 6, 7, 8, 12, 14);13;14
(1, 3, 6, 7, 8, 13, 14);19;14
(1, 3, 6, 7, 9, 10, 14);15;14
(1, 3, 6, 7, 9, 11, 14);20;36
(1, 3, 6, 7, 9, 12, 14);15;14
(1, 3, 6, 7, 9, 13, 14);20;14
(1, 3, 6, 7, 10, 11, 14);17;14
(1, 3, 6, 7, 10, 12, 14);13;14
(1, 3, 6, 7, 10, 13, 14);19;14
(1, 3, 6, 7, 11, 12, 14);17;14
(1, 3, 6, 7, 11, 13, 14);20;14
(1, 3, 6, 7, 12, 13, 14);19;14
(1, 3, 6, 8, 9, 10, 14);15;14
(1, 3, 6, 8, 9, 11, 14);17;14
(1, 3, 6, 8, 9, 12, 14);15;14
(1, 3, 6, 8, 9, 13, 14);19;14
(1, 3, 6, 8, 10, 11, 14);22;28
(1, 3, 6, 8, 10, 12, 14);20;14
(1, 3, 6, 8, 10, 13, 14);27;14
(1, 3, 6, 8, 11, 12, 14);41;90
(1, 3, 6, 8, 11, 13, 14);62;51
(1, 3, 6, 8, 12, 13, 14);27;14
(1, 3, 6, 9, 10, 11, 14);17;14
(1, 3, 6, 9, 10, 12, 14);15;14
(1, 3, 6, 9, 10, 13, 14);19;14
(1, 3, 6, 9, 11, 12, 14);17;14
(1, 3, 6, 9, 11, 13, 14);17;36
(1, 3, 6, 9, 12, 13, 14);19;14
(1, 3, 6, 10, 11, 12, 14);39;32
(1, 3, 6, 10, 11, 13, 14);4;37
(1, 3, 6, 10, 12, 13, 14);27;14
(1, 3, 6, 11, 12, 13, 14);43;35
(1, 3, 7, 8, 9, 10, 14);17;14
(1, 3, 7, 8, 9, 11, 14);19;14
(1, 3, 7, 8, 9, 12, 14);17;14
(1, 3, 7, 8, 9, 13, 14);21;14
(1, 3, 7, 8, 10, 11, 14);19;14
(1, 3, 7, 8, 10, 12, 14);15;14
(1, 3, 7, 8, 10, 13, 14);21;14
(1, 3, 7, 8, 11, 12, 14);19;14
(1, 3, 7, 8, 11, 13, 14);21;14
(1, 3, 7, 8, 12, 13, 14);21;14
(1, 3, 7, 9, 10, 11, 14);21;14
(1, 3, 7, 9, 10, 12, 14);19;14
(1, 3, 7, 9, 10, 13, 14);23;14
(1, 3, 7, 9, 11, 12, 14);23;14
(1, 3, 7, 9, 11, 13, 14);27;14
(1, 3, 7, 9, 12, 13, 14);25;14
(1, 3, 7, 10, 11, 12, 14);21;14
(1, 3, 7, 10, 11, 13, 14);23;14
(1, 3, 7, 10, 12, 13, 14);23;14
(1, 3, 7, 11, 12, 13, 14);25;14
(1, 3, 8, 9, 10, 11, 14);19;14
(1, 3, 8, 9, 10, 12, 14);17;14
(1, 3, 8, 9, 10, 13, 14);21;14
(1, 3, 8, 9, 11, 12, 14);19;14
(1, 3, 8, 9, 11, 13, 14);21;14
(1, 3, 8, 9, 12, 13, 14);21;14
(1, 3, 8, 10, 11, 12, 14);19;14
(1, 3, 8, 10, 11, 13, 14);21;14
(1, 3, 8, 10, 12, 13, 14);53;44
(1, 3, 8, 11, 12, 13, 14);21;14
(1, 3, 9, 10, 11, 12, 14);21;14
(1, 3, 9, 10, 11, 13, 14);23;14
(1, 3, 9, 10, 12, 13, 14);23;14
(1, 3, 9, 11, 12, 13, 14);25;14
(1, 3, 10, 11, 12, 13, 14);23;14
(1, 4, 5, 6, 7, 8, 14);11;14
(1, 4, 5, 6, 7, 9, 14);10;14
(1, 4, 5, 6, 7, 10, 14);11;14
(1, 4, 5, 6, 7, 11, 14);10;14
(1, 4, 5, 6, 7, 12, 14);21;14
(1, 4, 5, 6, 7, 13, 14);10;14
(1, 4, 5, 6, 8, 9, 14);10;50
(1, 4, 5, 6, 8, 10, 14);9;14
(1, 4, 5, 6, 8, 11, 14);19;14
(1, 4, 5, 6, 8, 12, 14);9;14
(1, 4, 5, 6, 8, 13, 14);9;14
(1, 4, 5, 6, 9, 10, 14);13;14
(1, 4, 5, 6, 9, 11, 14);10;14
(1, 4, 5, 6, 9, 12, 14);10;40
(1, 4, 5, 6, 9, 13, 14);10;14
(1, 4, 5, 6, 10, 11, 14);24;14
(1, 4, 5, 6, 10, 12, 14);9;14
(1, 4, 5, 6, 10, 13, 14);9;14
(1, 4, 5, 6, 11, 12, 14);17;17
(1, 4, 5, 6, 11, 13, 14);19;14
(1, 4, 5, 6, 12, 13, 14);9;14
(1, 4, 5, 7, 8, 9, 14);28;71
(1, 4, 5, 7, 8, 10, 14);11;14
(1, 4, 5, 7, 8, 11, 14);3;21
(1, 4, 5, 7, 8, 12, 14);11;14
(1, 4, 5, 7, 8, 13, 14);3;29
(1, 4, 5, 7, 9, 10, 14);19;14
(1, 4, 5, 7, 9, 11, 14);18;14
(1, 4, 5, 7, 9, 12, 14);29;29
(1, 4, 5, 7, 9, 13, 14);18;14
(1, 4, 5, 7, 10, 11, 14);3;23
(1, 4, 5, 7, 10, 12, 14);28;14
(1, 4, 5, 7, 10, 13, 14);17;15
(1, 4, 5, 7, 11, 12, 14);26;14
(1, 4, 5, 7, 11, 13, 14);18;14
(1, 4, 5, 7, 12, 13, 14);26;14
(1, 4, 5, 8, 9, 10, 14);13;14
(1, 4, 5, 8, 9, 11, 14);13;49
(1, 4, 5, 8, 9, 12, 14);13;14
(1, 4, 5, 8, 9, 13, 14);6;16
(1, 4, 5, 8, 10, 11, 14);3;24
(1, 4, 5, 8, 10, 12, 14);9;14
(1, 4, 5, 8, 10, 13, 14);9;14
(1, 4, 5, 8, 11, 12, 14);31;14
(1, 4, 5, 8, 11, 13, 14);3;30
(1, 4, 5, 8, 12, 13, 14);9;14
(1, 4, 5, 9, 10, 11, 14);36;19
(1, 4, 5, 9, 10, 12, 14);34;19
(1, 4, 5, 9, 10, 13, 14);42;14
(1, 4, 5, 9, 11, 12, 14);13;28
(1, 4, 5, 9, 11, 13, 14);18;14
(1, 4, 5, 9, 12, 13, 14);43;28
(1, 4, 5, 10, 11, 12, 14);15;14
(1, 4, 5, 10, 11, 13, 14);3;26
(1, 4, 5, 10, 12, 13, 14);26;14
(1, 4, 5, 11, 12, 13, 14);25;14
(1, 4, 6, 7, 8, 9, 14);15;14
(1, 4, 6, 7, 8, 10, 14);33;114
(1, 4, 6, 7, 8, 11, 14);15;14
(1, 4, 6, 7, 8, 12, 14);31;44
(1, 4, 6, 7, 8, 13, 14);5;36
(1, 4, 6, 7, 9, 10, 14);8;18
(1, 4, 6, 7, 9, 11, 14);18;14
(1, 4, 6, 7, 9, 12, 14);13;14
(1, 4, 6, 7, 9, 13, 14);20;14
(1, 4, 6, 7, 10, 11, 14);20;14
(1, 4, 6, 7, 10, 12, 14);8;18
(1, 4, 6, 7, 10, 13, 14);20;14
(1, 4, 6, 7, 11, 12, 14);18;14
(1, 4, 6, 7, 11, 13, 14);20;14
(1, 4, 6, 7, 12, 13, 14);45;44
(1, 4, 6, 8, 9, 10, 14);18;23
(1, 4, 6, 8, 9, 11, 14);22;14
(1, 4, 6, 8, 9, 12, 14);18;17
(1, 4, 6, 8, 9, 13, 14);22;14
(1, 4, 6, 8, 10, 11, 14);20;25
(1, 4, 6, 8, 10, 12, 14);18;14
(1, 4, 6, 8, 10, 13, 14);22;15
(1, 4, 6, 8, 11, 12, 14);20;14
(1, 4, 6, 8, 11, 13, 14);22;14
(1, 4, 6, 8, 12, 13, 14);22;21
(1, 4, 6, 9, 10, 11, 14);20;14
(1, 4, 6, 9, 10, 12, 14);18;14
(1, 4, 6, 9, 10, 13, 14);22;15
(1, 4, 6, 9, 11, 12, 14);23;14
(1, 4, 6, 9, 11, 13, 14);27;14
(1, 4, 6, 9, 12, 13, 14);25;14
(1, 4, 6, 10, 11, 12, 14);20;14
(1, 4, 6, 10, 11, 13, 14);22;15
(1, 4, 6, 10, 12, 13, 14);22;49
(1, 4, 6, 11, 12, 13, 14);25;14
(1, 4, 7, 8, 9, 10, 14);66;41
(1, 4, 7, 8, 9, 11, 14);15;14
(1, 4, 7, 8, 9, 12, 14);31;39
(1, 4, 7, 8, 9, 13, 14);5;36
(1, 4, 7, 8, 10, 11, 14);35;35
(1, 4, 7, 8, 10, 12, 14);22;19
(1, 4, 7, 8, 10, 13, 14);37;14
(1, 4, 7, 8, 11, 12, 14);33;30
(1, 4, 7, 8, 11, 13, 14);5;36
(1, 4, 7, 8, 12, 13, 14);57;14
(1, 4, 7, 9, 10, 11, 14);20;16
(1, 4, 7, 9, 10, 12, 14);24;14
(1, 4, 7, 9, 10, 13, 14);23;14
(1, 4, 7, 9, 11, 12, 14);18;17
(1, 4, 7, 9, 11, 13, 14);20;14
(1, 4, 7, 9, 12, 13, 14);25;33
(1, 4, 7, 10, 11, 12, 14);21;14
(1, 4, 7, 10, 11, 13, 14);40;14
(1, 4, 7, 10, 12, 13, 14);26;14
(1, 4, 7, 11, 12, 13, 14);25;30
(1, 4, 8, 9, 10, 11, 14);20;25
(1, 4, 8, 9, 10, 12, 14);18;14
(1, 4, 8, 9, 10, 13, 14);22;15
(1, 4, 8, 9, 11, 12, 14);20;14
(1, 4, 8, 9, 11, 13, 14);22;14
(1, 4, 8, 9, 12, 13, 14);22;21
(1, 4, 8, 10, 11, 12, 14);20;14
(1, 4, 8, 10, 11, 13, 14);22;15
(1, 4, 8, 10, 12, 13, 14);22;37
(1, 4, 8, 11, 12, 13, 14);22;21
(1, 4, 9, 10, 11, 12, 14);20;50
(1, 4, 9, 10, 11, 13, 14);22;15
(1, 4, 9, 10, 12, 13, 14);22;21
(1, 4, 9, 11, 12, 13, 14);25;14
(1, 4, 10, 11, 12, 13, 14);22;21
(1, 5, 6, 7, 8, 9, 14);15;14
(1, 5, 6, 7, 8, 10, 14);13;14
(1, 5, 6, 7, 8, 11, 14);17;14
(1, 5, 6, 7, 8, 12, 14);13;14
(1, 5, 6, 7, 8, 13, 14);19;14
(1, 5, 6, 7, 9, 10, 14);15;14
(1, 5, 6, 7, 9, 11, 14);20;14
(1, 5, 6, 7, 9, 12, 14);15;14
(1, 5, 6, 7, 9, 13, 14);20;14
(1, 5, 6, 7, 10, 11, 14);17;14
(1, 5, 6, 7, 10, 12, 14);13;14
(1, 5, 6, 7, 10, 13, 14);19;14
(1, 5, 6, 7, 11, 12, 14);17;14
(1, 5, 6, 7, 11, 13, 14);20;14
(1, 5, 6, 7, 12, 13, 14);19;14
(1, 5, 6, 8, 9, 10, 14);15;14
(1, 5, 6, 8, 9, 11, 14);17;14
(1, 5, 6, 8, 9, 12, 14);15;14
(1, 5, 6, 8, 9, 13, 14);19;14
(1, 5, 6, 8, 10, 11, 14);17;14
(1, 5, 6, 8, 10, 12, 14);11;14
(1, 5, 6, 8, 10, 13, 14);9;20
(1, 5, 6, 8, 11, 12, 14);17;14
(1, 5, 6, 8, 11, 13, 14);19;14
(1, 5, 6, 8, 12, 13, 14);9;20
(1, 5, 6, 9, 10, 11, 14);17;14
(1, 5, 6, 9, 10, 12, 14);15;14
(1, 5, 6, 9, 10, 13, 14);19;14
(1, 5, 6, 9, 11, 12, 14);17;14
(1, 5, 6, 9, 11, 13, 14);37;74
(1, 5, 6, 9, 12, 13, 14);19;14
(1, 5, 6, 10, 11, 12, 14);17;14
(1, 5, 6, 10, 11, 13, 14);19;14
(1, 5, 6, 10, 12, 13, 14);26;41
(1, 5, 6, 11, 12, 13, 14);19;14
(1, 5, 7, 8, 9, 10, 14);17;14
(1, 5, 7, 8, 9, 11, 14);19;14
(1, 5, 7, 8, 9, 12, 14);17;14
(1, 5, 7, 8, 9, 13, 14);21;14
(1, 5, 7, 8, 10, 11, 14);19;14
(1, 5, 7, 8, 10, 12, 14);15;14
(1, 5, 7, 8, 10, 13, 14);21;14
(1, 5, 7, 8, 11, 12, 14);19;14
(1, 5, 7, 8, 11, 13, 14);21;14
(1, 5, 7, 8, 12, 13, 14);21;14
(1, 5, 7, 9, 10, 11, 14);21;14
(1, 5, 7, 9, 10, 12, 14);19;14
(1, 5, 7, 9, 10, 13, 14);23;14
(1, 5, 7, 9, 11, 12, 14);23;14
(1, 5, 7, 9, 11, 13, 14);27;14
(1, 5, 7, 9, 12, 13, 14);25;14
(1, 5, 7, 10, 11, 12, 14);21;14
(1, 5, 7, 10, 11, 13, 14);23;14
(1, 5, 7, 10, 12, 13, 14);23;14
(1, 5, 7, 11, 12, 13, 14);25;14
(1, 5, 8, 9, 10, 11, 14);19;14
(1, 5, 8, 9, 10, 12, 14);17;14
(1, 5, 8, 9, 10, 13, 14);21;14
(1, 5, 8, 9, 11, 12, 14);19;14
(1, 5, 8, 9, 11, 13, 14);21;14
(1, 5, 8, 9, 12, 13, 14);21;14
(1, 5, 8, 10, 11, 12, 14);19;14
(1, 5, 8, 10, 11, 13, 14);21;14
(1, 5, 8, 10, 12, 13, 14);21;14
(1, 5, 8, 11, 12, 13, 14);21;14
(1, 5, 9, 10, 11, 12, 14);21;14
(1, 5, 9, 10, 11, 13, 14);23;14
(1, 5, 9, 10, 12, 13, 14);23;14
(1, 5, 9, 11, 12, 13, 14);25;14
(1, 5, 10, 11, 12, 13, 14);23;14
(1, 6, 7, 8, 9, 10, 14);15;14
(1, 6, 7, 8, 9, 11, 14);17;14
(1, 6, 7, 8, 9, 12, 14);15;14
(1, 6, 7, 8, 9, 13, 14);19;14
(1, 6, 7, 8, 10, 11, 14);17;14
(1, 6, 7, 8, 10, 12, 14);13;14
(1, 6, 7, 8, 10, 13, 14);19;14
(1, 6, 7, 8, 11, 12, 14);17;14
(1, 6, 7, 8, 11, 13, 14);19;14
(1, 6, 7, 8, 12, 13, 14);19;14
(1, 6, 7, 9, 10, 11, 14);17;14
(1, 6, 7, 9, 10, 12, 14);15;14
(1, 6, 7, 9, 10, 13, 14);19;14
(1, 6, 7, 9, 11, 12, 14);17;14
(1, 6, 7, 9, 11, 13, 14);20;14
(1, 6, 7, 9, 12, 13, 14);19;14
(1, 6, 7, 10, 11, 12, 14);17;14
(1, 6, 7, 10, 11, 13, 14);19;14
(1, 6, 7, 10, 12, 13, 14);19;14
(1, 6, 7, 11, 12, 13, 14);19;14
(1, 6, 8, 9, 10, 11, 14);39;46
(1, 6, 8, 9, 10, 12, 14);20;14
(1, 6, 8, 9, 10, 13, 14);41;71
(1, 6, 8, 9, 11, 12, 14);20;14
(1, 6, 8, 9, 11, 13, 14);22;14
(1, 6, 8, 9, 12, 13, 14);22;14
(1, 6, 8, 10, 11, 12, 14);22;14
(1, 6, 8, 10, 11, 13, 14);24;14
(1, 6, 8, 10, 12, 13, 14);26;33
(1, 6, 8, 11, 12, 13, 14);24;14
(1, 6, 9, 10, 11, 12, 14);20;14
(1, 6, 9, 10, 11, 13, 14);41;14
(1, 6, 9, 10, 12, 13, 14);22;14
(1, 6, 9, 11, 12, 13, 14);22;14
(1, 6, 10, 11, 12, 13, 14);24;14
(1, 7, 8, 9, 10, 11, 14);19;14
(1, 7, 8, 9, 10, 12, 14);17;14
(1, 7, 8, 9, 10, 13, 14);21;14
(1, 7, 8, 9, 11, 12, 14);19;14
(1, 7, 8, 9, 11, 13, 14);21;14
(1, 7, 8, 9, 12, 13, 14);21;14
(1, 7, 8, 10, 11, 12, 14);19;14
(1, 7, 8, 10, 11, 13, 14);21;14
(1, 7, 8, 10, 12, 13, 14);21;14
(1, 7, 8, 11, 12, 13, 14);21;14
(1, 7, 9, 10, 11, 12, 14);21;14
(1, 7, 9, 10, 11, 13, 14);23;14
(1, 7, 9, 10, 12, 13, 14);23;14
(1, 7, 9, 11, 12, 13, 14);25;14
(1, 7, 10, 11, 12, 13, 14);23;14
(1, 8, 9, 10, 11, 12, 14);19;14
(1, 8, 9, 10, 11, 13, 14);21;14
(1, 8, 9, 10, 12, 13, 14);21;14
(1, 8, 9, 11, 12, 13, 14);21;14
(1, 8, 10, 11, 12, 13, 14);24;14
(1, 9, 10, 11, 12, 13, 14);23;14
(2, 3, 4, 5, 6, 7, 14);9;14
(2, 3, 4, 5, 6, 8, 14);10;14
(2, 3, 4, 5, 6, 9, 14);23;14
(2, 3, 4, 5, 6, 10, 14);8;14
(2, 3, 4, 5, 6, 11, 14);8;14
(2, 3, 4, 5, 6, 12, 14);8;14
(2, 3, 4, 5, 6, 13, 14);8;14
(2, 3, 4, 5, 7, 8, 14);10;14
(2, 3, 4, 5, 7, 9, 14);11;14
(2, 3, 4, 5, 7, 10, 14);17;14
(2, 3, 4, 5, 7, 11, 14);9;14
(2, 3, 4, 5, 7, 12, 14);9;14
(2, 3, 4, 5, 7, 13, 14);9;14
(2, 3, 4, 5, 8, 9, 14);19;14
(2, 3, 4, 5, 8, 10, 14);19;14
(2, 3, 4, 5, 8, 11, 14);19;14
(2, 3, 4, 5, 8, 12, 14);16;14
(2, 3, 4, 5, 8, 13, 14);16;14
(2, 3, 4, 5, 9, 10, 14);19;14
(2, 3, 4, 5, 9, 11, 14);19;33
(2, 3, 4, 5, 9, 12, 14);41;18
(2, 3, 4, 5, 9, 13, 14);18;14
(2, 3, 4, 5, 10, 11, 14);8;20
(2, 3, 4, 5, 10, 12, 14);8;20
(2, 3, 4, 5, 10, 13, 14);8;20
(2, 3, 4, 5, 11, 12, 14);16;14
(2, 3, 4, 5, 11, 13, 14);16;14
(2, 3, 4, 5, 12, 13, 14);16;14
(2, 3, 4, 6, 7, 8, 14);10;14
(2, 3, 4, 6, 7, 9, 14);11;14
(2, 3, 4, 6, 7, 10, 14);17;14
(2, 3, 4, 6, 7, 11, 14);9;14
(2, 3, 4, 6, 7, 12, 14);9;14
(2, 3, 4, 6, 7, 13, 14);9;14
(2, 3, 4, 6, 8, 9, 14);11;14
(2, 3, 4, 6, 8, 10, 14);12;14
(2, 3, 4, 6, 8, 11, 14);5;21
(2, 3, 4, 6, 8, 12, 14);10;14
(2, 3, 4, 6, 8, 13, 14);10;14
(2, 3, 4, 6, 9, 10, 14);20;14
(2, 3, 4, 6, 9, 11, 14);5;14
(2, 3, 4, 6, 9, 12, 14);5;30
(2, 3, 4, 6, 9, 13, 14);23;14
(2, 3, 4, 6, 10, 11, 14);8;14
(2, 3, 4, 6, 10, 12, 14);8;14
(2, 3, 4, 6, 10, 13, 14);8;14
(2, 3, 4, 6, 11, 12, 14);8;14
(2, 3, 4, 6, 11, 13, 14);8;14
(2, 3, 4, 6, 12, 13, 14);8;14
(2, 3, 4, 7, 8, 9, 14);11;14
(2, 3, 4, 7, 8, 10, 14);17;14
(2, 3, 4, 7, 8, 11, 14);6;41
(2, 3, 4, 7, 8, 12, 14);16;14
(2, 3, 4, 7, 8, 13, 14);11;14
(2, 3, 4, 7, 9, 10, 14);17;14
(2, 3, 4, 7, 9, 11, 14);18;68
(2, 3, 4, 7, 9, 12, 14);16;14
(2, 3, 4, 7, 9, 13, 14);11;14
(2, 3, 4, 7, 10, 11, 14);18;14
(2, 3, 4, 7, 10, 12, 14);22;14
(2, 3, 4, 7, 10, 13, 14);17;14
(2, 3, 4, 7, 11, 12, 14);46;14
(2, 3, 4, 7, 11, 13, 14);6;47
(2, 3, 4, 7, 12, 13, 14);16;14
(2, 3, 4, 8, 9, 10, 14);6;14
(2, 3, 4, 8, 9, 11, 14);25;14
(2, 3, 4, 8, 9, 12, 14);16;17
(2, 3, 4, 8, 9, 13, 14);17;14
(2, 3, 4, 8, 10, 11, 14);25;14
(2, 3, 4, 8, 10, 12, 14);22;14
(2, 3, 4, 8, 10, 13, 14);23;14
(2, 3, 4, 8, 11, 12, 14);38;14
(2, 3, 4, 8, 11, 13, 14);59;15
(2, 3, 4, 8, 12, 13, 14);16;14
(2, 3, 4, 9, 10, 11, 14);25;14
(2, 3, 4, 9, 10, 12, 14);22;14
(2, 3, 4, 9, 10, 13, 14);23;14
(2, 3, 4, 9, 11, 12, 14);22;14
(2, 3, 4, 9, 11, 13, 14);22;14
(2, 3, 4, 9, 12, 13, 14);16;17
(2, 3, 4, 10, 11, 12, 14);22;14
(2, 3, 4, 10, 11, 13, 14);22;14
(2, 3, 4, 10, 12, 13, 14);22;14
(2, 3, 4, 11, 12, 13, 14);16;22
(2, 3, 5, 6, 7, 8, 14);10;14
(2, 3, 5, 6, 7, 9, 14);11;14
(2, 3, 5, 6, 7, 10, 14);4;15
(2, 3, 5, 6, 7, 11, 14);9;14
(2, 3, 5, 6, 7, 12, 14);9;14
(2, 3, 5, 6, 7, 13, 14);9;14
(2, 3, 5, 6, 8, 9, 14);11;14
(2, 3, 5, 6, 8, 10, 14);12;14
(2, 3, 5, 6, 8, 11, 14);26;14
(2, 3, 5, 6, 8, 12, 14);10;14
(2, 3, 5, 6, 8, 13, 14);10;14
(2, 3, 5, 6, 9, 10, 14);4;16
(2, 3, 5, 6, 9, 11, 14);4;24
(2, 3, 5, 6, 9, 12, 14);23;14
(2, 3, 5, 6, 9, 13, 14);4;22
(2, 3, 5, 6, 10, 11, 14);8;14
(2, 3, 5, 6, 10, 12, 14);8;14
(2, 3, 5, 6, 10, 13, 14);8;14
(2, 3, 5, 6, 11, 12, 14);8;14
(2, 3, 5, 6, 11, 13, 14);8;14
(2, 3, 5, 6, 12, 13, 14);8;14
(2, 3, 5, 7, 8, 9, 14);11;14
(2, 3, 5, 7, 8, 10, 14);12;14
(2, 3, 5, 7, 8, 11, 14);16;48
(2, 3, 5, 7, 8, 12, 14);10;14
(2, 3, 5, 7, 8, 13, 14);10;14
(2, 3, 5, 7, 9, 10, 14);12;14
(2, 3, 5, 7, 9, 11, 14);4;19
(2, 3, 5, 7, 9, 12, 14);37;72
(2, 3, 5, 7, 9, 13, 14);11;14
(2, 3, 5, 7, 10, 11, 14);4;19
(2, 3, 5, 7, 10, 12, 14);17;14
(2, 3, 5, 7, 10, 13, 14);34;14
(2, 3, 5, 7, 11, 12, 14);9;14
(2, 3, 5, 7, 11, 13, 14);9;14
(2, 3, 5, 7, 12, 13, 14);9;14
(2, 3, 5, 8, 9, 10, 14);19;14
(2, 3, 5, 8, 9, 11, 14);29;52
(2, 3, 5, 8, 9, 12, 14);17;14
(2, 3, 5, 8, 9, 13, 14);28;56
(2, 3, 5, 8, 10, 11, 14);19;14
(2, 3, 5, 8, 10, 12, 14);11;27
(2, 3, 5, 8, 10, 13, 14);11;64
(2, 3, 5, 8, 11, 12, 14);16;30
(2, 3, 5, 8, 11, 13, 14);16;14
(2, 3, 5, 8, 12, 13, 14);27;36
(2, 3, 5, 9, 10, 11, 14);4;26
(2, 3, 5, 9, 10, 12, 14);23;14
(2, 3, 5, 9, 10, 13, 14);4;27
(2, 3, 5, 9, 11, 12, 14);23;14
(2, 3, 5, 9, 11, 13, 14);23;14
(2, 3, 5, 9, 12, 13, 14);17;31
(2, 3, 5, 10, 11, 12, 14);8;20
(2, 3, 5, 10, 11, 13, 14);8;20
(2, 3, 5, 10, 12, 13, 14);8;20
(2, 3, 5, 11, 12, 13, 14);16;14
(2, 3, 6, 7, 8, 9, 14);16;14
(2, 3, 6, 7, 8, 10, 14);16;14
(2, 3, 6, 7, 8, 11, 14);63;58
(2, 3, 6, 7, 8, 12, 14);20;14
(2, 3, 6, 7, 8, 13, 14);20;14
(2, 3, 6, 7, 9, 10, 14);29;15
(2, 3, 6, 7, 9, 11, 14);17;30
(2, 3, 6, 7, 9, 12, 14);5;41
(2, 3, 6, 7, 9, 13, 14);16;14
(2, 3, 6, 7, 10, 11, 14);17;14
(2, 3, 6, 7, 10, 12, 14);26;14
(2, 3, 6, 7, 10, 13, 14);114;14
(2, 3, 6, 7, 11, 12, 14);26;14
(2, 3, 6, 7, 11, 13, 14);25;82
(2, 3, 6, 7, 12, 13, 14);20;20
(2, 3, 6, 8, 9, 10, 14);28;14
(2, 3, 6, 8, 9, 11, 14);17;14
(2, 3, 6, 8, 9, 12, 14);5;41
(2, 3, 6, 8, 9, 13, 14);27;32
(2, 3, 6, 8, 10, 11, 14);17;15
(2, 3, 6, 8, 10, 12, 14);20;14
(2, 3, 6, 8, 10, 13, 14);16;14
(2, 3, 6, 8, 11, 12, 14);90;50
(2, 3, 6, 8, 11, 13, 14);42;47
(2, 3, 6, 8, 12, 13, 14);20;14
(2, 3, 6, 9, 10, 11, 14);37;50
(2, 3, 6, 9, 10, 12, 14);36;14
(2, 3, 6, 9, 10, 13, 14);4;36
(2, 3, 6, 9, 11, 12, 14);76;38
(2, 3, 6, 9, 11, 13, 14);4;49
(2, 3, 6, 9, 12, 13, 14);5;46
(2, 3, 6, 10, 11, 12, 14);26;14
(2, 3, 6, 10, 11, 13, 14);8;57
(2, 3, 6, 10, 12, 13, 14);40;14
(2, 3, 6, 11, 12, 13, 14);25;34
(2, 3, 7, 8, 9, 10, 14);17;14
(2, 3, 7, 8, 9, 11, 14);60;59
(2, 3, 7, 8, 9, 12, 14);21;14
(2, 3, 7, 8, 9, 13, 14);16;14
(2, 3, 7, 8, 10, 11, 14);39;61
(2, 3, 7, 8, 10, 12, 14);21;15
(2, 3, 7, 8, 10, 13, 14);37;52
(2, 3, 7, 8, 11, 12, 14);48;53
(2, 3, 7, 8, 11, 13, 14);47;65
(2, 3, 7, 8, 12, 13, 14);26;14
(2, 3, 7, 9, 10, 11, 14);17;27
(2, 3, 7, 9, 10, 12, 14);21;15
(2, 3, 7, 9, 10, 13, 14);16;53
(2, 3, 7, 9, 11, 12, 14);21;16
(2, 3, 7, 9, 11, 13, 14);21;16
(2, 3, 7, 9, 12, 13, 14);21;14
(2, 3, 7, 10, 11, 12, 14);21;14
(2, 3, 7, 10, 11, 13, 14);21;14
(2, 3, 7, 10, 12, 13, 14);21;15
(2, 3, 7, 11, 12, 13, 14);25;14
(2, 3, 8, 9, 10, 11, 14);17;90
(2, 3, 8, 9, 10, 12, 14);21;15
(2, 3, 8, 9, 10, 13, 14);23;14
(2, 3, 8, 9, 11, 12, 14);21;16
(2, 3, 8, 9, 11, 13, 14);21;35
(2, 3, 8, 9, 12, 13, 14);21;14
(2, 3, 8, 10, 11, 12, 14);21;14
(2, 3, 8, 10, 11, 13, 14);21;37
(2, 3, 8, 10, 12, 13, 14);21;15
(2, 3, 8, 11, 12, 13, 14);25;14
(2, 3, 9, 10, 11, 12, 14);21;16
(2, 3, 9, 10, 11, 13, 14);21;26
(2, 3, 9, 10, 12, 13, 14);21;15
(2, 3, 9, 11, 12, 13, 14);21;16
(2, 3, 10, 11, 12, 13, 14);21;14
(2, 4, 5, 6, 7, 8, 14);10;14
(2, 4, 5, 6, 7, 9, 14);11;14
(2, 4, 5, 6, 7, 10, 14);20;14
(2, 4, 5, 6, 7, 11, 14);9;14
(2, 4, 5, 6, 7, 12, 14);9;14
(2, 4, 5, 6, 7, 13, 14);9;14
(2, 4, 5, 6, 8, 9, 14);11;14
(2, 4, 5, 6, 8, 10, 14);12;14
(2, 4, 5, 6, 8, 11, 14);10;14
(2, 4, 5, 6, 8, 12, 14);10;14
(2, 4, 5, 6, 8, 13, 14);10;14
(2, 4, 5, 6, 9, 10, 14);34;14
(2, 4, 5, 6, 9, 11, 14);23;14
(2, 4, 5, 6, 9, 12, 14);18;14
(2, 4, 5, 6, 9, 13, 14);18;14
(2, 4, 5, 6, 10, 11, 14);8;14
(2, 4, 5, 6, 10, 12, 14);8;14
(2, 4, 5, 6, 10, 13, 14);8;14
(2, 4, 5, 6, 11, 12, 14);8;14
(2, 4, 5, 6, 11, 13, 14);8;14
(2, 4, 5, 6, 12, 13, 14);8;14
(2, 4, 5, 7, 8, 9, 14);11;14
(2, 4, 5, 7, 8, 10, 14);12;14
(2, 4, 5, 7, 8, 11, 14);3;14
(2, 4, 5, 7, 8, 12, 14);10;14
(2, 4, 5, 7, 8, 13, 14);10;14
(2, 4, 5, 7, 9, 10, 14);12;14
(2, 4, 5, 7, 9, 11, 14);16;15
(2, 4, 5, 7, 9, 12, 14);27;21
(2, 4, 5, 7, 9, 13, 14);11;14
(2, 4, 5, 7, 10, 11, 14);34;14
(2, 4, 5, 7, 10, 12, 14);17;14
(2, 4, 5, 7, 10, 13, 14);3;20
(2, 4, 5, 7, 11, 12, 14);9;14
(2, 4, 5, 7, 11, 13, 14);9;14
(2, 4, 5, 7, 12, 13, 14);9;14
(2, 4, 5, 8, 9, 10, 14);19;14
(2, 4, 5, 8, 9, 11, 14);19;14
(2, 4, 5, 8, 9, 12, 14);17;14
(2, 4, 5, 8, 9, 13, 14);17;14
(2, 4, 5, 8, 10, 11, 14);3;15
(2, 4, 5, 8, 10, 12, 14);22;14
(2, 4, 5, 8, 10, 13, 14);3;18
(2, 4, 5, 8, 11, 12, 14);16;14
(2, 4, 5, 8, 11, 13, 14);16;14
(2, 4, 5, 8, 12, 13, 14);26;14
(2, 4, 5, 9, 10, 11, 14);38;20
(2, 4, 5, 9, 10, 12, 14);23;14
(2, 4, 5, 9, 10, 13, 14);18;21
(2, 4, 5, 9, 11, 12, 14);23;14
(2, 4, 5, 9, 11, 13, 14);23;14
(2, 4, 5, 9, 12, 13, 14);17;31
(2, 4, 5, 10, 11, 12, 14);8;20
(2, 4, 5, 10, 11, 13, 14);8;20
(2, 4, 5, 10, 12, 13, 14);8;20
(2, 4, 5, 11, 12, 13, 14);16;14
(2, 4, 6, 7, 8, 9, 14);11;14
(2, 4, 6, 7, 8, 10, 14);12;14
(2, 4, 6, 7, 8, 11, 14);22;14
(2, 4, 6, 7, 8, 12, 14);10;14
(2, 4, 6, 7, 8, 13, 14);10;14
(2, 4, 6, 7, 9, 10, 14);12;14
(2, 4, 6, 7, 9, 11, 14);13;15
(2, 4, 6, 7, 9, 12, 14);8;15
(2, 4, 6, 7, 9, 13, 14);11;14
(2, 4, 6, 7, 10, 11, 14);17;14
(2, 4, 6, 7, 10, 12, 14);17;14
(2, 4, 6, 7, 10, 13, 14);28;14
(2, 4, 6, 7, 11, 12, 14);9;14
(2, 4, 6, 7, 11, 13, 14);9;14
(2, 4, 6, 7, 12, 13, 14);9;14
(2, 4, 6, 8, 9, 10, 14);12;14
(2, 4, 6, 8, 9, 11, 14);10;15
(2, 4, 6, 8, 9, 12, 14);5;15
(2, 4, 6, 8, 9, 13, 14);11;14
(2, 4, 6, 8, 10, 11, 14);12;15
(2, 4, 6, 8, 10, 12, 14);16;14
(2, 4, 6, 8, 10, 13, 14);12;16
(2, 4, 6, 8, 11, 12, 14);10;16
(2, 4, 6, 8, 11, 13, 14);5;31
(2, 4, 6, 8, 12, 13, 14);10;14
(2, 4, 6, 9, 10, 11, 14);28;14
(2, 4, 6, 9, 10, 12, 14);8;18
(2, 4, 6, 9, 10, 13, 14);42;14
(2, 4, 6, 9, 11, 12, 14);13;20
(2, 4, 6, 9, 11, 13, 14);23;14
(2, 4, 6, 9, 12, 13, 14);26;14
(2, 4, 6, 10, 11, 12, 14);8;14
(2, 4, 6, 10, 11, 13, 14);8;14
(2, 4, 6, 10, 12, 13, 14);8;14
(2, 4, 6, 11, 12, 13, 14);8;14
(2, 4, 7, 8, 9, 10, 14);17;14
(2, 4, 7, 8, 9, 11, 14);16;18
(2, 4, 7, 8, 9, 12, 14);16;14
(2, 4, 7, 8, 9, 13, 14);11;14
(2, 4, 7, 8, 10, 11, 14);18;14
(2, 4, 7, 8, 10, 12, 14);22;14
(2, 4, 7, 8, 10, 13, 14);17;14
(2, 4, 7, 8, 11, 12, 14);19;18
(2, 4, 7, 8, 11, 13, 14);3;39
(2, 4, 7, 8, 12, 13, 14);16;14
(2, 4, 7, 9, 10, 11, 14);18;14
(2, 4, 7, 9, 10, 12, 14);22;14
(2, 4, 7, 9, 10, 13, 14);17;14
(2, 4, 7, 9, 11, 12, 14);16;14
(2, 4, 7, 9, 11, 13, 14);37;14
(2, 4, 7, 9, 12, 13, 14);16;14
(2, 4, 7, 10, 11, 12, 14);22;44
(2, 4, 7, 10, 11, 13, 14);3;20
(2, 4, 7, 10, 12, 13, 14);17;67
(2, 4, 7, 11, 12, 13, 14);24;14
(2, 4, 8, 9, 10, 11, 14);25;14
(2, 4, 8, 9, 10, 12, 14);22;14
(2, 4, 8, 9, 10, 13, 14);23;14
(2, 4, 8, 9, 11, 12, 14);22;14
(2, 4, 8, 9, 11, 13, 14);22;14
(2, 4, 8, 9, 12, 13, 14);16;17
(2, 4, 8, 10, 11, 12, 14);22;14
(2, 4, 8, 10, 11, 13, 14);22;14
(2, 4, 8, 10, 12, 13, 14);22;14
(2, 4, 8, 11, 12, 13, 14);16;14
(2, 4, 9, 10, 11, 12, 14);22;14
(2, 4, 9, 10, 11, 13, 14);22;14
(2, 4, 9, 10, 12, 13, 14);22;14
(2, 4, 9, 11, 12, 13, 14);22;14
(2, 4, 10, 11, 12, 13, 14);22;14
(2, 5, 6, 7, 8, 9, 14);16;14
(2, 5, 6, 7, 8, 10, 14);28;14
(2, 5, 6, 7, 8, 11, 14);38;44
(2, 5, 6, 7, 8, 12, 14);39;39
(2, 5, 6, 7, 8, 13, 14);92;64
(2, 5, 6, 7, 9, 10, 14);4;20
(2, 5, 6, 7, 9, 11, 14);16;14
(2, 5, 6, 7, 9, 12, 14);36;14
(2, 5, 6, 7, 9, 13, 14);4;24
(2, 5, 6, 7, 10, 11, 14);4;35
(2, 5, 6, 7, 10, 12, 14);36;14
(2, 5, 6, 7, 10, 13, 14);4;24
(2, 5, 6, 7, 11, 12, 14);9;44
(2, 5, 6, 7, 11, 13, 14);36;35
(2, 5, 6, 7, 12, 13, 14);19;14
(2, 5, 6, 8, 9, 10, 14);16;14
(2, 5, 6, 8, 9, 11, 14);16;14
(2, 5, 6, 8, 9, 12, 14);116;155
(2, 5, 6, 8, 9, 13, 14);22;51
(2, 5, 6, 8, 10, 11, 14);16;14
(2, 5, 6, 8, 10, 12, 14);20;14
(2, 5, 6, 8, 10, 13, 14);19;14
(2, 5, 6, 8, 11, 12, 14);20;14
(2, 5, 6, 8, 11, 13, 14);19;14
(2, 5, 6, 8, 12, 13, 14);10;40
(2, 5, 6, 9, 10, 11, 14);55;14
(2, 5, 6, 9, 10, 12, 14);26;14
(2, 5, 6, 9, 10, 13, 14);19;14
(2, 5, 6, 9, 11, 12, 14);20;19
(2, 5, 6, 9, 11, 13, 14);39;14
(2, 5, 6, 9, 12, 13, 14);26;14
(2, 5, 6, 10, 11, 12, 14);40;14
(2, 5, 6, 10, 11, 13, 14);8;44
(2, 5, 6, 10, 12, 13, 14);26;14
(2, 5, 6, 11, 12, 13, 14);23;14
(2, 5, 7, 8, 9, 10, 14);16;14
(2, 5, 7, 8, 9, 11, 14);16;14
(2, 5, 7, 8, 9, 12, 14);36;14
(2, 5, 7, 8, 9, 13, 14);16;85
(2, 5, 7, 8, 10, 11, 14);16;15
(2, 5, 7, 8, 10, 12, 14);36;14
(2, 5, 7, 8, 10, 13, 14);92;37
(2, 5, 7, 8, 11, 12, 14);19;14
(2, 5, 7, 8, 11, 13, 14);35;14
(2, 5, 7, 8, 12, 13, 14);10;46
(2, 5, 7, 9, 10, 11, 14);16;14
(2, 5, 7, 9, 10, 12, 14);36;14
(2, 5, 7, 9, 10, 13, 14);4;24
(2, 5, 7, 9, 11, 12, 14);36;14
(2, 5, 7, 9, 11, 13, 14);70;18
(2, 5, 7, 9, 12, 13, 14);19;14
(2, 5, 7, 10, 11, 12, 14);36;14
(2, 5, 7, 10, 11, 13, 14);36;35
(2, 5, 7, 10, 12, 13, 14);19;14
(2, 5, 7, 11, 12, 13, 14);9;60
(2, 5, 8, 9, 10, 11, 14);19;14
(2, 5, 8, 9, 10, 12, 14);20;16
(2, 5, 8, 9, 10, 13, 14);19;21
(2, 5, 8, 9, 11, 12, 14);23;14
(2, 5, 8, 9, 11, 13, 14);22;14
(2, 5, 8, 9, 12, 13, 14);48;57
(2, 5, 8, 10, 11, 12, 14);20;16
(2, 5, 8, 10, 11, 13, 14);38;14
(2, 5, 8, 10, 12, 13, 14);22;14
(2, 5, 8, 11, 12, 13, 14);25;14
(2, 5, 9, 10, 11, 12, 14);23;20
(2, 5, 9, 10, 11, 13, 14);23;14
(2, 5, 9, 10, 12, 13, 14);23;14
(2, 5, 9, 11, 12, 13, 14);23;20
(2, 5, 10, 11, 12, 13, 14);23;75
(2, 6, 7, 8, 9, 10, 14);16;14
(2, 6, 7, 8, 9, 11, 14);16;17
(2, 6, 7, 8, 9, 12, 14);20;14
(2, 6, 7, 8, 9, 13, 14);47;26
(2, 6, 7, 8, 10, 11, 14);16;14
(2, 6, 7, 8, 10, 12, 14);20;14
(2, 6, 7, 8, 10, 13, 14);36;14
(2, 6, 7, 8, 11, 12, 14);20;14
(2, 6, 7, 8, 11, 13, 14);20;14
(2, 6, 7, 8, 12, 13, 14);20;14
(2, 6, 7, 9, 10, 11, 14);53;27
(2, 6, 7, 9, 10, 12, 14);20;14
(2, 6, 7, 9, 10, 13, 14);4;44
(2, 6, 7, 9, 11, 12, 14);20;14
(2, 6, 7, 9, 11, 13, 14);20;14
(2, 6, 7, 9, 12, 13, 14);20;14
(2, 6, 7, 10, 11, 12, 14);21;21
(2, 6, 7, 10, 11, 13, 14);44;14
(2, 6, 7, 10, 12, 13, 14);44;14
(2, 6, 7, 11, 12, 13, 14);24;14
(2, 6, 8, 9, 10, 11, 14);36;14
(2, 6, 8, 9, 10, 12, 14);20;14
(2, 6, 8, 9, 10, 13, 14);16;14
(2, 6, 8, 9, 11, 12, 14);20;14
(2, 6, 8, 9, 11, 13, 14);20;14
(2, 6, 8, 9, 12, 13, 14);20;14
(2, 6, 8, 10, 11, 12, 14);20;14
(2, 6, 8, 10, 11, 13, 14);20;14
(2, 6, 8, 10, 12, 13, 14);20;14
(2, 6, 8, 11, 12, 13, 14);20;14
(2, 6, 9, 10, 11, 12, 14);44;14
(2, 6, 9, 10, 11, 13, 14);43;14
(2, 6, 9, 10, 12, 13, 14);23;22
(2, 6, 9, 11, 12, 13, 14);23;14
(2, 6, 10, 11, 12, 13, 14);24;14
(2, 7, 8, 9, 10, 11, 14);16;19
(2, 7, 8, 9, 10, 12, 14);20;14
(2, 7, 8, 9, 10, 13, 14);16;20
(2, 7, 8, 9, 11, 12, 14);20;14
(2, 7, 8, 9, 11, 13, 14);20;14
(2, 7, 8, 9, 12, 13, 14);20;14
(2, 7, 8, 10, 11, 12, 14);20;14
(2, 7, 8, 10, 11, 13, 14);20;14
(2, 7, 8, 10, 12, 13, 14);20;14
(2, 7, 8, 11, 12, 13, 14);25;14
(2, 7, 9, 10, 11, 12, 14);20;14
(2, 7, 9, 10, 11, 13, 14);20;14
(2, 7, 9, 10, 12, 13, 14);20;14
(2, 7, 9, 11, 12, 13, 14);20;14
(2, 7, 10, 11, 12, 13, 14);24;14
(2, 8, 9, 10, 11, 12, 14);20;14
(2, 8, 9, 10, 11, 13, 14);20;14
(2, 8, 9, 10, 12, 13, 14);20;14
(2, 8, 9, 11, 12, 13, 14);20;14
(2, 8, 10, 11, 12, 13, 14);20;14
(2, 9, 10, 11, 12, 13, 14);23;14
(3, 4, 5, 6, 7, 8, 14);11;14
(3, 4, 5, 6, 7, 9, 14);23;14
(3, 4, 5, 6, 7, 10, 14);17;30
(3, 4, 5, 6, 7, 11, 14);18;14
(3, 4, 5, 6, 7, 12, 14);19;14
(3, 4, 5, 6, 7, 13, 14);10;14
(3, 4, 5, 6, 8, 9, 14);23;14
(3, 4, 5, 6, 8, 10, 14);9;19
(3, 4, 5, 6, 8, 11, 14);17;14
(3, 4, 5, 6, 8, 12, 14);9;16
(3, 4, 5, 6, 8, 13, 14);21;14
(3, 4, 5, 6, 9, 10, 14);23;19
(3, 4, 5, 6, 9, 11, 14);17;14
(3, 4, 5, 6, 9, 12, 14);17;14
(3, 4, 5, 6, 9, 13, 14);10;35
(3, 4, 5, 6, 10, 11, 14);8;17
(3, 4, 5, 6, 10, 12, 14);8;17
(3, 4, 5, 6, 10, 13, 14);8;17
(3, 4, 5, 6, 11, 12, 14);17;14
(3, 4, 5, 6, 11, 13, 14);17;14
(3, 4, 5, 6, 12, 13, 14);9;14
(3, 4, 5, 7, 8, 9, 14);23;14
(3, 4, 5, 7, 8, 10, 14);12;22
(3, 4, 5, 7, 8, 11, 14);17;14
(3, 4, 5, 7, 8, 12, 14);26;77
(3, 4, 5, 7, 8, 13, 14);21;14
(3, 4, 5, 7, 9, 10, 14);51;31
(3, 4, 5, 7, 9, 11, 14);17;14
(3, 4, 5, 7, 9, 12, 14);17;14
(3, 4, 5, 7, 9, 13, 14);18;23
(3, 4, 5, 7, 10, 11, 14);17;14
(3, 4, 5, 7, 10, 12, 14);17;14
(3, 4, 5, 7, 10, 13, 14);17;14
(3, 4, 5, 7, 11, 12, 14);54;14
(3, 4, 5, 7, 11, 13, 14);18;14
(3, 4, 5, 7, 12, 13, 14);38;14
(3, 4, 5, 8, 9, 10, 14);19;22
(3, 4, 5, 8, 9, 11, 14);17;14
(3, 4, 5, 8, 9, 12, 14);17;14
(3, 4, 5, 8, 9, 13, 14);46;17
(3, 4, 5, 8, 10, 11, 14);17;14
(3, 4, 5, 8, 10, 12, 14);17;14
(3, 4, 5, 8, 10, 13, 14);17;14
(3, 4, 5, 8, 11, 12, 14);17;14
(3, 4, 5, 8, 11, 13, 14);17;14
(3, 4, 5, 8, 12, 13, 14);43;56
(3, 4, 5, 9, 10, 11, 14);63;38
(3, 4, 5, 9, 10, 12, 14);34;138
(3, 4, 5, 9, 10, 13, 14);61;61
(3, 4, 5, 9, 11, 12, 14);41;16
(3, 4, 5, 9, 11, 13, 14);18;26
(3, 4, 5, 9, 12, 13, 14);59;84
(3, 4, 5, 10, 11, 12, 14);24;14
(3, 4, 5, 10, 11, 13, 14);24;14
(3, 4, 5, 10, 12, 13, 14);24;14
(3, 4, 5, 11, 12, 13, 14);25;14
(3, 4, 6, 7, 8, 9, 14);23;14
(3, 4, 6, 7, 8, 10, 14);29;14
(3, 4, 6, 7, 8, 11, 14);17;14
(3, 4, 6, 7, 8, 12, 14);20;14
(3, 4, 6, 7, 8, 13, 14);21;14
(3, 4, 6, 7, 9, 10, 14);13;24
(3, 4, 6, 7, 9, 11, 14);17;14
(3, 4, 6, 7, 9, 12, 14);17;14
(3, 4, 6, 7, 9, 13, 14);5;20
(3, 4, 6, 7, 10, 11, 14);17;14
(3, 4, 6, 7, 10, 12, 14);17;14
(3, 4, 6, 7, 10, 13, 14);17;14
(3, 4, 6, 7, 11, 12, 14);18;14
(3, 4, 6, 7, 11, 13, 14);18;14
(3, 4, 6, 7, 12, 13, 14);19;14
(3, 4, 6, 8, 9, 10, 14);36;14
(3, 4, 6, 8, 9, 11, 14);17;14
(3, 4, 6, 8, 9, 12, 14);17;14
(3, 4, 6, 8, 9, 13, 14);17;17
(3, 4, 6, 8, 10, 11, 14);17;14
(3, 4, 6, 8, 10, 12, 14);17;14
(3, 4, 6, 8, 10, 13, 14);17;14
(3, 4, 6, 8, 11, 12, 14);17;14
(3, 4, 6, 8, 11, 13, 14);17;14
(3, 4, 6, 8, 12, 13, 14);9;16
(3, 4, 6, 9, 10, 11, 14);17;14
(3, 4, 6, 9, 10, 12, 14);17;14
(3, 4, 6, 9, 10, 13, 14);17;14
(3, 4, 6, 9, 11, 12, 14);17;14
(3, 4, 6, 9, 11, 13, 14);17;14
(3, 4, 6, 9, 12, 13, 14);17;14
(3, 4, 6, 10, 11, 12, 14);8;17
(3, 4, 6, 10, 11, 13, 14);8;17
(3, 4, 6, 10, 12, 13, 14);8;17
(3, 4, 6, 11, 12, 13, 14);17;14
(3, 4, 7, 8, 9, 10, 14);17;14
(3, 4, 7, 8, 9, 11, 14);17;14
(3, 4, 7, 8, 9, 12, 14);17;14
(3, 4, 7, 8, 9, 13, 14);11;23
(3, 4, 7, 8, 10, 11, 14);17;14
(3, 4, 7, 8, 10, 12, 14);17;14
(3, 4, 7, 8, 10, 13, 14);17;14
(3, 4, 7, 8, 11, 12, 14);17;14
(3, 4, 7, 8, 11, 13, 14);17;14
(3, 4, 7, 8, 12, 13, 14);16;22
(3, 4, 7, 9, 10, 11, 14);17;14
(3, 4, 7, 9, 10, 12, 14);17;14
(3, 4, 7, 9, 10, 13, 14);17;14
(3, 4, 7, 9, 11, 12, 14);17;14
(3, 4, 7, 9, 11, 13, 14);17;14
(3, 4, 7, 9, 12, 13, 14);17;14
(3, 4, 7, 10, 11, 12, 14);17;14
(3, 4, 7, 10, 11, 13, 14);17;14
(3, 4, 7, 10, 12, 13, 14);17;14
(3, 4, 7, 11, 12, 13, 14);54;30
(3, 4, 8, 9, 10, 11, 14);25;28
(3, 4, 8, 9, 10, 12, 14);93;95
(3, 4, 8, 9, 10, 13, 14);23;44
(3, 4, 8, 9, 11, 12, 14);39;19
(3, 4, 8, 9, 11, 13, 14);17;16
(3, 4, 8, 9, 12, 13, 14);56;26
(3, 4, 8, 10, 11, 12, 14);22;25
(3, 4, 8, 10, 11, 13, 14);24;14
(3, 4, 8, 10, 12, 13, 14);40;70
(3, 4, 8, 11, 12, 13, 14);39;29
(3, 4, 9, 10, 11, 12, 14);23;69
(3, 4, 9, 10, 11, 13, 14);23;14
(3, 4, 9, 10, 12, 13, 14);23;14
(3, 4, 9, 11, 12, 13, 14);23;14
(3, 4, 10, 11, 12, 13, 14);24;14
(3, 5, 6, 7, 8, 9, 14);23;14
(3, 5, 6, 7, 8, 10, 14);13;25
(3, 5, 6, 7, 8, 11, 14);17;14
(3, 5, 6, 7, 8, 12, 14);20;14
(3, 5, 6, 7, 8, 13, 14);21;14
(3, 5, 6, 7, 9, 10, 14);4;19
(3, 5, 6, 7, 9, 11, 14);17;14
(3, 5, 6, 7, 9, 12, 14);17;14
(3, 5, 6, 7, 9, 13, 14);20;20
(3, 5, 6, 7, 10, 11, 14);17;14
(3, 5, 6, 7, 10, 12, 14);17;14
(3, 5, 6, 7, 10, 13, 14);17;14
(3, 5, 6, 7, 11, 12, 14);18;14
(3, 5, 6, 7, 11, 13, 14);18;14
(3, 5, 6, 7, 12, 13, 14);19;14
(3, 5, 6, 8, 9, 10, 14);11;22
(3, 5, 6, 8, 9, 11, 14);17;14
(3, 5, 6, 8, 9, 12, 14);17;14
(3, 5, 6, 8, 9, 13, 14);11;21
(3, 5, 6, 8, 10, 11, 14);17;14
(3, 5, 6, 8, 10, 12, 14);17;14
(3, 5, 6, 8, 10, 13, 14);17;14
(3, 5, 6, 8, 11, 12, 14);17;14
(3, 5, 6, 8, 11, 13, 14);17;14
(3, 5, 6, 8, 12, 13, 14);76;28
(3, 5, 6, 9, 10, 11, 14);17;14
(3, 5, 6, 9, 10, 12, 14);17;14
(3, 5, 6, 9, 10, 13, 14);17;14
(3, 5, 6, 9, 11, 12, 14);17;14
(3, 5, 6, 9, 11, 13, 14);17;14
(3, 5, 6, 9, 12, 13, 14);17;14
(3, 5, 6, 10, 11, 12, 14);8;17
(3, 5, 6, 10, 11, 13, 14);8;17
(3, 5, 6, 10, 12, 13, 14);8;17
(3, 5, 6, 11, 12, 13, 14);17;14
(3, 5, 7, 8, 9, 10, 14);17;19
(3, 5, 7, 8, 9, 11, 14);17;14
(3, 5, 7, 8, 9, 12, 14);17;14
(3, 5, 7, 8, 9, 13, 14);22;21
(3, 5, 7, 8, 10, 11, 14);17;14
(3, 5, 7, 8, 10, 12, 14);17;14
(3, 5, 7, 8, 10, 13, 14);17;14
(3, 5, 7, 8, 11, 12, 14);17;14
(3, 5, 7, 8, 11, 13, 14);17;14
(3, 5, 7, 8, 12, 13, 14);72;71
(3, 5, 7, 9, 10, 11, 14);17;14
(3, 5, 7, 9, 10, 12, 14);17;14
(3, 5, 7, 9, 10, 13, 14);17;14
(3, 5, 7, 9, 11, 12, 14);17;14
(3, 5, 7, 9, 11, 13, 14);17;14
(3, 5, 7, 9, 12, 13, 14);17;14
(3, 5, 7, 10, 11, 12, 14);17;14
(3, 5, 7, 10, 11, 13, 14);17;14
(3, 5, 7, 10, 12, 13, 14);17;14
(3, 5, 7, 11, 12, 13, 14);72;14
(3, 5, 8, 9, 10, 11, 14);17;14
(3, 5, 8, 9, 10, 12, 14);17;14
(3, 5, 8, 9, 10, 13, 14);17;14
(3, 5, 8, 9, 11, 12, 14);17;14
(3, 5, 8, 9, 11, 13, 14);17;14
(3, 5, 8, 9, 12, 13, 14);17;14
(3, 5, 8, 10, 11, 12, 14);17;14
(3, 5, 8, 10, 11, 13, 14);17;14
(3, 5, 8, 10, 12, 13, 14);17;14
(3, 5, 8, 11, 12, 13, 14);17;14
(3, 5, 9, 10, 11, 12, 14);21;23
(3, 5, 9, 10, 11, 13, 14);24;26
(3, 5, 9, 10, 12, 13, 14);42;92
(3, 5, 9, 11, 12, 13, 14);41;16
(3, 5, 10, 11, 12, 13, 14);24;14
(3, 6, 7, 8, 9, 10, 14);45;14
(3, 6, 7, 8, 9, 11, 14);17;14
(3, 6, 7, 8, 9, 12, 14);17;14
(3, 6, 7, 8, 9, 13, 14);5;20
(3, 6, 7, 8, 10, 11, 14);17;14
(3, 6, 7, 8, 10, 12, 14);17;14
(3, 6, 7, 8, 10, 13, 14);17;14
(3, 6, 7, 8, 11, 12, 14);17;14
(3, 6, 7, 8, 11, 13, 14);17;14
(3, 6, 7, 8, 12, 13, 14);20;14
(3, 6, 7, 9, 10, 11, 14);17;14
(3, 6, 7, 9, 10, 12, 14);17;14
(3, 6, 7, 9, 10, 13, 14);17;14
(3, 6, 7, 9, 11, 12, 14);17;14
(3, 6, 7, 9, 11, 13, 14);17;14
(3, 6, 7, 9, 12, 13, 14);17;14
(3, 6, 7, 10, 11, 12, 14);17;14
(3, 6, 7, 10, 11, 13, 14);17;14
(3, 6, 7, 10, 12, 13, 14);17;14
(3, 6, 7, 11, 12, 13, 14);18;14
(3, 6, 8, 9, 10, 11, 14);17;14
(3, 6, 8, 9, 10, 12, 14);17;14
(3, 6, 8, 9, 10, 13, 14);17;14
(3, 6, 8, 9, 11, 12, 14);17;14
(3, 6, 8, 9, 11, 13, 14);17;14
(3, 6, 8, 9, 12, 13, 14);17;14
(3, 6, 8, 10, 11, 12, 14);17;14
(3, 6, 8, 10, 11, 13, 14);17;14
(3, 6, 8, 10, 12, 13, 14);17;14
(3, 6, 8, 11, 12, 13, 14);17;14
(3, 6, 9, 10, 11, 12, 14);17;14
(3, 6, 9, 10, 11, 13, 14);17;14
(3, 6, 9, 10, 12, 13, 14);17;14
(3, 6, 9, 11, 12, 13, 14);17;14
(3, 6, 10, 11, 12, 13, 14);8;17
(3, 7, 8, 9, 10, 11, 14);57;14
(3, 7, 8, 9, 10, 12, 14);17;15
(3, 7, 8, 9, 10, 13, 14);55;14
(3, 7, 8, 9, 11, 12, 14);19;40
(3, 7, 8, 9, 11, 13, 14);22;14
(3, 7, 8, 9, 12, 13, 14);21;14
(3, 7, 8, 10, 11, 12, 14);19;47
(3, 7, 8, 10, 11, 13, 14);39;21
(3, 7, 8, 10, 12, 13, 14);38;15
(3, 7, 8, 11, 12, 13, 14);21;95
(3, 7, 9, 10, 11, 12, 14);21;18
(3, 7, 9, 10, 11, 13, 14);39;21
(3, 7, 9, 10, 12, 13, 14);38;15
(3, 7, 9, 11, 12, 13, 14);21;14
(3, 7, 10, 11, 12, 13, 14);21;14
(3, 8, 9, 10, 11, 12, 14);22;14
(3, 8, 9, 10, 11, 13, 14);22;14
(3, 8, 9, 10, 12, 13, 14);22;14
(3, 8, 9, 11, 12, 13, 14);22;21
(3, 8, 10, 11, 12, 13, 14);22;14
(3, 9, 10, 11, 12, 13, 14);23;14
(4, 5, 6, 7, 8, 9, 14);23;14
(4, 5, 6, 7, 8, 10, 14);18;14
(4, 5, 6, 7, 8, 11, 14);18;14
(4, 5, 6, 7, 8, 12, 14);18;14
(4, 5, 6, 7, 8, 13, 14);21;14
(4, 5, 6, 7, 9, 10, 14);18;14
(4, 5, 6, 7, 9, 11, 14);18;14
(4, 5, 6, 7, 9, 12, 14);18;14
(4, 5, 6, 7, 9, 13, 14);18;14
(4, 5, 6, 7, 10, 11, 14);18;14
(4, 5, 6, 7, 10, 12, 14);18;14
(4, 5, 6, 7, 10, 13, 14);18;14
(4, 5, 6, 7, 11, 12, 14);18;14
(4, 5, 6, 7, 11, 13, 14);18;14
(4, 5, 6, 7, 12, 13, 14);19;14
(4, 5, 6, 8, 9, 10, 14);18;14
(4, 5, 6, 8, 9, 11, 14);18;14
(4, 5, 6, 8, 9, 12, 14);18;14
(4, 5, 6, 8, 9, 13, 14);18;14
(4, 5, 6, 8, 10, 11, 14);18;14
(4, 5, 6, 8, 10, 12, 14);18;14
(4, 5, 6, 8, 10, 13, 14);18;14
(4, 5, 6, 8, 11, 12, 14);18;14
(4, 5, 6, 8, 11, 13, 14);18;14
(4, 5, 6, 8, 12, 13, 14);18;14
(4, 5, 6, 9, 10, 11, 14);18;14
(4, 5, 6, 9, 10, 12, 14);18;14
(4, 5, 6, 9, 10, 13, 14);18;14
(4, 5, 6, 9, 11, 12, 14);18;14
(4, 5, 6, 9, 11, 13, 14);18;14
(4, 5, 6, 9, 12, 13, 14);18;14
(4, 5, 6, 10, 11, 12, 14);18;14
(4, 5, 6, 10, 11, 13, 14);18;14
(4, 5, 6, 10, 12, 13, 14);18;14
(4, 5, 6, 11, 12, 13, 14);17;44
(4, 5, 7, 8, 9, 10, 14);18;14
(4, 5, 7, 8, 9, 11, 14);18;14
(4, 5, 7, 8, 9, 12, 14);18;14
(4, 5, 7, 8, 9, 13, 14);18;14
(4, 5, 7, 8, 10, 11, 14);18;14
(4, 5, 7, 8, 10, 12, 14);18;14
(4, 5, 7, 8, 10, 13, 14);18;14
(4, 5, 7, 8, 11, 12, 14);18;14
(4, 5, 7, 8, 11, 13, 14);18;14
(4, 5, 7, 8, 12, 13, 14);18;14
(4, 5, 7, 9, 10, 11, 14);18;14
(4, 5, 7, 9, 10, 12, 14);18;14
(4, 5, 7, 9, 10, 13, 14);18;14
(4, 5, 7, 9, 11, 12, 14);18;14
(4, 5, 7, 9, 11, 13, 14);18;14
(4, 5, 7, 9, 12, 13, 14);18;14
(4, 5, 7, 10, 11, 12, 14);18;14
(4, 5, 7, 10, 11, 13, 14);18;14
(4, 5, 7, 10, 12, 13, 14);18;14
(4, 5, 7, 11, 12, 13, 14);18;14
(4, 5, 8, 9, 10, 11, 14);18;14
(4, 5, 8, 9, 10, 12, 14);18;14
(4, 5, 8, 9, 10, 13, 14);18;14
(4, 5, 8, 9, 11, 12, 14);18;14
(4, 5, 8, 9, 11, 13, 14);18;14
(4, 5, 8, 9, 12, 13, 14);18;14
(4, 5, 8, 10, 11, 12, 14);18;14
(4, 5, 8, 10, 11, 13, 14);18;14
(4, 5, 8, 10, 12, 13, 14);18;14
(4, 5, 8, 11, 12, 13, 14);18;14
(4, 5, 9, 10, 11, 12, 14);18;14
(4, 5, 9, 10, 11, 13, 14);18;14
(4, 5, 9, 10, 12, 13, 14);18;14
(4, 5, 9, 11, 12, 13, 14);18;14
(4, 5, 10, 11, 12, 13, 14);24;14
(4, 6, 7, 8, 9, 10, 14);18;14
(4, 6, 7, 8, 9, 11, 14);18;14
(4, 6, 7, 8, 9, 12, 14);18;14
(4, 6, 7, 8, 9, 13, 14);18;14
(4, 6, 7, 8, 10, 11, 14);18;14
(4, 6, 7, 8, 10, 12, 14);18;14
(4, 6, 7, 8, 10, 13, 14);18;14
(4, 6, 7, 8, 11, 12, 14);18;14
(4, 6, 7, 8, 11, 13, 14);18;14
(4, 6, 7, 8, 12, 13, 14);18;14
(4, 6, 7, 9, 10, 11, 14);18;14
(4, 6, 7, 9, 10, 12, 14);18;14
(4, 6, 7, 9, 10, 13, 14);18;14
(4, 6, 7, 9, 11, 12, 14);18;14
(4, 6, 7, 9, 11, 13, 14);18;14
(4, 6, 7, 9, 12, 13, 14);18;14
(4, 6, 7, 10, 11, 12, 14);18;14
(4, 6, 7, 10, 11, 13, 14);18;14
(4, 6, 7, 10, 12, 13, 14);18;14
(4, 6, 7, 11, 12, 13, 14);18;14
(4, 6, 8, 9, 10, 11, 14);18;14
(4, 6, 8, 9, 10, 12, 14);18;14
(4, 6, 8, 9, 10, 13, 14);18;14
(4, 6, 8, 9, 11, 12, 14);18;14
(4, 6, 8, 9, 11, 13, 14);18;14
(4, 6, 8, 9, 12, 13, 14);18;14
(4, 6, 8, 10, 11, 12, 14);18;14
(4, 6, 8, 10, 11, 13, 14);18;14
(4, 6, 8, 10, 12, 13, 14);18;14
(4, 6, 8, 11, 12, 13, 14);18;14
(4, 6, 9, 10, 11, 12, 14);18;14
(4, 6, 9, 10, 11, 13, 14);18;14
(4, 6, 9, 10, 12, 13, 14);18;14
(4, 6, 9, 11, 12, 13, 14);18;14
(4, 6, 10, 11, 12, 13, 14);18;14
(4, 7, 8, 9, 10, 11, 14);18;14
(4, 7, 8, 9, 10, 12, 14);18;14
(4, 7, 8, 9, 10, 13, 14);18;14
(4, 7, 8, 9, 11, 12, 14);18;14
(4, 7, 8, 9, 11, 13, 14);18;14
(4, 7, 8, 9, 12, 13, 14);18;14
(4, 7, 8, 10, 11, 12, 14);18;14
(4, 7, 8, 10, 11, 13, 14);18;14
(4, 7, 8, 10, 12, 13, 14);18;14
(4, 7, 8, 11, 12, 13, 14);18;14
(4, 7, 9, 10, 11, 12, 14);18;14
(4, 7, 9, 10, 11, 13, 14);18;14
(4, 7, 9, 10, 12, 13, 14);18;14
(4, 7, 9, 11, 12, 13, 14);18;14
(4, 7, 10, 11, 12, 13, 14);18;14
(4, 8, 9, 10, 11, 12, 14);18;14
(4, 8, 9, 10, 11, 13, 14);18;14
(4, 8, 9, 10, 12, 13, 14);18;14
(4, 8, 9, 11, 12, 13, 14);18;14
(4, 8, 10, 11, 12, 13, 14);18;14
(4, 9, 10, 11, 12, 13, 14);23;14
(5, 6, 7, 8, 9, 10, 14);19;14
(5, 6, 7, 8, 9, 11, 14);19;14
(5, 6, 7, 8, 9, 12, 14);19;14
(5, 6, 7, 8, 9, 13, 14);19;14
(5, 6, 7, 8, 10, 11, 14);19;14
(5, 6, 7, 8, 10, 12, 14);19;14
(5, 6, 7, 8, 10, 13, 14);19;14
(5, 6, 7, 8, 11, 12, 14);19;14
(5, 6, 7, 8, 11, 13, 14);19;14
(5, 6, 7, 8, 12, 13, 14);19;14
(5, 6, 7, 9, 10, 11, 14);19;14
(5, 6, 7, 9, 10, 12, 14);19;14
(5, 6, 7, 9, 10, 13, 14);19;14
(5, 6, 7, 9, 11, 12, 14);19;14
(5, 6, 7, 9, 11, 13, 14);19;14
(5, 6, 7, 9, 12, 13, 14);19;14
(5, 6, 7, 10, 11, 12, 14);19;14
(5, 6, 7, 10, 11, 13, 14);19;14
(5, 6, 7, 10, 12, 13, 14);19;14
(5, 6, 7, 11, 12, 13, 14);19;14
(5, 6, 8, 9, 10, 11, 14);19;14
(5, 6, 8, 9, 10, 12, 14);19;14
(5, 6, 8, 9, 10, 13, 14);19;14
(5, 6, 8, 9, 11, 12, 14);19;14
(5, 6, 8, 9, 11, 13, 14);19;14
(5, 6, 8, 9, 12, 13, 14);19;14
(5, 6, 8, 10, 11, 12, 14);19;14
(5, 6, 8, 10, 11, 13, 14);19;14
(5, 6, 8, 10, 12, 13, 14);19;14
(5, 6, 8, 11, 12, 13, 14);19;14
(5, 6, 9, 10, 11, 12, 14);19;14
(5, 6, 9, 10, 11, 13, 14);19;14
(5, 6, 9, 10, 12, 13, 14);19;14
(5, 6, 9, 11, 12, 13, 14);19;14
(5, 6, 10, 11, 12, 13, 14);19;14
(5, 7, 8, 9, 10, 11, 14);19;14
(5, 7, 8, 9, 10, 12, 14);19;14
(5, 7, 8, 9, 10, 13, 14);19;14
(5, 7, 8, 9, 11, 12, 14);19;14
(5, 7, 8, 9, 11, 13, 14);19;14
(5, 7, 8, 9, 12, 13, 14);19;14
(5, 7, 8, 10, 11, 12, 14);19;14
(5, 7, 8, 10, 11, 13, 14);19;14
(5, 7, 8, 10, 12, 13, 14);19;14
(5, 7, 8, 11, 12, 13, 14);19;14
(5, 7, 9, 10, 11, 12, 14);19;14
(5, 7, 9, 10, 11, 13, 14);19;14
(5, 7, 9, 10, 12, 13, 14);19;14
(5, 7, 9, 11, 12, 13, 14);19;14
(5, 7, 10, 11, 12, 13, 14);19;14
(5, 8, 9, 10, 11, 12, 14);19;14
(5, 8, 9, 10, 11, 13, 14);19;14
(5, 8, 9, 10, 12, 13, 14);19;14
(5, 8, 9, 11, 12, 13, 14);19;14
(5, 8, 10, 11, 12, 13, 14);19;14
(5, 9, 10, 11, 12, 13, 14);19;14
(6, 7, 8, 9, 10, 11, 14);20;14
(6, 7, 8, 9, 10, 12, 14);20;14
(6, 7, 8, 9, 10, 13, 14);20;14
(6, 7, 8, 9, 11, 12, 14);20;14
(6, 7, 8, 9, 11, 13, 14);20;14
(6, 7, 8, 9, 12, 13, 14);20;14
(6, 7, 8, 10, 11, 12, 14);20;14
(6, 7, 8, 10, 11, 13, 14);20;14
(6, 7, 8, 10, 12, 13, 14);20;14
(6, 7, 8, 11, 12, 13, 14);20;14
(6, 7, 9, 10, 11, 12, 14);20;14
(6, 7, 9, 10, 11, 13, 14);20;14
(6, 7, 9, 10, 12, 13, 14);20;14
(6, 7, 9, 11, 12, 13, 14);20;14
(6, 7, 10, 11, 12, 13, 14);20;14
(6, 8, 9, 10, 11, 12, 14);20;14
(6, 8, 9, 10, 11, 13, 14);20;14
(6, 8, 9, 10, 12, 13, 14);20;14
(6, 8, 9, 11, 12, 13, 14);20;14
(6, 8, 10, 11, 12, 13, 14);20;14
(6, 9, 10, 11, 12, 13, 14);20;14
(7, 8, 9, 10, 11, 12, 14);21;14
(7, 8, 9, 10, 11, 13, 14);21;14
(7, 8, 9, 10, 12, 13, 14);21;14
(7, 8, 9, 11, 12, 13, 14);21;14
(7, 8, 10, 11, 12, 13, 14);21;14
(7, 9, 10, 11, 12, 13, 14);21;14
(8, 9, 10, 11, 12, 13, 14);22;14
