S;p;l
(1, 2, 3, 4, 5, 6, 13);7;13
(1, 2, 3, 4, 5, 7, 13);6;13
(1, 2, 3, 4, 5, 8, 13);6;13
(1, 2, 3, 4, 5, 9, 13);6;13
(1, 2, 3, 4, 5, 10, 13);6;13
(1, 2, 3, 4, 5, 11, 13);6;13
(1, 2, 3, 4, 5, 12, 13);14;13
(1, 2, 3, 4, 6, 7, 13);5;13
(1, 2, 3, 4, 6, 8, 13);5;13
(1, 2, 3, 4, 6, 9, 13);5;13
(1, 2, 3, 4, 6, 10, 13);12;13
(1, 2, 3, 4, 6, 11, 13);5;13
(1, 2, 3, 4, 6, 12, 13);5;13
(1, 2, 3, 4, 7, 8, 13);5;13
(1, 2, 3, 4, 7, 9, 13);5;13
(1, 2, 3, 4, 7, 10, 13);11;13
(1, 2, 3, 4, 7, 11, 13);5;13
(1, 2, 3, 4, 7, 12, 13);5;13
(1, 2, 3, 4, 8, 9, 13);5;13
(1, 2, 3, 4, 8, 10, 13);11;13
(1, 2, 3, 4, 8, 11, 13);5;13
(1, 2, 3, 4, 8, 12, 13);5;13
(1, 2, 3, 4, 9, 10, 13);11;13
(1, 2, 3, 4, 9, 11, 13);5;13
(1, 2, 3, 4, 9, 12, 13);5;13
(1, 2, 3, 4, 10, 11, 13);12;13
(1, 2, 3, 4, 10, 12, 13);11;13
(1, 2, 3, 4, 11, 12, 13);5;13
(1, 2, 3, 5, 6, 7, 13);4;13
(1, 2, 3, 5, 6, 8, 13);11;13
(1, 2, 3, 5, 6, 9, 13);4;13
(1, 2, 3, 5, 6, 10, 13);4;13
(1, 2, 3, 5, 6, 11, 13);4;13
(1, 2, 3, 5, 6, 12, 13);15;13
(1, 2, 3, 5, 7, 8, 13);10;13
(1, 2, 3, 5, 7, 9, 13);4;13
(1, 2, 3, 5, 7, 10, 13);4;13
(1, 2, 3, 5, 7, 11, 13);4;13
(1, 2, 3, 5, 7, 12, 13);14;13
(1, 2, 3, 5, 8, 9, 13);10;13
(1, 2, 3, 5, 8, 10, 13);11;13
(1, 2, 3, 5, 8, 11, 13);10;13
(1, 2, 3, 5, 8, 12, 13);10;13
(1, 2, 3, 5, 9, 10, 13);4;13
(1, 2, 3, 5, 9, 11, 13);4;13
(1, 2, 3, 5, 9, 12, 13);14;13
(1, 2, 3, 5, 10, 11, 13);4;13
(1, 2, 3, 5, 10, 12, 13);15;13
(1, 2, 3, 5, 11, 12, 13);14;13
(1, 2, 3, 6, 7, 8, 13);14;13
(1, 2, 3, 6, 7, 9, 13);4;13
(1, 2, 3, 6, 7, 10, 13);4;13
(1, 2, 3, 6, 7, 11, 13);4;13
(1, 2, 3, 6, 7, 12, 13);18;13
(1, 2, 3, 6, 8, 9, 13);11;13
(1, 2, 3, 6, 8, 10, 13);16;13
(1, 2, 3, 6, 8, 11, 13);14;13
(1, 2, 3, 6, 8, 12, 13);14;13
(1, 2, 3, 6, 9, 10, 13);4;13
(1, 2, 3, 6, 9, 11, 13);4;13
(1, 2, 3, 6, 9, 12, 13);15;13
(1, 2, 3, 6, 10, 11, 13);4;13
(1, 2, 3, 6, 10, 12, 13);15;13
(1, 2, 3, 6, 11, 12, 13);18;13
(1, 2, 3, 7, 8, 9, 13);10;13
(1, 2, 3, 7, 8, 10, 13);20;13
(1, 2, 3, 7, 8, 11, 13);14;13
(1, 2, 3, 7, 8, 12, 13);14;13
(1, 2, 3, 7, 9, 10, 13);4;13
(1, 2, 3, 7, 9, 11, 13);4;13
(1, 2, 3, 7, 9, 12, 13);14;13
(1, 2, 3, 7, 10, 11, 13);4;13
(1, 2, 3, 7, 10, 12, 13);19;13
(1, 2, 3, 7, 11, 12, 13);14;13
(1, 2, 3, 8, 9, 10, 13);11;13
(1, 2, 3, 8, 9, 11, 13);10;13
(1, 2, 3, 8, 9, 12, 13);10;13
(1, 2, 3, 8, 10, 11, 13);21;13
(1, 2, 3, 8, 10, 12, 13);20;13
(1, 2, 3, 8, 11, 12, 13);14;13
(1, 2, 3, 9, 10, 11, 13);4;13
(1, 2, 3, 9, 10, 12, 13);15;13
(1, 2, 3, 9, 11, 12, 13);14;13
(1, 2, 3, 10, 11, 12, 13);22;13
(1, 2, 4, 5, 6, 7, 13);11;13
(1, 2, 4, 5, 6, 8, 13);17;13
(1, 2, 4, 5, 6, 9, 13);17;13
(1, 2, 4, 5, 6, 10, 13);11;13
(1, 2, 4, 5, 6, 11, 13);17;13
(1, 2, 4, 5, 6, 12, 13);17;13
(1, 2, 4, 5, 7, 8, 13);3;13
(1, 2, 4, 5, 7, 9, 13);14;13
(1, 2, 4, 5, 7, 10, 13);3;13
(1, 2, 4, 5, 7, 11, 13);3;13
(1, 2, 4, 5, 7, 12, 13);17;13
(1, 2, 4, 5, 8, 9, 13);17;13
(1, 2, 4, 5, 8, 10, 13);3;13
(1, 2, 4, 5, 8, 11, 13);3;13
(1, 2, 4, 5, 8, 12, 13);20;13
(1, 2, 4, 5, 9, 10, 13);14;13
(1, 2, 4, 5, 9, 11, 13);18;13
(1, 2, 4, 5, 9, 12, 13);14;13
(1, 2, 4, 5, 10, 11, 13);3;13
(1, 2, 4, 5, 10, 12, 13);17;13
(1, 2, 4, 5, 11, 12, 13);23;13
(1, 2, 4, 6, 7, 8, 13);12;13
(1, 2, 4, 6, 7, 9, 13);19;13
(1, 2, 4, 6, 7, 10, 13);19;13
(1, 2, 4, 6, 7, 11, 13);17;13
(1, 2, 4, 6, 7, 12, 13);19;13
(1, 2, 4, 6, 8, 9, 13);5;19
(1, 2, 4, 6, 8, 10, 13);12;13
(1, 2, 4, 6, 8, 11, 13);5;14
(1, 2, 4, 6, 8, 12, 13);17;13
(1, 2, 4, 6, 9, 10, 13);19;13
(1, 2, 4, 6, 9, 11, 13);15;13
(1, 2, 4, 6, 9, 12, 13);25;25
(1, 2, 4, 6, 10, 11, 13);32;13
(1, 2, 4, 6, 10, 12, 13);19;13
(1, 2, 4, 6, 11, 12, 13);39;13
(1, 2, 4, 7, 8, 9, 13);17;13
(1, 2, 4, 7, 8, 10, 13);3;13
(1, 2, 4, 7, 8, 11, 13);3;13
(1, 2, 4, 7, 8, 12, 13);20;13
(1, 2, 4, 7, 9, 10, 13);11;13
(1, 2, 4, 7, 9, 11, 13);18;13
(1, 2, 4, 7, 9, 12, 13);11;13
(1, 2, 4, 7, 10, 11, 13);3;13
(1, 2, 4, 7, 10, 12, 13);14;13
(1, 2, 4, 7, 11, 12, 13);23;13
(1, 2, 4, 8, 9, 10, 13);17;13
(1, 2, 4, 8, 9, 11, 13);18;13
(1, 2, 4, 8, 9, 12, 13);17;13
(1, 2, 4, 8, 10, 11, 13);3;13
(1, 2, 4, 8, 10, 12, 13);20;13
(1, 2, 4, 8, 11, 12, 13);23;13
(1, 2, 4, 9, 10, 11, 13);18;13
(1, 2, 4, 9, 10, 12, 13);11;13
(1, 2, 4, 9, 11, 12, 13);20;13
(1, 2, 4, 10, 11, 12, 13);23;13
(1, 2, 5, 6, 7, 8, 13);12;13
(1, 2, 5, 6, 7, 9, 13);11;13
(1, 2, 5, 6, 7, 10, 13);11;13
(1, 2, 5, 6, 7, 11, 13);12;13
(1, 2, 5, 6, 7, 12, 13);11;13
(1, 2, 5, 6, 8, 9, 13);7;13
(1, 2, 5, 6, 8, 10, 13);18;13
(1, 2, 5, 6, 8, 11, 13);24;13
(1, 2, 5, 6, 8, 12, 13);7;13
(1, 2, 5, 6, 9, 10, 13);11;13
(1, 2, 5, 6, 9, 11, 13);24;13
(1, 2, 5, 6, 9, 12, 13);7;13
(1, 2, 5, 6, 10, 11, 13);31;13
(1, 2, 5, 6, 10, 12, 13);11;13
(1, 2, 5, 6, 11, 12, 13);24;13
(1, 2, 5, 7, 8, 9, 13);17;13
(1, 2, 5, 7, 8, 10, 13);3;13
(1, 2, 5, 7, 8, 11, 13);3;13
(1, 2, 5, 7, 8, 12, 13);20;13
(1, 2, 5, 7, 9, 10, 13);14;13
(1, 2, 5, 7, 9, 11, 13);18;13
(1, 2, 5, 7, 9, 12, 13);14;13
(1, 2, 5, 7, 10, 11, 13);3;13
(1, 2, 5, 7, 10, 12, 13);17;13
(1, 2, 5, 7, 11, 12, 13);23;13
(1, 2, 5, 8, 9, 10, 13);17;13
(1, 2, 5, 8, 9, 11, 13);24;13
(1, 2, 5, 8, 9, 12, 13);7;16
(1, 2, 5, 8, 10, 11, 13);3;13
(1, 2, 5, 8, 10, 12, 13);20;13
(1, 2, 5, 8, 11, 12, 13);23;13
(1, 2, 5, 9, 10, 11, 13);18;13
(1, 2, 5, 9, 10, 12, 13);14;13
(1, 2, 5, 9, 11, 12, 13);24;13
(1, 2, 5, 10, 11, 12, 13);23;13
(1, 2, 6, 7, 8, 9, 13);14;13
(1, 2, 6, 7, 8, 10, 13);12;13
(1, 2, 6, 7, 8, 11, 13);12;13
(1, 2, 6, 7, 8, 12, 13);14;13
(1, 2, 6, 7, 9, 10, 13);19;13
(1, 2, 6, 7, 9, 11, 13);4;26
(1, 2, 6, 7, 9, 12, 13);19;13
(1, 2, 6, 7, 10, 11, 13);29;37
(1, 2, 6, 7, 10, 12, 13);19;13
(1, 2, 6, 7, 11, 12, 13);39;13
(1, 2, 6, 8, 9, 10, 13);18;13
(1, 2, 6, 8, 9, 11, 13);5;26
(1, 2, 6, 8, 9, 12, 13);7;13
(1, 2, 6, 8, 10, 11, 13);40;39
(1, 2, 6, 8, 10, 12, 13);18;13
(1, 2, 6, 8, 11, 12, 13);24;13
(1, 2, 6, 9, 10, 11, 13);39;13
(1, 2, 6, 9, 10, 12, 13);11;13
(1, 2, 6, 9, 11, 12, 13);24;13
(1, 2, 6, 10, 11, 12, 13);21;13
(1, 2, 7, 8, 9, 10, 13);17;13
(1, 2, 7, 8, 9, 11, 13);18;13
(1, 2, 7, 8, 9, 12, 13);17;13
(1, 2, 7, 8, 10, 11, 13);3;13
(1, 2, 7, 8, 10, 12, 13);20;13
(1, 2, 7, 8, 11, 12, 13);23;13
(1, 2, 7, 9, 10, 11, 13);18;13
(1, 2, 7, 9, 10, 12, 13);11;13
(1, 2, 7, 9, 11, 12, 13);20;13
(1, 2, 7, 10, 11, 12, 13);23;13
(1, 2, 8, 9, 10, 11, 13);18;13
(1, 2, 8, 9, 10, 12, 13);17;13
(1, 2, 8, 9, 11, 12, 13);24;13
(1, 2, 8, 10, 11, 12, 13);23;13
(1, 2, 9, 10, 11, 12, 13);20;13
(1, 3, 4, 5, 6, 7, 13);10;13
(1, 3, 4, 5, 6, 8, 13);9;13
(1, 3, 4, 5, 6, 9, 13);10;13
(1, 3, 4, 5, 6, 10, 13);9;13
(1, 3, 4, 5, 6, 11, 13);16;13
(1, 3, 4, 5, 6, 12, 13);9;13
(1, 3, 4, 5, 7, 8, 13);6;15
(1, 3, 4, 5, 7, 9, 13);8;13
(1, 3, 4, 5, 7, 10, 13);14;13
(1, 3, 4, 5, 7, 11, 13);8;13
(1, 3, 4, 5, 7, 12, 13);8;13
(1, 3, 4, 5, 8, 9, 13);12;13
(1, 3, 4, 5, 8, 10, 13);9;13
(1, 3, 4, 5, 8, 11, 13);16;13
(1, 3, 4, 5, 8, 12, 13);9;13
(1, 3, 4, 5, 9, 10, 13);14;13
(1, 3, 4, 5, 9, 11, 13);8;13
(1, 3, 4, 5, 9, 12, 13);8;13
(1, 3, 4, 5, 10, 11, 13);14;13
(1, 3, 4, 5, 10, 12, 13);22;13
(1, 3, 4, 5, 11, 12, 13);8;13
(1, 3, 4, 6, 7, 8, 13);5;24
(1, 3, 4, 6, 7, 9, 13);10;13
(1, 3, 4, 6, 7, 10, 13);25;19
(1, 3, 4, 6, 7, 11, 13);10;13
(1, 3, 4, 6, 7, 12, 13);36;13
(1, 3, 4, 6, 8, 9, 13);12;13
(1, 3, 4, 6, 8, 10, 13);7;13
(1, 3, 4, 6, 8, 11, 13);7;13
(1, 3, 4, 6, 8, 12, 13);16;13
(1, 3, 4, 6, 9, 10, 13);19;13
(1, 3, 4, 6, 9, 11, 13);12;13
(1, 3, 4, 6, 9, 12, 13);21;45
(1, 3, 4, 6, 10, 11, 13);7;13
(1, 3, 4, 6, 10, 12, 13);16;13
(1, 3, 4, 6, 11, 12, 13);23;13
(1, 3, 4, 7, 8, 9, 13);12;13
(1, 3, 4, 7, 8, 10, 13);11;25
(1, 3, 4, 7, 8, 11, 13);12;13
(1, 3, 4, 7, 8, 12, 13);5;19
(1, 3, 4, 7, 9, 10, 13);14;13
(1, 3, 4, 7, 9, 11, 13);8;13
(1, 3, 4, 7, 9, 12, 13);8;13
(1, 3, 4, 7, 10, 11, 13);14;13
(1, 3, 4, 7, 10, 12, 13);22;13
(1, 3, 4, 7, 11, 12, 13);8;13
(1, 3, 4, 8, 9, 10, 13);19;13
(1, 3, 4, 8, 9, 11, 13);12;13
(1, 3, 4, 8, 9, 12, 13);38;13
(1, 3, 4, 8, 10, 11, 13);7;13
(1, 3, 4, 8, 10, 12, 13);16;13
(1, 3, 4, 8, 11, 12, 13);23;13
(1, 3, 4, 9, 10, 11, 13);19;13
(1, 3, 4, 9, 10, 12, 13);39;70
(1, 3, 4, 9, 11, 12, 13);8;46
(1, 3, 4, 10, 11, 12, 13);23;13
(1, 3, 5, 6, 7, 8, 13);14;13
(1, 3, 5, 6, 7, 9, 13);12;13
(1, 3, 5, 6, 7, 10, 13);16;13
(1, 3, 5, 6, 7, 11, 13);12;13
(1, 3, 5, 6, 7, 12, 13);18;13
(1, 3, 5, 6, 8, 9, 13);14;13
(1, 3, 5, 6, 8, 10, 13);18;13
(1, 3, 5, 6, 8, 11, 13);14;13
(1, 3, 5, 6, 8, 12, 13);18;13
(1, 3, 5, 6, 9, 10, 13);16;13
(1, 3, 5, 6, 9, 11, 13);12;13
(1, 3, 5, 6, 9, 12, 13);18;13
(1, 3, 5, 6, 10, 11, 13);16;13
(1, 3, 5, 6, 10, 12, 13);18;13
(1, 3, 5, 6, 11, 12, 13);18;13
(1, 3, 5, 7, 8, 9, 13);16;13
(1, 3, 5, 7, 8, 10, 13);18;13
(1, 3, 5, 7, 8, 11, 13);16;13
(1, 3, 5, 7, 8, 12, 13);20;13
(1, 3, 5, 7, 9, 10, 13);20;13
(1, 3, 5, 7, 9, 11, 13);2;13
(1, 3, 5, 7, 9, 12, 13);24;13
(1, 3, 5, 7, 10, 11, 13);20;13
(1, 3, 5, 7, 10, 12, 13);22;13
(1, 3, 5, 7, 11, 12, 13);24;13
(1, 3, 5, 8, 9, 10, 13);18;13
(1, 3, 5, 8, 9, 11, 13);16;13
(1, 3, 5, 8, 9, 12, 13);20;13
(1, 3, 5, 8, 10, 11, 13);18;13
(1, 3, 5, 8, 10, 12, 13);20;13
(1, 3, 5, 8, 11, 12, 13);20;13
(1, 3, 5, 9, 10, 11, 13);20;13
(1, 3, 5, 9, 10, 12, 13);22;13
(1, 3, 5, 9, 11, 12, 13);24;13
(1, 3, 5, 10, 11, 12, 13);22;13
(1, 3, 6, 7, 8, 9, 13);14;13
(1, 3, 6, 7, 8, 10, 13);16;13
(1, 3, 6, 7, 8, 11, 13);14;13
(1, 3, 6, 7, 8, 12, 13);18;13
(1, 3, 6, 7, 9, 10, 13);16;13
(1, 3, 6, 7, 9, 11, 13);12;13
(1, 3, 6, 7, 9, 12, 13);18;13
(1, 3, 6, 7, 10, 11, 13);16;13
(1, 3, 6, 7, 10, 12, 13);18;13
(1, 3, 6, 7, 11, 12, 13);18;13
(1, 3, 6, 8, 9, 10, 13);16;13
(1, 3, 6, 8, 9, 11, 13);14;13
(1, 3, 6, 8, 9, 12, 13);18;13
(1, 3, 6, 8, 10, 11, 13);7;22
(1, 3, 6, 8, 10, 12, 13);25;13
(1, 3, 6, 8, 11, 12, 13);23;21
(1, 3, 6, 9, 10, 11, 13);16;13
(1, 3, 6, 9, 10, 12, 13);18;13
(1, 3, 6, 9, 11, 12, 13);18;13
(1, 3, 6, 10, 11, 12, 13);23;13
(1, 3, 7, 8, 9, 10, 13);18;13
(1, 3, 7, 8, 9, 11, 13);16;13
(1, 3, 7, 8, 9, 12, 13);20;13
(1, 3, 7, 8, 10, 11, 13);18;13
(1, 3, 7, 8, 10, 12, 13);20;13
(1, 3, 7, 8, 11, 12, 13);20;13
(1, 3, 7, 9, 10, 11, 13);20;13
(1, 3, 7, 9, 10, 12, 13);22;13
(1, 3, 7, 9, 11, 12, 13);24;13
(1, 3, 7, 10, 11, 12, 13);22;13
(1, 3, 8, 9, 10, 11, 13);18;13
(1, 3, 8, 9, 10, 12, 13);20;13
(1, 3, 8, 9, 11, 12, 13);20;13
(1, 3, 8, 10, 11, 12, 13);20;13
(1, 3, 9, 10, 11, 12, 13);22;13
(1, 4, 5, 6, 7, 8, 13);23;30
(1, 4, 5, 6, 7, 9, 13);10;13
(1, 4, 5, 6, 7, 10, 13);11;22
(1, 4, 5, 6, 7, 11, 13);10;13
(1, 4, 5, 6, 7, 12, 13);18;13
(1, 4, 5, 6, 8, 9, 13);12;13
(1, 4, 5, 6, 8, 10, 13);9;13
(1, 4, 5, 6, 8, 11, 13);19;36
(1, 4, 5, 6, 8, 12, 13);9;13
(1, 4, 5, 6, 9, 10, 13);14;13
(1, 4, 5, 6, 9, 11, 13);10;13
(1, 4, 5, 6, 9, 12, 13);17;49
(1, 4, 5, 6, 10, 11, 13);16;13
(1, 4, 5, 6, 10, 12, 13);9;13
(1, 4, 5, 6, 11, 12, 13);16;29
(1, 4, 5, 7, 8, 9, 13);12;13
(1, 4, 5, 7, 8, 10, 13);3;20
(1, 4, 5, 7, 8, 11, 13);12;13
(1, 4, 5, 7, 8, 12, 13);35;15
(1, 4, 5, 7, 9, 10, 13);14;13
(1, 4, 5, 7, 9, 11, 13);8;13
(1, 4, 5, 7, 9, 12, 13);8;13
(1, 4, 5, 7, 10, 11, 13);14;13
(1, 4, 5, 7, 10, 12, 13);17;13
(1, 4, 5, 7, 11, 12, 13);8;13
(1, 4, 5, 8, 9, 10, 13);14;13
(1, 4, 5, 8, 9, 11, 13);12;13
(1, 4, 5, 8, 9, 12, 13);16;13
(1, 4, 5, 8, 10, 11, 13);16;13
(1, 4, 5, 8, 10, 12, 13);9;13
(1, 4, 5, 8, 11, 12, 13);16;29
(1, 4, 5, 9, 10, 11, 13);14;13
(1, 4, 5, 9, 10, 12, 13);14;36
(1, 4, 5, 9, 11, 12, 13);8;13
(1, 4, 5, 10, 11, 12, 13);22;13
(1, 4, 6, 7, 8, 9, 13);31;78
(1, 4, 6, 7, 8, 10, 13);14;13
(1, 4, 6, 7, 8, 11, 13);29;13
(1, 4, 6, 7, 8, 12, 13);20;38
(1, 4, 6, 7, 9, 10, 13);19;13
(1, 4, 6, 7, 9, 11, 13);20;13
(1, 4, 6, 7, 9, 12, 13);44;103
(1, 4, 6, 7, 10, 11, 13);17;13
(1, 4, 6, 7, 10, 12, 13);19;13
(1, 4, 6, 7, 11, 12, 13);43;48
(1, 4, 6, 8, 9, 10, 13);19;13
(1, 4, 6, 8, 9, 11, 13);17;13
(1, 4, 6, 8, 9, 12, 13);21;13
(1, 4, 6, 8, 10, 11, 13);7;14
(1, 4, 6, 8, 10, 12, 13);16;46
(1, 4, 6, 8, 11, 12, 13);21;21
(1, 4, 6, 9, 10, 11, 13);19;13
(1, 4, 6, 9, 10, 12, 13);21;13
(1, 4, 6, 9, 11, 12, 13);24;18
(1, 4, 6, 10, 11, 12, 13);21;80
(1, 4, 7, 8, 9, 10, 13);33;66
(1, 4, 7, 8, 9, 11, 13);17;13
(1, 4, 7, 8, 9, 12, 13);35;13
(1, 4, 7, 8, 10, 11, 13);31;13
(1, 4, 7, 8, 10, 12, 13);25;19
(1, 4, 7, 8, 11, 12, 13);19;13
(1, 4, 7, 9, 10, 11, 13);20;13
(1, 4, 7, 9, 10, 12, 13);22;13
(1, 4, 7, 9, 11, 12, 13);24;32
(1, 4, 7, 10, 11, 12, 13);22;13
(1, 4, 8, 9, 10, 11, 13);19;13
(1, 4, 8, 9, 10, 12, 13);21;13
(1, 4, 8, 9, 11, 12, 13);21;21
(1, 4, 8, 10, 11, 12, 13);21;80
(1, 4, 9, 10, 11, 12, 13);21;13
(1, 5, 6, 7, 8, 9, 13);14;13
(1, 5, 6, 7, 8, 10, 13);16;13
(1, 5, 6, 7, 8, 11, 13);14;13
(1, 5, 6, 7, 8, 12, 13);18;13
(1, 5, 6, 7, 9, 10, 13);16;13
(1, 5, 6, 7, 9, 11, 13);12;13
(1, 5, 6, 7, 9, 12, 13);18;13
(1, 5, 6, 7, 10, 11, 13);16;13
(1, 5, 6, 7, 10, 12, 13);18;13
(1, 5, 6, 7, 11, 12, 13);18;13
(1, 5, 6, 8, 9, 10, 13);16;13
(1, 5, 6, 8, 9, 11, 13);14;13
(1, 5, 6, 8, 9, 12, 13);18;13
(1, 5, 6, 8, 10, 11, 13);16;13
(1, 5, 6, 8, 10, 12, 13);18;13
(1, 5, 6, 8, 11, 12, 13);18;13
(1, 5, 6, 9, 10, 11, 13);16;13
(1, 5, 6, 9, 10, 12, 13);18;13
(1, 5, 6, 9, 11, 12, 13);18;13
(1, 5, 6, 10, 11, 12, 13);18;13
(1, 5, 7, 8, 9, 10, 13);18;13
(1, 5, 7, 8, 9, 11, 13);16;13
(1, 5, 7, 8, 9, 12, 13);20;13
(1, 5, 7, 8, 10, 11, 13);18;13
(1, 5, 7, 8, 10, 12, 13);20;13
(1, 5, 7, 8, 11, 12, 13);20;13
(1, 5, 7, 9, 10, 11, 13);20;13
(1, 5, 7, 9, 10, 12, 13);22;13
(1, 5, 7, 9, 11, 12, 13);24;13
(1, 5, 7, 10, 11, 12, 13);22;13
(1, 5, 8, 9, 10, 11, 13);18;13
(1, 5, 8, 9, 10, 12, 13);20;13
(1, 5, 8, 9, 11, 12, 13);20;13
(1, 5, 8, 10, 11, 12, 13);20;13
(1, 5, 9, 10, 11, 12, 13);22;13
(1, 6, 7, 8, 9, 10, 13);16;13
(1, 6, 7, 8, 9, 11, 13);14;13
(1, 6, 7, 8, 9, 12, 13);18;13
(1, 6, 7, 8, 10, 11, 13);16;13
(1, 6, 7, 8, 10, 12, 13);18;13
(1, 6, 7, 8, 11, 12, 13);18;13
(1, 6, 7, 9, 10, 11, 13);16;13
(1, 6, 7, 9, 10, 12, 13);18;13
(1, 6, 7, 9, 11, 12, 13);18;13
(1, 6, 7, 10, 11, 12, 13);18;13
(1, 6, 8, 9, 10, 11, 13);19;13
(1, 6, 8, 9, 10, 12, 13);39;13
(1, 6, 8, 9, 11, 12, 13);21;13
(1, 6, 8, 10, 11, 12, 13);23;13
(1, 6, 9, 10, 11, 12, 13);21;13
(1, 7, 8, 9, 10, 11, 13);18;13
(1, 7, 8, 9, 10, 12, 13);20;13
(1, 7, 8, 9, 11, 12, 13);20;13
(1, 7, 8, 10, 11, 12, 13);20;13
(1, 7, 9, 10, 11, 12, 13);22;13
(1, 8, 9, 10, 11, 12, 13);20;13
(2, 3, 4, 5, 6, 7, 13);9;13
(2, 3, 4, 5, 6, 8, 13);10;13
(2, 3, 4, 5, 6, 9, 13);15;13
(2, 3, 4, 5, 6, 10, 13);8;13
(2, 3, 4, 5, 6, 11, 13);8;13
(2, 3, 4, 5, 6, 12, 13);8;13
(2, 3, 4, 5, 7, 8, 13);10;13
(2, 3, 4, 5, 7, 9, 13);11;13
(2, 3, 4, 5, 7, 10, 13);6;13
(2, 3, 4, 5, 7, 11, 13);9;13
(2, 3, 4, 5, 7, 12, 13);9;13
(2, 3, 4, 5, 8, 9, 13);17;13
(2, 3, 4, 5, 8, 10, 13);18;22
(2, 3, 4, 5, 8, 11, 13);16;13
(2, 3, 4, 5, 8, 12, 13);16;13
(2, 3, 4, 5, 9, 10, 13);22;13
(2, 3, 4, 5, 9, 11, 13);22;13
(2, 3, 4, 5, 9, 12, 13);22;13
(2, 3, 4, 5, 10, 11, 13);15;13
(2, 3, 4, 5, 10, 12, 13);15;13
(2, 3, 4, 5, 11, 12, 13);15;13
(2, 3, 4, 6, 7, 8, 13);10;13
(2, 3, 4, 6, 7, 9, 13);11;13
(2, 3, 4, 6, 7, 10, 13);17;13
(2, 3, 4, 6, 7, 11, 13);9;13
(2, 3, 4, 6, 7, 12, 13);9;13
(2, 3, 4, 6, 8, 9, 13);11;13
(2, 3, 4, 6, 8, 10, 13);12;16
(2, 3, 4, 6, 8, 11, 13);5;14
(2, 3, 4, 6, 8, 12, 13);10;13
(2, 3, 4, 6, 9, 10, 13);15;13
(2, 3, 4, 6, 9, 11, 13);15;13
(2, 3, 4, 6, 9, 12, 13);15;13
(2, 3, 4, 6, 10, 11, 13);8;13
(2, 3, 4, 6, 10, 12, 13);8;13
(2, 3, 4, 6, 11, 12, 13);8;13
(2, 3, 4, 7, 8, 9, 13);11;13
(2, 3, 4, 7, 8, 10, 13);17;13
(2, 3, 4, 7, 8, 11, 13);15;13
(2, 3, 4, 7, 8, 12, 13);16;13
(2, 3, 4, 7, 9, 10, 13);17;13
(2, 3, 4, 7, 9, 11, 13);36;13
(2, 3, 4, 7, 9, 12, 13);16;13
(2, 3, 4, 7, 10, 11, 13);6;41
(2, 3, 4, 7, 10, 12, 13);20;13
(2, 3, 4, 7, 11, 12, 13);15;13
(2, 3, 4, 8, 9, 10, 13);23;13
(2, 3, 4, 8, 9, 11, 13);21;13
(2, 3, 4, 8, 9, 12, 13);16;17
(2, 3, 4, 8, 10, 11, 13);21;13
(2, 3, 4, 8, 10, 12, 13);21;13
(2, 3, 4, 8, 11, 12, 13);15;15
(2, 3, 4, 9, 10, 11, 13);21;13
(2, 3, 4, 9, 10, 12, 13);21;13
(2, 3, 4, 9, 11, 12, 13);21;13
(2, 3, 4, 10, 11, 12, 13);15;29
(2, 3, 5, 6, 7, 8, 13);10;13
(2, 3, 5, 6, 7, 9, 13);11;13
(2, 3, 5, 6, 7, 10, 13);34;13
(2, 3, 5, 6, 7, 11, 13);9;13
(2, 3, 5, 6, 7, 12, 13);9;13
(2, 3, 5, 6, 8, 9, 13);11;13
(2, 3, 5, 6, 8, 10, 13);11;33
(2, 3, 5, 6, 8, 11, 13);7;23
(2, 3, 5, 6, 8, 12, 13);10;13
(2, 3, 5, 6, 9, 10, 13);4;18
(2, 3, 5, 6, 9, 11, 13);15;13
(2, 3, 5, 6, 9, 12, 13);15;13
(2, 3, 5, 6, 10, 11, 13);8;13
(2, 3, 5, 6, 10, 12, 13);8;13
(2, 3, 5, 6, 11, 12, 13);8;13
(2, 3, 5, 7, 8, 9, 13);11;13
(2, 3, 5, 7, 8, 10, 13);27;64
(2, 3, 5, 7, 8, 11, 13);10;35
(2, 3, 5, 7, 8, 12, 13);10;13
(2, 3, 5, 7, 9, 10, 13);4;18
(2, 3, 5, 7, 9, 11, 13);15;13
(2, 3, 5, 7, 9, 12, 13);14;23
(2, 3, 5, 7, 10, 11, 13);12;19
(2, 3, 5, 7, 10, 12, 13);23;45
(2, 3, 5, 7, 11, 12, 13);9;13
(2, 3, 5, 8, 9, 10, 13);18;13
(2, 3, 5, 8, 9, 11, 13);10;49
(2, 3, 5, 8, 9, 12, 13);21;57
(2, 3, 5, 8, 10, 11, 13);37;37
(2, 3, 5, 8, 10, 12, 13);37;13
(2, 3, 5, 8, 11, 12, 13);32;13
(2, 3, 5, 9, 10, 11, 13);22;13
(2, 3, 5, 9, 10, 12, 13);22;13
(2, 3, 5, 9, 11, 12, 13);22;13
(2, 3, 5, 10, 11, 12, 13);15;13
(2, 3, 6, 7, 8, 9, 13);15;13
(2, 3, 6, 7, 8, 10, 13);16;13
(2, 3, 6, 7, 8, 11, 13);19;13
(2, 3, 6, 7, 8, 12, 13);19;13
(2, 3, 6, 7, 9, 10, 13);16;13
(2, 3, 6, 7, 9, 11, 13);34;13
(2, 3, 6, 7, 9, 12, 13);15;13
(2, 3, 6, 7, 10, 11, 13);40;16
(2, 3, 6, 7, 10, 12, 13);20;20
(2, 3, 6, 7, 11, 12, 13);19;37
(2, 3, 6, 8, 9, 10, 13);16;13
(2, 3, 6, 8, 9, 11, 13);34;13
(2, 3, 6, 8, 9, 12, 13);15;13
(2, 3, 6, 8, 10, 11, 13);21;13
(2, 3, 6, 8, 10, 12, 13);20;13
(2, 3, 6, 8, 11, 12, 13);19;13
(2, 3, 6, 9, 10, 11, 13);36;57
(2, 3, 6, 9, 10, 12, 13);70;31
(2, 3, 6, 9, 11, 12, 13);34;13
(2, 3, 6, 10, 11, 12, 13);23;13
(2, 3, 7, 8, 9, 10, 13);16;53
(2, 3, 7, 8, 9, 11, 13);20;13
(2, 3, 7, 8, 9, 12, 13);21;13
(2, 3, 7, 8, 10, 11, 13);20;13
(2, 3, 7, 8, 10, 12, 13);20;13
(2, 3, 7, 8, 11, 12, 13);24;13
(2, 3, 7, 9, 10, 11, 13);20;13
(2, 3, 7, 9, 10, 12, 13);20;34
(2, 3, 7, 9, 11, 12, 13);20;13
(2, 3, 7, 10, 11, 12, 13);20;38
(2, 3, 8, 9, 10, 11, 13);20;25
(2, 3, 8, 9, 10, 12, 13);20;34
(2, 3, 8, 9, 11, 12, 13);20;13
(2, 3, 8, 10, 11, 12, 13);20;13
(2, 3, 9, 10, 11, 12, 13);20;13
(2, 4, 5, 6, 7, 8, 13);10;13
(2, 4, 5, 6, 7, 9, 13);11;13
(2, 4, 5, 6, 7, 10, 13);20;13
(2, 4, 5, 6, 7, 11, 13);9;13
(2, 4, 5, 6, 7, 12, 13);9;13
(2, 4, 5, 6, 8, 9, 13);11;13
(2, 4, 5, 6, 8, 10, 13);12;14
(2, 4, 5, 6, 8, 11, 13);17;16
(2, 4, 5, 6, 8, 12, 13);10;13
(2, 4, 5, 6, 9, 10, 13);15;13
(2, 4, 5, 6, 9, 11, 13);15;13
(2, 4, 5, 6, 9, 12, 13);18;13
(2, 4, 5, 6, 10, 11, 13);8;13
(2, 4, 5, 6, 10, 12, 13);8;13
(2, 4, 5, 6, 11, 12, 13);8;13
(2, 4, 5, 7, 8, 9, 13);11;13
(2, 4, 5, 7, 8, 10, 13);3;14
(2, 4, 5, 7, 8, 11, 13);3;18
(2, 4, 5, 7, 8, 12, 13);10;13
(2, 4, 5, 7, 9, 10, 13);14;14
(2, 4, 5, 7, 9, 11, 13);15;13
(2, 4, 5, 7, 9, 12, 13);14;65
(2, 4, 5, 7, 10, 11, 13);3;17
(2, 4, 5, 7, 10, 12, 13);32;13
(2, 4, 5, 7, 11, 12, 13);9;13
(2, 4, 5, 8, 9, 10, 13);18;13
(2, 4, 5, 8, 9, 11, 13);38;83
(2, 4, 5, 8, 9, 12, 13);17;13
(2, 4, 5, 8, 10, 11, 13);3;18
(2, 4, 5, 8, 10, 12, 13);37;37
(2, 4, 5, 8, 11, 12, 13);16;13
(2, 4, 5, 9, 10, 11, 13);22;13
(2, 4, 5, 9, 10, 12, 13);22;13
(2, 4, 5, 9, 11, 12, 13);22;13
(2, 4, 5, 10, 11, 12, 13);15;13
(2, 4, 6, 7, 8, 9, 13);11;13
(2, 4, 6, 7, 8, 10, 13);12;14
(2, 4, 6, 7, 8, 11, 13);5;14
(2, 4, 6, 7, 8, 12, 13);10;13
(2, 4, 6, 7, 9, 10, 13);19;13
(2, 4, 6, 7, 9, 11, 13);15;13
(2, 4, 6, 7, 9, 12, 13);19;15
(2, 4, 6, 7, 10, 11, 13);17;13
(2, 4, 6, 7, 10, 12, 13);17;13
(2, 4, 6, 7, 11, 12, 13);9;13
(2, 4, 6, 8, 9, 10, 13);26;13
(2, 4, 6, 8, 9, 11, 13);15;13
(2, 4, 6, 8, 9, 12, 13);5;15
(2, 4, 6, 8, 10, 11, 13);15;13
(2, 4, 6, 8, 10, 12, 13);15;13
(2, 4, 6, 8, 11, 12, 13);5;14
(2, 4, 6, 9, 10, 11, 13);15;13
(2, 4, 6, 9, 10, 12, 13);15;13
(2, 4, 6, 9, 11, 12, 13);15;13
(2, 4, 6, 10, 11, 12, 13);8;13
(2, 4, 7, 8, 9, 10, 13);17;13
(2, 4, 7, 8, 9, 11, 13);36;13
(2, 4, 7, 8, 9, 12, 13);16;13
(2, 4, 7, 8, 10, 11, 13);3;17
(2, 4, 7, 8, 10, 12, 13);20;13
(2, 4, 7, 8, 11, 12, 13);15;13
(2, 4, 7, 9, 10, 11, 13);18;20
(2, 4, 7, 9, 10, 12, 13);11;27
(2, 4, 7, 9, 11, 12, 13);36;13
(2, 4, 7, 10, 11, 12, 13);23;13
(2, 4, 8, 9, 10, 11, 13);21;13
(2, 4, 8, 9, 10, 12, 13);21;13
(2, 4, 8, 9, 11, 12, 13);21;13
(2, 4, 8, 10, 11, 12, 13);21;13
(2, 4, 9, 10, 11, 12, 13);21;13
(2, 5, 6, 7, 8, 9, 13);15;13
(2, 5, 6, 7, 8, 10, 13);15;13
(2, 5, 6, 7, 8, 11, 13);34;13
(2, 5, 6, 7, 8, 12, 13);43;35
(2, 5, 6, 7, 9, 10, 13);15;14
(2, 5, 6, 7, 9, 11, 13);34;13
(2, 5, 6, 7, 9, 12, 13);47;29
(2, 5, 6, 7, 10, 11, 13);36;35
(2, 5, 6, 7, 10, 12, 13);33;13
(2, 5, 6, 7, 11, 12, 13);18;13
(2, 5, 6, 8, 9, 10, 13);15;14
(2, 5, 6, 8, 9, 11, 13);19;13
(2, 5, 6, 8, 9, 12, 13);7;17
(2, 5, 6, 8, 10, 11, 13);19;13
(2, 5, 6, 8, 10, 12, 13);18;13
(2, 5, 6, 8, 11, 12, 13);36;13
(2, 5, 6, 9, 10, 11, 13);38;13
(2, 5, 6, 9, 10, 12, 13);22;13
(2, 5, 6, 9, 11, 12, 13);40;46
(2, 5, 6, 10, 11, 12, 13);22;13
(2, 5, 7, 8, 9, 10, 13);15;13
(2, 5, 7, 8, 9, 11, 13);34;13
(2, 5, 7, 8, 9, 12, 13);10;38
(2, 5, 7, 8, 10, 11, 13);34;13
(2, 5, 7, 8, 10, 12, 13);33;13
(2, 5, 7, 8, 11, 12, 13);53;13
(2, 5, 7, 9, 10, 11, 13);34;13
(2, 5, 7, 9, 10, 12, 13);33;13
(2, 5, 7, 9, 11, 12, 13);18;13
(2, 5, 7, 10, 11, 12, 13);18;13
(2, 5, 8, 9, 10, 11, 13);19;21
(2, 5, 8, 9, 10, 12, 13);18;16
(2, 5, 8, 9, 11, 12, 13);21;41
(2, 5, 8, 10, 11, 12, 13);21;13
(2, 5, 9, 10, 11, 12, 13);22;13
(2, 6, 7, 8, 9, 10, 13);15;13
(2, 6, 7, 8, 9, 11, 13);19;13
(2, 6, 7, 8, 9, 12, 13);15;25
(2, 6, 7, 8, 10, 11, 13);19;13
(2, 6, 7, 8, 10, 12, 13);19;13
(2, 6, 7, 8, 11, 12, 13);19;13
(2, 6, 7, 9, 10, 11, 13);19;13
(2, 6, 7, 9, 10, 12, 13);19;13
(2, 6, 7, 9, 11, 12, 13);19;13
(2, 6, 7, 10, 11, 12, 13);23;13
(2, 6, 8, 9, 10, 11, 13);19;13
(2, 6, 8, 9, 10, 12, 13);19;13
(2, 6, 8, 9, 11, 12, 13);19;13
(2, 6, 8, 10, 11, 12, 13);19;13
(2, 6, 9, 10, 11, 12, 13);22;13
(2, 7, 8, 9, 10, 11, 13);19;13
(2, 7, 8, 9, 10, 12, 13);19;13
(2, 7, 8, 9, 11, 12, 13);19;13
(2, 7, 8, 10, 11, 12, 13);19;13
(2, 7, 9, 10, 11, 12, 13);19;13
(2, 8, 9, 10, 11, 12, 13);19;13
(3, 4, 5, 6, 7, 8, 13);21;13
(3, 4, 5, 6, 7, 9, 13);10;20
(3, 4, 5, 6, 7, 10, 13);16;13
(3, 4, 5, 6, 7, 11, 13);18;13
(3, 4, 5, 6, 7, 12, 13);19;13
(3, 4, 5, 6, 8, 9, 13);7;24
(3, 4, 5, 6, 8, 10, 13);16;13
(3, 4, 5, 6, 8, 11, 13);16;13
(3, 4, 5, 6, 8, 12, 13);9;16
(3, 4, 5, 6, 9, 10, 13);16;13
(3, 4, 5, 6, 9, 11, 13);16;13
(3, 4, 5, 6, 9, 12, 13);16;13
(3, 4, 5, 6, 10, 11, 13);16;13
(3, 4, 5, 6, 10, 12, 13);16;13
(3, 4, 5, 6, 11, 12, 13);17;13
(3, 4, 5, 7, 8, 9, 13);6;42
(3, 4, 5, 7, 8, 10, 13);16;13
(3, 4, 5, 7, 8, 11, 13);16;13
(3, 4, 5, 7, 8, 12, 13);26;22
(3, 4, 5, 7, 9, 10, 13);16;13
(3, 4, 5, 7, 9, 11, 13);16;13
(3, 4, 5, 7, 9, 12, 13);16;13
(3, 4, 5, 7, 10, 11, 13);16;13
(3, 4, 5, 7, 10, 12, 13);16;13
(3, 4, 5, 7, 11, 12, 13);8;47
(3, 4, 5, 8, 9, 10, 13);16;13
(3, 4, 5, 8, 9, 11, 13);16;13
(3, 4, 5, 8, 9, 12, 13);16;13
(3, 4, 5, 8, 10, 11, 13);16;13
(3, 4, 5, 8, 10, 12, 13);16;13
(3, 4, 5, 8, 11, 12, 13);16;13
(3, 4, 5, 9, 10, 11, 13);22;13
(3, 4, 5, 9, 10, 12, 13);22;13
(3, 4, 5, 9, 11, 12, 13);8;24
(3, 4, 5, 10, 11, 12, 13);23;13
(3, 4, 6, 7, 8, 9, 13);5;20
(3, 4, 6, 7, 8, 10, 13);16;13
(3, 4, 6, 7, 8, 11, 13);16;13
(3, 4, 6, 7, 8, 12, 13);5;19
(3, 4, 6, 7, 9, 10, 13);16;13
(3, 4, 6, 7, 9, 11, 13);16;13
(3, 4, 6, 7, 9, 12, 13);16;13
(3, 4, 6, 7, 10, 11, 13);16;13
(3, 4, 6, 7, 10, 12, 13);16;13
(3, 4, 6, 7, 11, 12, 13);18;13
(3, 4, 6, 8, 9, 10, 13);16;13
(3, 4, 6, 8, 9, 11, 13);16;13
(3, 4, 6, 8, 9, 12, 13);16;13
(3, 4, 6, 8, 10, 11, 13);16;13
(3, 4, 6, 8, 10, 12, 13);16;13
(3, 4, 6, 8, 11, 12, 13);16;13
(3, 4, 6, 9, 10, 11, 13);16;13
(3, 4, 6, 9, 10, 12, 13);16;13
(3, 4, 6, 9, 11, 12, 13);16;13
(3, 4, 6, 10, 11, 12, 13);16;13
(3, 4, 7, 8, 9, 10, 13);16;13
(3, 4, 7, 8, 9, 11, 13);16;13
(3, 4, 7, 8, 9, 12, 13);16;13
(3, 4, 7, 8, 10, 11, 13);16;13
(3, 4, 7, 8, 10, 12, 13);16;13
(3, 4, 7, 8, 11, 12, 13);16;13
(3, 4, 7, 9, 10, 11, 13);16;13
(3, 4, 7, 9, 10, 12, 13);16;13
(3, 4, 7, 9, 11, 12, 13);16;13
(3, 4, 7, 10, 11, 12, 13);16;13
(3, 4, 8, 9, 10, 11, 13);38;19
(3, 4, 8, 9, 10, 12, 13);39;21
(3, 4, 8, 9, 11, 12, 13);38;68
(3, 4, 8, 10, 11, 12, 13);37;44
(3, 4, 9, 10, 11, 12, 13);22;13
(3, 5, 6, 7, 8, 9, 13);26;13
(3, 5, 6, 7, 8, 10, 13);16;13
(3, 5, 6, 7, 8, 11, 13);16;13
(3, 5, 6, 7, 8, 12, 13);20;13
(3, 5, 6, 7, 9, 10, 13);16;13
(3, 5, 6, 7, 9, 11, 13);16;13
(3, 5, 6, 7, 9, 12, 13);16;13
(3, 5, 6, 7, 10, 11, 13);16;13
(3, 5, 6, 7, 10, 12, 13);16;13
(3, 5, 6, 7, 11, 12, 13);18;13
(3, 5, 6, 8, 9, 10, 13);16;13
(3, 5, 6, 8, 9, 11, 13);16;13
(3, 5, 6, 8, 9, 12, 13);16;13
(3, 5, 6, 8, 10, 11, 13);16;13
(3, 5, 6, 8, 10, 12, 13);16;13
(3, 5, 6, 8, 11, 12, 13);16;13
(3, 5, 6, 9, 10, 11, 13);16;13
(3, 5, 6, 9, 10, 12, 13);16;13
(3, 5, 6, 9, 11, 12, 13);16;13
(3, 5, 6, 10, 11, 12, 13);16;13
(3, 5, 7, 8, 9, 10, 13);16;13
(3, 5, 7, 8, 9, 11, 13);16;13
(3, 5, 7, 8, 9, 12, 13);16;13
(3, 5, 7, 8, 10, 11, 13);16;13
(3, 5, 7, 8, 10, 12, 13);16;13
(3, 5, 7, 8, 11, 12, 13);16;13
(3, 5, 7, 9, 10, 11, 13);16;13
(3, 5, 7, 9, 10, 12, 13);16;13
(3, 5, 7, 9, 11, 12, 13);16;13
(3, 5, 7, 10, 11, 12, 13);16;13
(3, 5, 8, 9, 10, 11, 13);16;13
(3, 5, 8, 9, 10, 12, 13);16;13
(3, 5, 8, 9, 11, 12, 13);16;13
(3, 5, 8, 10, 11, 12, 13);16;13
(3, 5, 9, 10, 11, 12, 13);22;13
(3, 6, 7, 8, 9, 10, 13);16;13
(3, 6, 7, 8, 9, 11, 13);16;13
(3, 6, 7, 8, 9, 12, 13);16;13
(3, 6, 7, 8, 10, 11, 13);16;13
(3, 6, 7, 8, 10, 12, 13);16;13
(3, 6, 7, 8, 11, 12, 13);16;13
(3, 6, 7, 9, 10, 11, 13);16;13
(3, 6, 7, 9, 10, 12, 13);16;13
(3, 6, 7, 9, 11, 12, 13);16;13
(3, 6, 7, 10, 11, 12, 13);16;13
(3, 6, 8, 9, 10, 11, 13);16;13
(3, 6, 8, 9, 10, 12, 13);16;13
(3, 6, 8, 9, 11, 12, 13);16;13
(3, 6, 8, 10, 11, 12, 13);16;13
(3, 6, 9, 10, 11, 12, 13);16;13
(3, 7, 8, 9, 10, 11, 13);18;48
(3, 7, 8, 9, 10, 12, 13);37;15
(3, 7, 8, 9, 11, 12, 13);20;13
(3, 7, 8, 10, 11, 12, 13);20;13
(3, 7, 9, 10, 11, 12, 13);20;13
(3, 8, 9, 10, 11, 12, 13);21;13
(4, 5, 6, 7, 8, 9, 13);17;13
(4, 5, 6, 7, 8, 10, 13);17;13
(4, 5, 6, 7, 8, 11, 13);17;13
(4, 5, 6, 7, 8, 12, 13);17;13
(4, 5, 6, 7, 9, 10, 13);17;13
(4, 5, 6, 7, 9, 11, 13);17;13
(4, 5, 6, 7, 9, 12, 13);17;13
(4, 5, 6, 7, 10, 11, 13);17;13
(4, 5, 6, 7, 10, 12, 13);17;13
(4, 5, 6, 7, 11, 12, 13);17;13
(4, 5, 6, 8, 9, 10, 13);17;13
(4, 5, 6, 8, 9, 11, 13);17;13
(4, 5, 6, 8, 9, 12, 13);17;13
(4, 5, 6, 8, 10, 11, 13);17;13
(4, 5, 6, 8, 10, 12, 13);17;13
(4, 5, 6, 8, 11, 12, 13);17;13
(4, 5, 6, 9, 10, 11, 13);17;13
(4, 5, 6, 9, 10, 12, 13);17;13
(4, 5, 6, 9, 11, 12, 13);17;13
(4, 5, 6, 10, 11, 12, 13);17;13
(4, 5, 7, 8, 9, 10, 13);17;13
(4, 5, 7, 8, 9, 11, 13);17;13
(4, 5, 7, 8, 9, 12, 13);17;13
(4, 5, 7, 8, 10, 11, 13);17;13
(4, 5, 7, 8, 10, 12, 13);17;13
(4, 5, 7, 8, 11, 12, 13);17;13
(4, 5, 7, 9, 10, 11, 13);17;13
(4, 5, 7, 9, 10, 12, 13);17;13
(4, 5, 7, 9, 11, 12, 13);17;13
(4, 5, 7, 10, 11, 12, 13);17;13
(4, 5, 8, 9, 10, 11, 13);17;13
(4, 5, 8, 9, 10, 12, 13);17;13
(4, 5, 8, 9, 11, 12, 13);17;13
(4, 5, 8, 10, 11, 12, 13);17;13
(4, 5, 9, 10, 11, 12, 13);17;13
(4, 6, 7, 8, 9, 10, 13);17;13
(4, 6, 7, 8, 9, 11, 13);17;13
(4, 6, 7, 8, 9, 12, 13);17;13
(4, 6, 7, 8, 10, 11, 13);17;13
(4, 6, 7, 8, 10, 12, 13);17;13
(4, 6, 7, 8, 11, 12, 13);17;13
(4, 6, 7, 9, 10, 11, 13);17;13
(4, 6, 7, 9, 10, 12, 13);17;13
(4, 6, 7, 9, 11, 12, 13);17;13
(4, 6, 7, 10, 11, 12, 13);17;13
(4, 6, 8, 9, 10, 11, 13);17;13
(4, 6, 8, 9, 10, 12, 13);17;13
(4, 6, 8, 9, 11, 12, 13);17;13
(4, 6, 8, 10, 11, 12, 13);17;13
(4, 6, 9, 10, 11, 12, 13);17;13
(4, 7, 8, 9, 10, 11, 13);17;13
(4, 7, 8, 9, 10, 12, 13);17;13
(4, 7, 8, 9, 11, 12, 13);17;13
(4, 7, 8, 10, 11, 12, 13);17;13
(4, 7, 9, 10, 11, 12, 13);17;13
(4, 8, 9, 10, 11, 12, 13);17;13
(5, 6, 7, 8, 9, 10, 13);18;13
(5, 6, 7, 8, 9, 11, 13);18;13
(5, 6, 7, 8, 9, 12, 13);18;13
(5, 6, 7, 8, 10, 11, 13);18;13
(5, 6, 7, 8, 10, 12, 13);18;13
(5, 6, 7, 8, 11, 12, 13);18;13
(5, 6, 7, 9, 10, 11, 13);18;13
(5, 6, 7, 9, 10, 12, 13);18;13
(5, 6, 7, 9, 11, 12, 13);18;13
(5, 6, 7, 10, 11, 12, 13);18;13
(5, 6, 8, 9, 10, 11, 13);18;13
(5, 6, 8, 9, 10, 12, 13);18;13
(5, 6, 8, 9, 11, 12, 13);18;13
(5, 6, 8, 10, 11, 12, 13);18;13
(5, 6, 9, 10, 11, 12, 13);18;13
(5, 7, 8, 9, 10, 11, 13);18;13
(5, 7, 8, 9, 10, 12, 13);18;13
(5, 7, 8, 9, 11, 12, 13);18;13
(5, 7, 8, 10, 11, 12, 13);18;13
(5, 7, 9, 10, 11, 12, 13);18;13
(5, 8, 9, 10, 11, 12, 13);18;13
(6, 7, 8, 9, 10, 11, 13);19;13
(6, 7, 8, 9, 10, 12, 13);19;13
(6, 7, 8, 9, 11, 12, 13);19;13
(6, 7, 8, 10, 11, 12, 13);19;13
(6, 7, 9, 10, 11, 12, 13);19;13
(6, 8, 9, 10, 11, 12, 13);19;13
(7, 8, 9, 10, 11, 12, 13);20;13
