S;p;l
(1, 2, 3, 4, 5, 6, 9);7;9
(1, 2, 3, 4, 5, 7, 9);6;9
(1, 2, 3, 4, 5, 8, 9);6;9
(1, 2, 3, 4, 6, 7, 9);5;9
(1, 2, 3, 4, 6, 8, 9);5;9
(1, 2, 3, 4, 7, 8, 9);5;9
(1, 2, 3, 5, 6, 7, 9);4;9
(1, 2, 3, 5, 6, 8, 9);11;9
(1, 2, 3, 5, 7, 8, 9);10;9
(1, 2, 3, 6, 7, 8, 9);14;9
(1, 2, 4, 5, 6, 7, 9);11;9
(1, 2, 4, 5, 6, 8, 9);10;9
(1, 2, 4, 5, 7, 8, 9);16;9
(1, 2, 4, 6, 7, 8, 9);13;9
(1, 2, 5, 6, 7, 8, 9);13;9
(1, 3, 4, 5, 6, 7, 9);10;9
(1, 3, 4, 5, 6, 8, 9);12;9
(1, 3, 4, 5, 7, 8, 9);12;9
(1, 3, 4, 6, 7, 8, 9);12;9
(1, 3, 5, 6, 7, 8, 9);14;9
(1, 4, 5, 6, 7, 8, 9);12;9
(2, 3, 4, 5, 6, 7, 9);11;9
(2, 3, 4, 5, 6, 8, 9);11;9
(2, 3, 4, 5, 7, 8, 9);11;9
(2, 3, 4, 6, 7, 8, 9);11;9
(2, 3, 5, 6, 7, 8, 9);11;9
(2, 4, 5, 6, 7, 8, 9);11;9
(3, 4, 5, 6, 7, 8, 9);12;9
