S;p;l
(1, 2, 3, 4, 5, 6, 15);7;15
(1, 2, 3, 4, 5, 7, 15);6;15
(1, 2, 3, 4, 5, 8, 15);6;15
(1, 2, 3, 4, 5, 9, 15);6;15
(1, 2, 3, 4, 5, 10, 15);6;15
(1, 2, 3, 4, 5, 11, 15);6;15
(1, 2, 3, 4, 5, 12, 15);13;15
(1, 2, 3, 4, 5, 13, 15);6;15
(1, 2, 3, 4, 5, 14, 15);6;15
(1, 2, 3, 4, 6, 7, 15);18;15
(1, 2, 3, 4, 6, 8, 15);17;15
(1, 2, 3, 4, 6, 9, 15);17;15
(1, 2, 3, 4, 6, 10, 15);12;15
(1, 2, 3, 4, 6, 11, 15);17;15
(1, 2, 3, 4, 6, 12, 15);18;15
(1, 2, 3, 4, 6, 13, 15);17;15
(1, 2, 3, 4, 6, 14, 15);17;15
(1, 2, 3, 4, 7, 8, 15);16;15
(1, 2, 3, 4, 7, 9, 15);16;15
(1, 2, 3, 4, 7, 10, 15);11;15
(1, 2, 3, 4, 7, 11, 15);18;15
(1, 2, 3, 4, 7, 12, 15);16;15
(1, 2, 3, 4, 7, 13, 15);16;15
(1, 2, 3, 4, 7, 14, 15);16;15
(1, 2, 3, 4, 8, 9, 15);16;15
(1, 2, 3, 4, 8, 10, 15);11;15
(1, 2, 3, 4, 8, 11, 15);17;15
(1, 2, 3, 4, 8, 12, 15);16;15
(1, 2, 3, 4, 8, 13, 15);16;15
(1, 2, 3, 4, 8, 14, 15);16;15
(1, 2, 3, 4, 9, 10, 15);11;15
(1, 2, 3, 4, 9, 11, 15);17;15
(1, 2, 3, 4, 9, 12, 15);16;15
(1, 2, 3, 4, 9, 13, 15);16;15
(1, 2, 3, 4, 9, 14, 15);16;15
(1, 2, 3, 4, 10, 11, 15);12;15
(1, 2, 3, 4, 10, 12, 15);11;15
(1, 2, 3, 4, 10, 13, 15);11;15
(1, 2, 3, 4, 10, 14, 15);11;15
(1, 2, 3, 4, 11, 12, 15);18;15
(1, 2, 3, 4, 11, 13, 15);17;15
(1, 2, 3, 4, 11, 14, 15);17;15
(1, 2, 3, 4, 12, 13, 15);16;15
(1, 2, 3, 4, 12, 14, 15);16;15
(1, 2, 3, 4, 13, 14, 15);16;15
(1, 2, 3, 5, 6, 7, 15);4;15
(1, 2, 3, 5, 6, 8, 15);18;15
(1, 2, 3, 5, 6, 9, 15);4;15
(1, 2, 3, 5, 6, 10, 15);4;15
(1, 2, 3, 5, 6, 11, 15);4;15
(1, 2, 3, 5, 6, 12, 15);17;15
(1, 2, 3, 5, 6, 13, 15);4;15
(1, 2, 3, 5, 6, 14, 15);4;15
(1, 2, 3, 5, 7, 8, 15);10;15
(1, 2, 3, 5, 7, 9, 15);4;15
(1, 2, 3, 5, 7, 10, 15);4;15
(1, 2, 3, 5, 7, 11, 15);4;15
(1, 2, 3, 5, 7, 12, 15);14;15
(1, 2, 3, 5, 7, 13, 15);4;15
(1, 2, 3, 5, 7, 14, 15);4;15
(1, 2, 3, 5, 8, 9, 15);10;15
(1, 2, 3, 5, 8, 10, 15);6;15
(1, 2, 3, 5, 8, 11, 15);10;15
(1, 2, 3, 5, 8, 12, 15);10;15
(1, 2, 3, 5, 8, 13, 15);10;15
(1, 2, 3, 5, 8, 14, 15);16;15
(1, 2, 3, 5, 9, 10, 15);4;15
(1, 2, 3, 5, 9, 11, 15);4;15
(1, 2, 3, 5, 9, 12, 15);14;15
(1, 2, 3, 5, 9, 13, 15);4;15
(1, 2, 3, 5, 9, 14, 15);4;15
(1, 2, 3, 5, 10, 11, 15);4;15
(1, 2, 3, 5, 10, 12, 15);17;15
(1, 2, 3, 5, 10, 13, 15);4;15
(1, 2, 3, 5, 10, 14, 15);4;15
(1, 2, 3, 5, 11, 12, 15);14;15
(1, 2, 3, 5, 11, 13, 15);4;15
(1, 2, 3, 5, 11, 14, 15);4;15
(1, 2, 3, 5, 12, 13, 15);14;15
(1, 2, 3, 5, 12, 14, 15);17;15
(1, 2, 3, 5, 13, 14, 15);4;15
(1, 2, 3, 6, 7, 8, 15);9;15
(1, 2, 3, 6, 7, 9, 15);4;15
(1, 2, 3, 6, 7, 10, 15);4;15
(1, 2, 3, 6, 7, 11, 15);4;15
(1, 2, 3, 6, 7, 12, 15);13;15
(1, 2, 3, 6, 7, 13, 15);4;15
(1, 2, 3, 6, 7, 14, 15);4;15
(1, 2, 3, 6, 8, 9, 15);28;15
(1, 2, 3, 6, 8, 10, 15);9;15
(1, 2, 3, 6, 8, 11, 15);9;15
(1, 2, 3, 6, 8, 12, 15);9;15
(1, 2, 3, 6, 8, 13, 15);14;15
(1, 2, 3, 6, 8, 14, 15);16;15
(1, 2, 3, 6, 9, 10, 15);4;15
(1, 2, 3, 6, 9, 11, 15);4;15
(1, 2, 3, 6, 9, 12, 15);18;15
(1, 2, 3, 6, 9, 13, 15);4;15
(1, 2, 3, 6, 9, 14, 15);4;15
(1, 2, 3, 6, 10, 11, 15);4;15
(1, 2, 3, 6, 10, 12, 15);13;15
(1, 2, 3, 6, 10, 13, 15);4;15
(1, 2, 3, 6, 10, 14, 15);4;15
(1, 2, 3, 6, 11, 12, 15);13;15
(1, 2, 3, 6, 11, 13, 15);4;15
(1, 2, 3, 6, 11, 14, 15);4;15
(1, 2, 3, 6, 12, 13, 15);18;15
(1, 2, 3, 6, 12, 14, 15);13;15
(1, 2, 3, 6, 13, 14, 15);4;15
(1, 2, 3, 7, 8, 9, 15);10;15
(1, 2, 3, 7, 8, 10, 15);9;15
(1, 2, 3, 7, 8, 11, 15);9;15
(1, 2, 3, 7, 8, 12, 15);9;15
(1, 2, 3, 7, 8, 13, 15);14;15
(1, 2, 3, 7, 8, 14, 15);22;15
(1, 2, 3, 7, 9, 10, 15);4;15
(1, 2, 3, 7, 9, 11, 15);4;15
(1, 2, 3, 7, 9, 12, 15);14;15
(1, 2, 3, 7, 9, 13, 15);4;15
(1, 2, 3, 7, 9, 14, 15);4;15
(1, 2, 3, 7, 10, 11, 15);4;15
(1, 2, 3, 7, 10, 12, 15);13;15
(1, 2, 3, 7, 10, 13, 15);4;15
(1, 2, 3, 7, 10, 14, 15);4;15
(1, 2, 3, 7, 11, 12, 15);13;15
(1, 2, 3, 7, 11, 13, 15);4;15
(1, 2, 3, 7, 11, 14, 15);4;15
(1, 2, 3, 7, 12, 13, 15);14;15
(1, 2, 3, 7, 12, 14, 15);13;15
(1, 2, 3, 7, 13, 14, 15);4;15
(1, 2, 3, 8, 9, 10, 15);11;15
(1, 2, 3, 8, 9, 11, 15);10;15
(1, 2, 3, 8, 9, 12, 15);10;15
(1, 2, 3, 8, 9, 13, 15);10;15
(1, 2, 3, 8, 9, 14, 15);16;15
(1, 2, 3, 8, 10, 11, 15);9;15
(1, 2, 3, 8, 10, 12, 15);9;15
(1, 2, 3, 8, 10, 13, 15);16;15
(1, 2, 3, 8, 10, 14, 15);16;15
(1, 2, 3, 8, 11, 12, 15);9;15
(1, 2, 3, 8, 11, 13, 15);14;15
(1, 2, 3, 8, 11, 14, 15);22;15
(1, 2, 3, 8, 12, 13, 15);14;15
(1, 2, 3, 8, 12, 14, 15);43;15
(1, 2, 3, 8, 13, 14, 15);16;15
(1, 2, 3, 9, 10, 11, 15);4;15
(1, 2, 3, 9, 10, 12, 15);21;15
(1, 2, 3, 9, 10, 13, 15);4;15
(1, 2, 3, 9, 10, 14, 15);4;15
(1, 2, 3, 9, 11, 12, 15);14;15
(1, 2, 3, 9, 11, 13, 15);4;15
(1, 2, 3, 9, 11, 14, 15);4;15
(1, 2, 3, 9, 12, 13, 15);14;15
(1, 2, 3, 9, 12, 14, 15);21;15
(1, 2, 3, 9, 13, 14, 15);4;15
(1, 2, 3, 10, 11, 12, 15);13;15
(1, 2, 3, 10, 11, 13, 15);4;15
(1, 2, 3, 10, 11, 14, 15);4;15
(1, 2, 3, 10, 12, 13, 15);22;15
(1, 2, 3, 10, 12, 14, 15);13;15
(1, 2, 3, 10, 13, 14, 15);4;15
(1, 2, 3, 11, 12, 13, 15);14;15
(1, 2, 3, 11, 12, 14, 15);13;15
(1, 2, 3, 11, 13, 14, 15);4;15
(1, 2, 3, 12, 13, 14, 15);24;15
(1, 2, 4, 5, 6, 7, 15);11;15
(1, 2, 4, 5, 6, 8, 15);10;15
(1, 2, 4, 5, 6, 9, 15);10;15
(1, 2, 4, 5, 6, 10, 15);11;15
(1, 2, 4, 5, 6, 11, 15);10;15
(1, 2, 4, 5, 6, 12, 15);10;15
(1, 2, 4, 5, 6, 13, 15);17;15
(1, 2, 4, 5, 6, 14, 15);10;15
(1, 2, 4, 5, 7, 8, 15);22;15
(1, 2, 4, 5, 7, 9, 15);14;15
(1, 2, 4, 5, 7, 10, 15);20;15
(1, 2, 4, 5, 7, 11, 15);22;15
(1, 2, 4, 5, 7, 12, 15);17;15
(1, 2, 4, 5, 7, 13, 15);20;15
(1, 2, 4, 5, 7, 14, 15);22;15
(1, 2, 4, 5, 8, 9, 15);13;15
(1, 2, 4, 5, 8, 10, 15);23;15
(1, 2, 4, 5, 8, 11, 15);19;15
(1, 2, 4, 5, 8, 12, 15);16;15
(1, 2, 4, 5, 8, 13, 15);23;15
(1, 2, 4, 5, 8, 14, 15);19;15
(1, 2, 4, 5, 9, 10, 15);14;15
(1, 2, 4, 5, 9, 11, 15);13;15
(1, 2, 4, 5, 9, 12, 15);13;15
(1, 2, 4, 5, 9, 13, 15);14;15
(1, 2, 4, 5, 9, 14, 15);13;15
(1, 2, 4, 5, 10, 11, 15);25;15
(1, 2, 4, 5, 10, 12, 15);17;15
(1, 2, 4, 5, 10, 13, 15);20;15
(1, 2, 4, 5, 10, 14, 15);25;15
(1, 2, 4, 5, 11, 12, 15);16;15
(1, 2, 4, 5, 11, 13, 15);26;15
(1, 2, 4, 5, 11, 14, 15);19;15
(1, 2, 4, 5, 12, 13, 15);17;15
(1, 2, 4, 5, 12, 14, 15);16;15
(1, 2, 4, 5, 13, 14, 15);28;15
(1, 2, 4, 6, 7, 8, 15);62;17
(1, 2, 4, 6, 7, 9, 15);8;15
(1, 2, 4, 6, 7, 10, 15);8;15
(1, 2, 4, 6, 7, 11, 15);13;15
(1, 2, 4, 6, 7, 12, 15);8;15
(1, 2, 4, 6, 7, 13, 15);19;15
(1, 2, 4, 6, 7, 14, 15);8;15
(1, 2, 4, 6, 8, 9, 15);10;15
(1, 2, 4, 6, 8, 10, 15);12;28
(1, 2, 4, 6, 8, 11, 15);10;15
(1, 2, 4, 6, 8, 12, 15);10;15
(1, 2, 4, 6, 8, 13, 15);17;15
(1, 2, 4, 6, 8, 14, 15);10;15
(1, 2, 4, 6, 9, 10, 15);8;15
(1, 2, 4, 6, 9, 11, 15);13;15
(1, 2, 4, 6, 9, 12, 15);8;15
(1, 2, 4, 6, 9, 13, 15);19;15
(1, 2, 4, 6, 9, 14, 15);8;15
(1, 2, 4, 6, 10, 11, 15);21;15
(1, 2, 4, 6, 10, 12, 15);8;15
(1, 2, 4, 6, 10, 13, 15);19;15
(1, 2, 4, 6, 10, 14, 15);8;15
(1, 2, 4, 6, 11, 12, 15);13;15
(1, 2, 4, 6, 11, 13, 15);17;15
(1, 2, 4, 6, 11, 14, 15);13;15
(1, 2, 4, 6, 12, 13, 15);19;15
(1, 2, 4, 6, 12, 14, 15);8;15
(1, 2, 4, 6, 13, 14, 15);27;15
(1, 2, 4, 7, 8, 9, 15);16;15
(1, 2, 4, 7, 8, 10, 15);23;15
(1, 2, 4, 7, 8, 11, 15);22;15
(1, 2, 4, 7, 8, 12, 15);19;15
(1, 2, 4, 7, 8, 13, 15);23;15
(1, 2, 4, 7, 8, 14, 15);22;15
(1, 2, 4, 7, 9, 10, 15);11;15
(1, 2, 4, 7, 9, 11, 15);16;15
(1, 2, 4, 7, 9, 12, 15);11;15
(1, 2, 4, 7, 9, 13, 15);11;15
(1, 2, 4, 7, 9, 14, 15);16;15
(1, 2, 4, 7, 10, 11, 15);25;15
(1, 2, 4, 7, 10, 12, 15);14;15
(1, 2, 4, 7, 10, 13, 15);17;15
(1, 2, 4, 7, 10, 14, 15);25;15
(1, 2, 4, 7, 11, 12, 15);19;15
(1, 2, 4, 7, 11, 13, 15);26;15
(1, 2, 4, 7, 11, 14, 15);22;15
(1, 2, 4, 7, 12, 13, 15);14;15
(1, 2, 4, 7, 12, 14, 15);19;15
(1, 2, 4, 7, 13, 14, 15);28;15
(1, 2, 4, 8, 9, 10, 15);17;15
(1, 2, 4, 8, 9, 11, 15);13;15
(1, 2, 4, 8, 9, 12, 15);13;15
(1, 2, 4, 8, 9, 13, 15);17;15
(1, 2, 4, 8, 9, 14, 15);13;15
(1, 2, 4, 8, 10, 11, 15);25;15
(1, 2, 4, 8, 10, 12, 15);20;15
(1, 2, 4, 8, 10, 13, 15);23;15
(1, 2, 4, 8, 10, 14, 15);25;15
(1, 2, 4, 8, 11, 12, 15);16;15
(1, 2, 4, 8, 11, 13, 15);26;15
(1, 2, 4, 8, 11, 14, 15);19;15
(1, 2, 4, 8, 12, 13, 15);20;15
(1, 2, 4, 8, 12, 14, 15);16;15
(1, 2, 4, 8, 13, 14, 15);28;15
(1, 2, 4, 9, 10, 11, 15);19;15
(1, 2, 4, 9, 10, 12, 15);11;15
(1, 2, 4, 9, 10, 13, 15);11;15
(1, 2, 4, 9, 10, 14, 15);8;17
(1, 2, 4, 9, 11, 12, 15);13;15
(1, 2, 4, 9, 11, 13, 15);20;15
(1, 2, 4, 9, 11, 14, 15);13;15
(1, 2, 4, 9, 12, 13, 15);11;15
(1, 2, 4, 9, 12, 14, 15);16;15
(1, 2, 4, 9, 13, 14, 15);27;15
(1, 2, 4, 10, 11, 12, 15);22;15
(1, 2, 4, 10, 11, 13, 15);26;15
(1, 2, 4, 10, 11, 14, 15);25;15
(1, 2, 4, 10, 12, 13, 15);14;15
(1, 2, 4, 10, 12, 14, 15);22;15
(1, 2, 4, 10, 13, 14, 15);28;15
(1, 2, 4, 11, 12, 13, 15);23;15
(1, 2, 4, 11, 12, 14, 15);16;15
(1, 2, 4, 11, 13, 14, 15);28;15
(1, 2, 4, 12, 13, 14, 15);25;15
(1, 2, 5, 6, 7, 8, 15);25;16
(1, 2, 5, 6, 7, 9, 15);11;15
(1, 2, 5, 6, 7, 10, 15);11;15
(1, 2, 5, 6, 7, 11, 15);4;16
(1, 2, 5, 6, 7, 12, 15);11;15
(1, 2, 5, 6, 7, 13, 15);11;15
(1, 2, 5, 6, 7, 14, 15);19;15
(1, 2, 5, 6, 8, 9, 15);7;15
(1, 2, 5, 6, 8, 10, 15);25;15
(1, 2, 5, 6, 8, 11, 15);17;15
(1, 2, 5, 6, 8, 12, 15);7;15
(1, 2, 5, 6, 8, 13, 15);7;15
(1, 2, 5, 6, 8, 14, 15);39;15
(1, 2, 5, 6, 9, 10, 15);25;15
(1, 2, 5, 6, 9, 11, 15);17;15
(1, 2, 5, 6, 9, 12, 15);7;15
(1, 2, 5, 6, 9, 13, 15);7;15
(1, 2, 5, 6, 9, 14, 15);20;15
(1, 2, 5, 6, 10, 11, 15);16;15
(1, 2, 5, 6, 10, 12, 15);25;15
(1, 2, 5, 6, 10, 13, 15);25;29
(1, 2, 5, 6, 10, 14, 15);59;15
(1, 2, 5, 6, 11, 12, 15);17;15
(1, 2, 5, 6, 11, 13, 15);24;15
(1, 2, 5, 6, 11, 14, 15);16;15
(1, 2, 5, 6, 12, 13, 15);7;15
(1, 2, 5, 6, 12, 14, 15);20;15
(1, 2, 5, 6, 13, 14, 15);45;15
(1, 2, 5, 7, 8, 9, 15);16;15
(1, 2, 5, 7, 8, 10, 15);23;15
(1, 2, 5, 7, 8, 11, 15);22;15
(1, 2, 5, 7, 8, 12, 15);19;15
(1, 2, 5, 7, 8, 13, 15);23;15
(1, 2, 5, 7, 8, 14, 15);22;15
(1, 2, 5, 7, 9, 10, 15);14;15
(1, 2, 5, 7, 9, 11, 15);16;15
(1, 2, 5, 7, 9, 12, 15);14;15
(1, 2, 5, 7, 9, 13, 15);14;15
(1, 2, 5, 7, 9, 14, 15);16;15
(1, 2, 5, 7, 10, 11, 15);25;15
(1, 2, 5, 7, 10, 12, 15);17;15
(1, 2, 5, 7, 10, 13, 15);20;15
(1, 2, 5, 7, 10, 14, 15);25;15
(1, 2, 5, 7, 11, 12, 15);19;15
(1, 2, 5, 7, 11, 13, 15);26;15
(1, 2, 5, 7, 11, 14, 15);22;15
(1, 2, 5, 7, 12, 13, 15);17;15
(1, 2, 5, 7, 12, 14, 15);19;15
(1, 2, 5, 7, 13, 14, 15);28;15
(1, 2, 5, 8, 9, 10, 15);17;15
(1, 2, 5, 8, 9, 11, 15);10;15
(1, 2, 5, 8, 9, 12, 15);10;15
(1, 2, 5, 8, 9, 13, 15);7;16
(1, 2, 5, 8, 9, 14, 15);23;15
(1, 2, 5, 8, 10, 11, 15);25;15
(1, 2, 5, 8, 10, 12, 15);20;15
(1, 2, 5, 8, 10, 13, 15);23;15
(1, 2, 5, 8, 10, 14, 15);25;15
(1, 2, 5, 8, 11, 12, 15);13;15
(1, 2, 5, 8, 11, 13, 15);26;15
(1, 2, 5, 8, 11, 14, 15);16;15
(1, 2, 5, 8, 12, 13, 15);20;15
(1, 2, 5, 8, 12, 14, 15);13;15
(1, 2, 5, 8, 13, 14, 15);28;15
(1, 2, 5, 9, 10, 11, 15);19;15
(1, 2, 5, 9, 10, 12, 15);14;15
(1, 2, 5, 9, 10, 13, 15);14;15
(1, 2, 5, 9, 10, 14, 15);19;15
(1, 2, 5, 9, 11, 12, 15);10;15
(1, 2, 5, 9, 11, 13, 15);24;15
(1, 2, 5, 9, 11, 14, 15);23;15
(1, 2, 5, 9, 12, 13, 15);14;15
(1, 2, 5, 9, 12, 14, 15);23;15
(1, 2, 5, 9, 13, 14, 15);48;15
(1, 2, 5, 10, 11, 12, 15);22;15
(1, 2, 5, 10, 11, 13, 15);26;15
(1, 2, 5, 10, 11, 14, 15);25;15
(1, 2, 5, 10, 12, 13, 15);17;15
(1, 2, 5, 10, 12, 14, 15);22;15
(1, 2, 5, 10, 13, 14, 15);28;15
(1, 2, 5, 11, 12, 13, 15);23;15
(1, 2, 5, 11, 12, 14, 15);13;15
(1, 2, 5, 11, 13, 14, 15);28;15
(1, 2, 5, 12, 13, 14, 15);25;15
(1, 2, 6, 7, 8, 9, 15);13;15
(1, 2, 6, 7, 8, 10, 15);9;25
(1, 2, 6, 7, 8, 11, 15);9;25
(1, 2, 6, 7, 8, 12, 15);13;15
(1, 2, 6, 7, 8, 13, 15);14;17
(1, 2, 6, 7, 8, 14, 15);34;43
(1, 2, 6, 7, 9, 10, 15);8;15
(1, 2, 6, 7, 9, 11, 15);13;15
(1, 2, 6, 7, 9, 12, 15);8;15
(1, 2, 6, 7, 9, 13, 15);19;15
(1, 2, 6, 7, 9, 14, 15);8;15
(1, 2, 6, 7, 10, 11, 15);4;15
(1, 2, 6, 7, 10, 12, 15);8;15
(1, 2, 6, 7, 10, 13, 15);19;15
(1, 2, 6, 7, 10, 14, 15);8;15
(1, 2, 6, 7, 11, 12, 15);13;15
(1, 2, 6, 7, 11, 13, 15);17;41
(1, 2, 6, 7, 11, 14, 15);4;15
(1, 2, 6, 7, 12, 13, 15);19;15
(1, 2, 6, 7, 12, 14, 15);8;15
(1, 2, 6, 7, 13, 14, 15);27;15
(1, 2, 6, 8, 9, 10, 15);30;15
(1, 2, 6, 8, 9, 11, 15);17;15
(1, 2, 6, 8, 9, 12, 15);7;15
(1, 2, 6, 8, 9, 13, 15);7;15
(1, 2, 6, 8, 9, 14, 15);20;15
(1, 2, 6, 8, 10, 11, 15);16;27
(1, 2, 6, 8, 10, 12, 15);25;15
(1, 2, 6, 8, 10, 13, 15);23;15
(1, 2, 6, 8, 10, 14, 15);16;15
(1, 2, 6, 8, 11, 12, 15);17;15
(1, 2, 6, 8, 11, 13, 15);24;15
(1, 2, 6, 8, 11, 14, 15);16;15
(1, 2, 6, 8, 12, 13, 15);7;15
(1, 2, 6, 8, 12, 14, 15);20;15
(1, 2, 6, 8, 13, 14, 15);45;15
(1, 2, 6, 9, 10, 11, 15);4;47
(1, 2, 6, 9, 10, 12, 15);25;15
(1, 2, 6, 9, 10, 13, 15);30;15
(1, 2, 6, 9, 10, 14, 15);8;41
(1, 2, 6, 9, 11, 12, 15);17;15
(1, 2, 6, 9, 11, 13, 15);24;15
(1, 2, 6, 9, 11, 14, 15);20;15
(1, 2, 6, 9, 12, 13, 15);7;15
(1, 2, 6, 9, 12, 14, 15);20;15
(1, 2, 6, 9, 13, 14, 15);26;21
(1, 2, 6, 10, 11, 12, 15);36;35
(1, 2, 6, 10, 11, 13, 15);45;15
(1, 2, 6, 10, 11, 14, 15);4;24
(1, 2, 6, 10, 12, 13, 15);25;15
(1, 2, 6, 10, 12, 14, 15);40;51
(1, 2, 6, 10, 13, 14, 15);83;15
(1, 2, 6, 11, 12, 13, 15);24;15
(1, 2, 6, 11, 12, 14, 15);20;15
(1, 2, 6, 11, 13, 14, 15);45;41
(1, 2, 6, 12, 13, 14, 15);26;15
(1, 2, 7, 8, 9, 10, 15);17;15
(1, 2, 7, 8, 9, 11, 15);16;15
(1, 2, 7, 8, 9, 12, 15);16;15
(1, 2, 7, 8, 9, 13, 15);17;15
(1, 2, 7, 8, 9, 14, 15);16;15
(1, 2, 7, 8, 10, 11, 15);25;15
(1, 2, 7, 8, 10, 12, 15);20;15
(1, 2, 7, 8, 10, 13, 15);23;15
(1, 2, 7, 8, 10, 14, 15);25;15
(1, 2, 7, 8, 11, 12, 15);19;15
(1, 2, 7, 8, 11, 13, 15);26;15
(1, 2, 7, 8, 11, 14, 15);22;15
(1, 2, 7, 8, 12, 13, 15);20;15
(1, 2, 7, 8, 12, 14, 15);19;15
(1, 2, 7, 8, 13, 14, 15);28;15
(1, 2, 7, 9, 10, 11, 15);19;15
(1, 2, 7, 9, 10, 12, 15);11;15
(1, 2, 7, 9, 10, 13, 15);11;15
(1, 2, 7, 9, 10, 14, 15);8;17
(1, 2, 7, 9, 11, 12, 15);16;15
(1, 2, 7, 9, 11, 13, 15);20;15
(1, 2, 7, 9, 11, 14, 15);16;15
(1, 2, 7, 9, 12, 13, 15);11;15
(1, 2, 7, 9, 12, 14, 15);16;15
(1, 2, 7, 9, 13, 14, 15);27;15
(1, 2, 7, 10, 11, 12, 15);22;15
(1, 2, 7, 10, 11, 13, 15);26;15
(1, 2, 7, 10, 11, 14, 15);25;15
(1, 2, 7, 10, 12, 13, 15);14;15
(1, 2, 7, 10, 12, 14, 15);22;15
(1, 2, 7, 10, 13, 14, 15);28;15
(1, 2, 7, 11, 12, 13, 15);23;15
(1, 2, 7, 11, 12, 14, 15);19;15
(1, 2, 7, 11, 13, 14, 15);28;15
(1, 2, 7, 12, 13, 14, 15);25;15
(1, 2, 8, 9, 10, 11, 15);19;15
(1, 2, 8, 9, 10, 12, 15);17;15
(1, 2, 8, 9, 10, 13, 15);17;15
(1, 2, 8, 9, 10, 14, 15);19;15
(1, 2, 8, 9, 11, 12, 15);10;15
(1, 2, 8, 9, 11, 13, 15);24;15
(1, 2, 8, 9, 11, 14, 15);23;15
(1, 2, 8, 9, 12, 13, 15);7;16
(1, 2, 8, 9, 12, 14, 15);23;15
(1, 2, 8, 9, 13, 14, 15);48;15
(1, 2, 8, 10, 11, 12, 15);22;15
(1, 2, 8, 10, 11, 13, 15);26;15
(1, 2, 8, 10, 11, 14, 15);25;15
(1, 2, 8, 10, 12, 13, 15);20;15
(1, 2, 8, 10, 12, 14, 15);22;15
(1, 2, 8, 10, 13, 14, 15);28;15
(1, 2, 8, 11, 12, 13, 15);23;15
(1, 2, 8, 11, 12, 14, 15);13;15
(1, 2, 8, 11, 13, 14, 15);28;15
(1, 2, 8, 12, 13, 14, 15);25;15
(1, 2, 9, 10, 11, 12, 15);19;15
(1, 2, 9, 10, 11, 13, 15);20;15
(1, 2, 9, 10, 11, 14, 15);19;15
(1, 2, 9, 10, 12, 13, 15);11;15
(1, 2, 9, 10, 12, 14, 15);8;17
(1, 2, 9, 10, 13, 14, 15);27;15
(1, 2, 9, 11, 12, 13, 15);24;15
(1, 2, 9, 11, 12, 14, 15);23;15
(1, 2, 9, 11, 13, 14, 15);48;15
(1, 2, 9, 12, 13, 14, 15);26;15
(1, 2, 10, 11, 12, 13, 15);23;15
(1, 2, 10, 11, 12, 14, 15);22;15
(1, 2, 10, 11, 13, 14, 15);28;15
(1, 2, 10, 12, 13, 14, 15);25;15
(1, 2, 11, 12, 13, 14, 15);25;15
(1, 3, 4, 5, 6, 7, 15);10;15
(1, 3, 4, 5, 6, 8, 15);9;15
(1, 3, 4, 5, 6, 9, 15);10;15
(1, 3, 4, 5, 6, 10, 15);9;15
(1, 3, 4, 5, 6, 11, 15);16;15
(1, 3, 4, 5, 6, 12, 15);9;15
(1, 3, 4, 5, 6, 13, 15);9;15
(1, 3, 4, 5, 6, 14, 15);9;15
(1, 3, 4, 5, 7, 8, 15);11;15
(1, 3, 4, 5, 7, 9, 15);8;15
(1, 3, 4, 5, 7, 10, 15);14;15
(1, 3, 4, 5, 7, 11, 15);8;15
(1, 3, 4, 5, 7, 12, 15);8;15
(1, 3, 4, 5, 7, 13, 15);8;15
(1, 3, 4, 5, 7, 14, 15);18;15
(1, 3, 4, 5, 8, 9, 15);12;15
(1, 3, 4, 5, 8, 10, 15);9;15
(1, 3, 4, 5, 8, 11, 15);16;15
(1, 3, 4, 5, 8, 12, 15);9;15
(1, 3, 4, 5, 8, 13, 15);9;15
(1, 3, 4, 5, 8, 14, 15);9;15
(1, 3, 4, 5, 9, 10, 15);14;15
(1, 3, 4, 5, 9, 11, 15);8;15
(1, 3, 4, 5, 9, 12, 15);8;15
(1, 3, 4, 5, 9, 13, 15);8;15
(1, 3, 4, 5, 9, 14, 15);18;15
(1, 3, 4, 5, 10, 11, 15);14;15
(1, 3, 4, 5, 10, 12, 15);22;15
(1, 3, 4, 5, 10, 13, 15);14;15
(1, 3, 4, 5, 10, 14, 15);19;15
(1, 3, 4, 5, 11, 12, 15);8;15
(1, 3, 4, 5, 11, 13, 15);8;15
(1, 3, 4, 5, 11, 14, 15);18;15
(1, 3, 4, 5, 12, 13, 15);8;15
(1, 3, 4, 5, 12, 14, 15);26;15
(1, 3, 4, 5, 13, 14, 15);18;15
(1, 3, 4, 6, 7, 8, 15);11;15
(1, 3, 4, 6, 7, 9, 15);10;15
(1, 3, 4, 6, 7, 10, 15);11;15
(1, 3, 4, 6, 7, 11, 15);10;15
(1, 3, 4, 6, 7, 12, 15);18;15
(1, 3, 4, 6, 7, 13, 15);10;15
(1, 3, 4, 6, 7, 14, 15);10;15
(1, 3, 4, 6, 8, 9, 15);12;15
(1, 3, 4, 6, 8, 10, 15);7;15
(1, 3, 4, 6, 8, 11, 15);7;15
(1, 3, 4, 6, 8, 12, 15);16;15
(1, 3, 4, 6, 8, 13, 15);7;15
(1, 3, 4, 6, 8, 14, 15);18;15
(1, 3, 4, 6, 9, 10, 15);19;15
(1, 3, 4, 6, 9, 11, 15);12;15
(1, 3, 4, 6, 9, 12, 15);18;15
(1, 3, 4, 6, 9, 13, 15);12;15
(1, 3, 4, 6, 9, 14, 15);29;15
(1, 3, 4, 6, 10, 11, 15);7;15
(1, 3, 4, 6, 10, 12, 15);16;15
(1, 3, 4, 6, 10, 13, 15);7;15
(1, 3, 4, 6, 10, 14, 15);18;15
(1, 3, 4, 6, 11, 12, 15);23;15
(1, 3, 4, 6, 11, 13, 15);7;15
(1, 3, 4, 6, 11, 14, 15);25;97
(1, 3, 4, 6, 12, 13, 15);16;15
(1, 3, 4, 6, 12, 14, 15);18;15
(1, 3, 4, 6, 13, 14, 15);9;21
(1, 3, 4, 7, 8, 9, 15);12;15
(1, 3, 4, 7, 8, 10, 15);11;15
(1, 3, 4, 7, 8, 11, 15);12;15
(1, 3, 4, 7, 8, 12, 15);11;15
(1, 3, 4, 7, 8, 13, 15);16;19
(1, 3, 4, 7, 8, 14, 15);11;15
(1, 3, 4, 7, 9, 10, 15);19;15
(1, 3, 4, 7, 9, 11, 15);8;15
(1, 3, 4, 7, 9, 12, 15);8;15
(1, 3, 4, 7, 9, 13, 15);8;15
(1, 3, 4, 7, 9, 14, 15);18;15
(1, 3, 4, 7, 10, 11, 15);14;15
(1, 3, 4, 7, 10, 12, 15);19;15
(1, 3, 4, 7, 10, 13, 15);14;15
(1, 3, 4, 7, 10, 14, 15);30;15
(1, 3, 4, 7, 11, 12, 15);8;15
(1, 3, 4, 7, 11, 13, 15);8;15
(1, 3, 4, 7, 11, 14, 15);18;15
(1, 3, 4, 7, 12, 13, 15);8;15
(1, 3, 4, 7, 12, 14, 15);26;15
(1, 3, 4, 7, 13, 14, 15);18;15
(1, 3, 4, 8, 9, 10, 15);18;15
(1, 3, 4, 8, 9, 11, 15);12;15
(1, 3, 4, 8, 9, 12, 15);18;28
(1, 3, 4, 8, 9, 13, 15);12;15
(1, 3, 4, 8, 9, 14, 15);23;15
(1, 3, 4, 8, 10, 11, 15);7;15
(1, 3, 4, 8, 10, 12, 15);16;15
(1, 3, 4, 8, 10, 13, 15);7;15
(1, 3, 4, 8, 10, 14, 15);18;15
(1, 3, 4, 8, 11, 12, 15);23;15
(1, 3, 4, 8, 11, 13, 15);7;15
(1, 3, 4, 8, 11, 14, 15);6;79
(1, 3, 4, 8, 12, 13, 15);16;15
(1, 3, 4, 8, 12, 14, 15);18;15
(1, 3, 4, 8, 13, 14, 15);9;21
(1, 3, 4, 9, 10, 11, 15);19;15
(1, 3, 4, 9, 10, 12, 15);37;34
(1, 3, 4, 9, 10, 13, 15);19;15
(1, 3, 4, 9, 10, 14, 15);18;15
(1, 3, 4, 9, 11, 12, 15);8;40
(1, 3, 4, 9, 11, 13, 15);12;15
(1, 3, 4, 9, 11, 14, 15);29;15
(1, 3, 4, 9, 12, 13, 15);39;38
(1, 3, 4, 9, 12, 14, 15);84;16
(1, 3, 4, 9, 13, 14, 15);28;15
(1, 3, 4, 10, 11, 12, 15);23;15
(1, 3, 4, 10, 11, 13, 15);7;15
(1, 3, 4, 10, 11, 14, 15);25;15
(1, 3, 4, 10, 12, 13, 15);16;15
(1, 3, 4, 10, 12, 14, 15);18;15
(1, 3, 4, 10, 13, 14, 15);9;21
(1, 3, 4, 11, 12, 13, 15);23;15
(1, 3, 4, 11, 12, 14, 15);25;15
(1, 3, 4, 11, 13, 14, 15);18;35
(1, 3, 4, 12, 13, 14, 15);9;21
(1, 3, 5, 6, 7, 8, 15);22;15
(1, 3, 5, 6, 7, 9, 15);12;15
(1, 3, 5, 6, 7, 10, 15);4;25
(1, 3, 5, 6, 7, 11, 15);12;15
(1, 3, 5, 6, 7, 12, 15);18;19
(1, 3, 5, 6, 7, 13, 15);12;15
(1, 3, 5, 6, 7, 14, 15);20;15
(1, 3, 5, 6, 8, 9, 15);14;15
(1, 3, 5, 6, 8, 10, 15);20;15
(1, 3, 5, 6, 8, 11, 15);14;15
(1, 3, 5, 6, 8, 12, 15);20;15
(1, 3, 5, 6, 8, 13, 15);18;15
(1, 3, 5, 6, 8, 14, 15);20;15
(1, 3, 5, 6, 9, 10, 15);16;15
(1, 3, 5, 6, 9, 11, 15);12;15
(1, 3, 5, 6, 9, 12, 15);18;15
(1, 3, 5, 6, 9, 13, 15);12;15
(1, 3, 5, 6, 9, 14, 15);20;15
(1, 3, 5, 6, 10, 11, 15);16;15
(1, 3, 5, 6, 10, 12, 15);20;15
(1, 3, 5, 6, 10, 13, 15);18;15
(1, 3, 5, 6, 10, 14, 15);20;15
(1, 3, 5, 6, 11, 12, 15);18;15
(1, 3, 5, 6, 11, 13, 15);12;15
(1, 3, 5, 6, 11, 14, 15);20;15
(1, 3, 5, 6, 12, 13, 15);18;15
(1, 3, 5, 6, 12, 14, 15);20;15
(1, 3, 5, 6, 13, 14, 15);9;20
(1, 3, 5, 7, 8, 9, 15);16;15
(1, 3, 5, 7, 8, 10, 15);18;15
(1, 3, 5, 7, 8, 11, 15);16;15
(1, 3, 5, 7, 8, 12, 15);20;15
(1, 3, 5, 7, 8, 13, 15);16;15
(1, 3, 5, 7, 8, 14, 15);22;15
(1, 3, 5, 7, 9, 10, 15);20;15
(1, 3, 5, 7, 9, 11, 15);2;15
(1, 3, 5, 7, 9, 12, 15);24;15
(1, 3, 5, 7, 9, 13, 15);2;15
(1, 3, 5, 7, 9, 14, 15);28;15
(1, 3, 5, 7, 10, 11, 15);20;15
(1, 3, 5, 7, 10, 12, 15);22;15
(1, 3, 5, 7, 10, 13, 15);20;15
(1, 3, 5, 7, 10, 14, 15);24;15
(1, 3, 5, 7, 11, 12, 15);24;15
(1, 3, 5, 7, 11, 13, 15);2;15
(1, 3, 5, 7, 11, 14, 15);28;15
(1, 3, 5, 7, 12, 13, 15);24;15
(1, 3, 5, 7, 12, 14, 15);26;15
(1, 3, 5, 7, 13, 14, 15);28;15
(1, 3, 5, 8, 9, 10, 15);18;15
(1, 3, 5, 8, 9, 11, 15);16;15
(1, 3, 5, 8, 9, 12, 15);20;15
(1, 3, 5, 8, 9, 13, 15);16;15
(1, 3, 5, 8, 9, 14, 15);22;15
(1, 3, 5, 8, 10, 11, 15);18;15
(1, 3, 5, 8, 10, 12, 15);20;15
(1, 3, 5, 8, 10, 13, 15);18;15
(1, 3, 5, 8, 10, 14, 15);20;52
(1, 3, 5, 8, 11, 12, 15);20;15
(1, 3, 5, 8, 11, 13, 15);16;15
(1, 3, 5, 8, 11, 14, 15);22;15
(1, 3, 5, 8, 12, 13, 15);20;15
(1, 3, 5, 8, 12, 14, 15);20;32
(1, 3, 5, 8, 13, 14, 15);22;15
(1, 3, 5, 9, 10, 11, 15);20;15
(1, 3, 5, 9, 10, 12, 15);22;15
(1, 3, 5, 9, 10, 13, 15);20;15
(1, 3, 5, 9, 10, 14, 15);24;15
(1, 3, 5, 9, 11, 12, 15);24;15
(1, 3, 5, 9, 11, 13, 15);2;15
(1, 3, 5, 9, 11, 14, 15);28;15
(1, 3, 5, 9, 12, 13, 15);24;15
(1, 3, 5, 9, 12, 14, 15);26;15
(1, 3, 5, 9, 13, 14, 15);28;15
(1, 3, 5, 10, 11, 12, 15);22;15
(1, 3, 5, 10, 11, 13, 15);20;15
(1, 3, 5, 10, 11, 14, 15);24;15
(1, 3, 5, 10, 12, 13, 15);22;15
(1, 3, 5, 10, 12, 14, 15);24;15
(1, 3, 5, 10, 13, 14, 15);24;15
(1, 3, 5, 11, 12, 13, 15);24;15
(1, 3, 5, 11, 12, 14, 15);26;15
(1, 3, 5, 11, 13, 14, 15);28;15
(1, 3, 5, 12, 13, 14, 15);26;15
(1, 3, 6, 7, 8, 9, 15);14;15
(1, 3, 6, 7, 8, 10, 15);9;43
(1, 3, 6, 7, 8, 11, 15);14;15
(1, 3, 6, 7, 8, 12, 15);9;52
(1, 3, 6, 7, 8, 13, 15);14;15
(1, 3, 6, 7, 8, 14, 15);22;15
(1, 3, 6, 7, 9, 10, 15);16;15
(1, 3, 6, 7, 9, 11, 15);12;15
(1, 3, 6, 7, 9, 12, 15);18;15
(1, 3, 6, 7, 9, 13, 15);12;15
(1, 3, 6, 7, 9, 14, 15);20;15
(1, 3, 6, 7, 10, 11, 15);16;15
(1, 3, 6, 7, 10, 12, 15);13;22
(1, 3, 6, 7, 10, 13, 15);16;15
(1, 3, 6, 7, 10, 14, 15);4;25
(1, 3, 6, 7, 11, 12, 15);18;15
(1, 3, 6, 7, 11, 13, 15);12;15
(1, 3, 6, 7, 11, 14, 15);20;15
(1, 3, 6, 7, 12, 13, 15);18;15
(1, 3, 6, 7, 12, 14, 15);18;19
(1, 3, 6, 7, 13, 14, 15);20;15
(1, 3, 6, 8, 9, 10, 15);16;15
(1, 3, 6, 8, 9, 11, 15);14;15
(1, 3, 6, 8, 9, 12, 15);18;15
(1, 3, 6, 8, 9, 13, 15);14;15
(1, 3, 6, 8, 9, 14, 15);20;15
(1, 3, 6, 8, 10, 11, 15);7;22
(1, 3, 6, 8, 10, 12, 15);9;15
(1, 3, 6, 8, 10, 13, 15);16;15
(1, 3, 6, 8, 10, 14, 15);29;15
(1, 3, 6, 8, 11, 12, 15);9;27
(1, 3, 6, 8, 11, 13, 15);14;15
(1, 3, 6, 8, 11, 14, 15);22;29
(1, 3, 6, 8, 12, 13, 15);25;15
(1, 3, 6, 8, 12, 14, 15);29;15
(1, 3, 6, 8, 13, 14, 15);27;15
(1, 3, 6, 9, 10, 11, 15);16;15
(1, 3, 6, 9, 10, 12, 15);18;15
(1, 3, 6, 9, 10, 13, 15);16;15
(1, 3, 6, 9, 10, 14, 15);20;15
(1, 3, 6, 9, 11, 12, 15);18;15
(1, 3, 6, 9, 11, 13, 15);12;15
(1, 3, 6, 9, 11, 14, 15);20;15
(1, 3, 6, 9, 12, 13, 15);18;15
(1, 3, 6, 9, 12, 14, 15);20;15
(1, 3, 6, 9, 13, 14, 15);20;15
(1, 3, 6, 10, 11, 12, 15);13;42
(1, 3, 6, 10, 11, 13, 15);7;22
(1, 3, 6, 10, 11, 14, 15);4;28
(1, 3, 6, 10, 12, 13, 15);25;15
(1, 3, 6, 10, 12, 14, 15);29;15
(1, 3, 6, 10, 13, 14, 15);27;15
(1, 3, 6, 11, 12, 13, 15);23;21
(1, 3, 6, 11, 12, 14, 15);13;61
(1, 3, 6, 11, 13, 14, 15);4;37
(1, 3, 6, 12, 13, 14, 15);27;15
(1, 3, 7, 8, 9, 10, 15);18;15
(1, 3, 7, 8, 9, 11, 15);16;15
(1, 3, 7, 8, 9, 12, 15);20;15
(1, 3, 7, 8, 9, 13, 15);16;15
(1, 3, 7, 8, 9, 14, 15);22;15
(1, 3, 7, 8, 10, 11, 15);18;15
(1, 3, 7, 8, 10, 12, 15);20;15
(1, 3, 7, 8, 10, 13, 15);18;15
(1, 3, 7, 8, 10, 14, 15);22;15
(1, 3, 7, 8, 11, 12, 15);20;15
(1, 3, 7, 8, 11, 13, 15);16;15
(1, 3, 7, 8, 11, 14, 15);22;15
(1, 3, 7, 8, 12, 13, 15);20;15
(1, 3, 7, 8, 12, 14, 15);22;15
(1, 3, 7, 8, 13, 14, 15);22;15
(1, 3, 7, 9, 10, 11, 15);20;15
(1, 3, 7, 9, 10, 12, 15);22;15
(1, 3, 7, 9, 10, 13, 15);20;15
(1, 3, 7, 9, 10, 14, 15);24;15
(1, 3, 7, 9, 11, 12, 15);24;15
(1, 3, 7, 9, 11, 13, 15);2;15
(1, 3, 7, 9, 11, 14, 15);28;15
(1, 3, 7, 9, 12, 13, 15);24;15
(1, 3, 7, 9, 12, 14, 15);26;15
(1, 3, 7, 9, 13, 14, 15);28;15
(1, 3, 7, 10, 11, 12, 15);22;15
(1, 3, 7, 10, 11, 13, 15);20;15
(1, 3, 7, 10, 11, 14, 15);24;15
(1, 3, 7, 10, 12, 13, 15);22;15
(1, 3, 7, 10, 12, 14, 15);24;15
(1, 3, 7, 10, 13, 14, 15);24;15
(1, 3, 7, 11, 12, 13, 15);24;15
(1, 3, 7, 11, 12, 14, 15);26;15
(1, 3, 7, 11, 13, 14, 15);28;15
(1, 3, 7, 12, 13, 14, 15);26;15
(1, 3, 8, 9, 10, 11, 15);18;15
(1, 3, 8, 9, 10, 12, 15);20;15
(1, 3, 8, 9, 10, 13, 15);18;15
(1, 3, 8, 9, 10, 14, 15);22;15
(1, 3, 8, 9, 11, 12, 15);20;15
(1, 3, 8, 9, 11, 13, 15);16;15
(1, 3, 8, 9, 11, 14, 15);22;15
(1, 3, 8, 9, 12, 13, 15);20;15
(1, 3, 8, 9, 12, 14, 15);22;15
(1, 3, 8, 9, 13, 14, 15);22;15
(1, 3, 8, 10, 11, 12, 15);20;15
(1, 3, 8, 10, 11, 13, 15);18;15
(1, 3, 8, 10, 11, 14, 15);22;15
(1, 3, 8, 10, 12, 13, 15);25;27
(1, 3, 8, 10, 12, 14, 15);29;15
(1, 3, 8, 10, 13, 14, 15);27;52
(1, 3, 8, 11, 12, 13, 15);20;15
(1, 3, 8, 11, 12, 14, 15);22;15
(1, 3, 8, 11, 13, 14, 15);22;15
(1, 3, 8, 12, 13, 14, 15);27;15
(1, 3, 9, 10, 11, 12, 15);22;15
(1, 3, 9, 10, 11, 13, 15);20;15
(1, 3, 9, 10, 11, 14, 15);24;15
(1, 3, 9, 10, 12, 13, 15);22;15
(1, 3, 9, 10, 12, 14, 15);24;15
(1, 3, 9, 10, 13, 14, 15);24;15
(1, 3, 9, 11, 12, 13, 15);24;15
(1, 3, 9, 11, 12, 14, 15);26;15
(1, 3, 9, 11, 13, 14, 15);28;15
(1, 3, 9, 12, 13, 14, 15);26;15
(1, 3, 10, 11, 12, 13, 15);22;15
(1, 3, 10, 11, 12, 14, 15);24;15
(1, 3, 10, 11, 13, 14, 15);24;15
(1, 3, 10, 12, 13, 14, 15);24;15
(1, 3, 11, 12, 13, 14, 15);26;15
(1, 4, 5, 6, 7, 8, 15);11;15
(1, 4, 5, 6, 7, 9, 15);10;15
(1, 4, 5, 6, 7, 10, 15);11;15
(1, 4, 5, 6, 7, 11, 15);10;15
(1, 4, 5, 6, 7, 12, 15);21;15
(1, 4, 5, 6, 7, 13, 15);10;15
(1, 4, 5, 6, 7, 14, 15);10;15
(1, 4, 5, 6, 8, 9, 15);12;15
(1, 4, 5, 6, 8, 10, 15);9;15
(1, 4, 5, 6, 8, 11, 15);19;43
(1, 4, 5, 6, 8, 12, 15);9;15
(1, 4, 5, 6, 8, 13, 15);9;15
(1, 4, 5, 6, 8, 14, 15);9;15
(1, 4, 5, 6, 9, 10, 15);11;64
(1, 4, 5, 6, 9, 11, 15);10;15
(1, 4, 5, 6, 9, 12, 15);10;38
(1, 4, 5, 6, 9, 13, 15);10;15
(1, 4, 5, 6, 9, 14, 15);10;15
(1, 4, 5, 6, 10, 11, 15);16;15
(1, 4, 5, 6, 10, 12, 15);9;15
(1, 4, 5, 6, 10, 13, 15);9;15
(1, 4, 5, 6, 10, 14, 15);9;15
(1, 4, 5, 6, 11, 12, 15);16;15
(1, 4, 5, 6, 11, 13, 15);19;15
(1, 4, 5, 6, 11, 14, 15);19;15
(1, 4, 5, 6, 12, 13, 15);9;15
(1, 4, 5, 6, 12, 14, 15);9;15
(1, 4, 5, 6, 13, 14, 15);9;15
(1, 4, 5, 7, 8, 9, 15);12;15
(1, 4, 5, 7, 8, 10, 15);11;15
(1, 4, 5, 7, 8, 11, 15);12;15
(1, 4, 5, 7, 8, 12, 15);11;15
(1, 4, 5, 7, 8, 13, 15);32;59
(1, 4, 5, 7, 8, 14, 15);11;15
(1, 4, 5, 7, 9, 10, 15);14;15
(1, 4, 5, 7, 9, 11, 15);8;15
(1, 4, 5, 7, 9, 12, 15);8;15
(1, 4, 5, 7, 9, 13, 15);8;15
(1, 4, 5, 7, 9, 14, 15);18;15
(1, 4, 5, 7, 10, 11, 15);14;15
(1, 4, 5, 7, 10, 12, 15);17;73
(1, 4, 5, 7, 10, 13, 15);20;15
(1, 4, 5, 7, 10, 14, 15);47;15
(1, 4, 5, 7, 11, 12, 15);8;15
(1, 4, 5, 7, 11, 13, 15);8;15
(1, 4, 5, 7, 11, 14, 15);18;15
(1, 4, 5, 7, 12, 13, 15);8;15
(1, 4, 5, 7, 12, 14, 15);19;15
(1, 4, 5, 7, 13, 14, 15);18;15
(1, 4, 5, 8, 9, 10, 15);30;58
(1, 4, 5, 8, 9, 11, 15);12;15
(1, 4, 5, 8, 9, 12, 15);13;38
(1, 4, 5, 8, 9, 13, 15);12;15
(1, 4, 5, 8, 9, 14, 15);6;16
(1, 4, 5, 8, 10, 11, 15);16;15
(1, 4, 5, 8, 10, 12, 15);9;15
(1, 4, 5, 8, 10, 13, 15);9;15
(1, 4, 5, 8, 10, 14, 15);9;15
(1, 4, 5, 8, 11, 12, 15);16;15
(1, 4, 5, 8, 11, 13, 15);28;28
(1, 4, 5, 8, 11, 14, 15);28;28
(1, 4, 5, 8, 12, 13, 15);9;15
(1, 4, 5, 8, 12, 14, 15);9;15
(1, 4, 5, 8, 13, 14, 15);9;15
(1, 4, 5, 9, 10, 11, 15);14;15
(1, 4, 5, 9, 10, 12, 15);14;55
(1, 4, 5, 9, 10, 13, 15);14;15
(1, 4, 5, 9, 10, 14, 15);19;15
(1, 4, 5, 9, 11, 12, 15);8;15
(1, 4, 5, 9, 11, 13, 15);8;15
(1, 4, 5, 9, 11, 14, 15);18;15
(1, 4, 5, 9, 12, 13, 15);8;15
(1, 4, 5, 9, 12, 14, 15);13;67
(1, 4, 5, 9, 13, 14, 15);18;15
(1, 4, 5, 10, 11, 12, 15);22;15
(1, 4, 5, 10, 11, 13, 15);14;15
(1, 4, 5, 10, 11, 14, 15);44;16
(1, 4, 5, 10, 12, 13, 15);17;100
(1, 4, 5, 10, 12, 14, 15);47;27
(1, 4, 5, 10, 13, 14, 15);9;47
(1, 4, 5, 11, 12, 13, 15);8;15
(1, 4, 5, 11, 12, 14, 15);26;15
(1, 4, 5, 11, 13, 14, 15);18;15
(1, 4, 5, 12, 13, 14, 15);26;15
(1, 4, 6, 7, 8, 9, 15);16;15
(1, 4, 6, 7, 8, 10, 15);14;15
(1, 4, 6, 7, 8, 11, 15);50;15
(1, 4, 6, 7, 8, 12, 15);16;15
(1, 4, 6, 7, 8, 13, 15);14;15
(1, 4, 6, 7, 8, 14, 15);55;15
(1, 4, 6, 7, 9, 10, 15);16;15
(1, 4, 6, 7, 9, 11, 15);26;15
(1, 4, 6, 7, 9, 12, 15);21;15
(1, 4, 6, 7, 9, 13, 15);19;52
(1, 4, 6, 7, 9, 14, 15);21;15
(1, 4, 6, 7, 10, 11, 15);21;46
(1, 4, 6, 7, 10, 12, 15);16;15
(1, 4, 6, 7, 10, 13, 15);14;15
(1, 4, 6, 7, 10, 14, 15);8;24
(1, 4, 6, 7, 11, 12, 15);26;15
(1, 4, 6, 7, 11, 13, 15);58;35
(1, 4, 6, 7, 11, 14, 15);26;15
(1, 4, 6, 7, 12, 13, 15);19;15
(1, 4, 6, 7, 12, 14, 15);21;15
(1, 4, 6, 7, 13, 14, 15);47;56
(1, 4, 6, 8, 9, 10, 15);16;15
(1, 4, 6, 8, 9, 11, 15);24;15
(1, 4, 6, 8, 9, 12, 15);39;35
(1, 4, 6, 8, 9, 13, 15);24;15
(1, 4, 6, 8, 9, 14, 15);23;15
(1, 4, 6, 8, 10, 11, 15);7;15
(1, 4, 6, 8, 10, 12, 15);16;15
(1, 4, 6, 8, 10, 13, 15);14;15
(1, 4, 6, 8, 10, 14, 15);41;15
(1, 4, 6, 8, 11, 12, 15);21;21
(1, 4, 6, 8, 11, 13, 15);19;15
(1, 4, 6, 8, 11, 14, 15);29;15
(1, 4, 6, 8, 12, 13, 15);56;33
(1, 4, 6, 8, 12, 14, 15);62;23
(1, 4, 6, 8, 13, 14, 15);28;15
(1, 4, 6, 9, 10, 11, 15);19;15
(1, 4, 6, 9, 10, 12, 15);16;21
(1, 4, 6, 9, 10, 13, 15);19;15
(1, 4, 6, 9, 10, 14, 15);41;15
(1, 4, 6, 9, 11, 12, 15);26;15
(1, 4, 6, 9, 11, 13, 15);24;15
(1, 4, 6, 9, 11, 14, 15);28;25
(1, 4, 6, 9, 12, 13, 15);45;15
(1, 4, 6, 9, 12, 14, 15);21;17
(1, 4, 6, 9, 13, 14, 15);28;33
(1, 4, 6, 10, 11, 12, 15);21;80
(1, 4, 6, 10, 11, 13, 15);7;15
(1, 4, 6, 10, 11, 14, 15);23;15
(1, 4, 6, 10, 12, 13, 15);16;29
(1, 4, 6, 10, 12, 14, 15);18;47
(1, 4, 6, 10, 13, 14, 15);23;15
(1, 4, 6, 11, 12, 13, 15);24;15
(1, 4, 6, 11, 12, 14, 15);26;15
(1, 4, 6, 11, 13, 14, 15);28;38
(1, 4, 6, 12, 13, 14, 15);26;15
(1, 4, 7, 8, 9, 10, 15);16;15
(1, 4, 7, 8, 9, 11, 15);70;91
(1, 4, 7, 8, 9, 12, 15);16;15
(1, 4, 7, 8, 9, 13, 15);33;46
(1, 4, 7, 8, 9, 14, 15);16;39
(1, 4, 7, 8, 10, 11, 15);45;15
(1, 4, 7, 8, 10, 12, 15);36;22
(1, 4, 7, 8, 10, 13, 15);14;15
(1, 4, 7, 8, 10, 14, 15);22;15
(1, 4, 7, 8, 11, 12, 15);37;37
(1, 4, 7, 8, 11, 13, 15);50;15
(1, 4, 7, 8, 11, 14, 15);39;15
(1, 4, 7, 8, 12, 13, 15);30;87
(1, 4, 7, 8, 12, 14, 15);57;24
(1, 4, 7, 8, 13, 14, 15);40;60
(1, 4, 7, 9, 10, 11, 15);21;21
(1, 4, 7, 9, 10, 12, 15);19;15
(1, 4, 7, 9, 10, 13, 15);22;15
(1, 4, 7, 9, 10, 14, 15);24;15
(1, 4, 7, 9, 11, 12, 15);8;29
(1, 4, 7, 9, 11, 13, 15);22;15
(1, 4, 7, 9, 11, 14, 15);26;15
(1, 4, 7, 9, 12, 13, 15);8;37
(1, 4, 7, 9, 12, 14, 15);29;15
(1, 4, 7, 9, 13, 14, 15);26;48
(1, 4, 7, 10, 11, 12, 15);21;19
(1, 4, 7, 10, 11, 13, 15);14;28
(1, 4, 7, 10, 11, 14, 15);21;19
(1, 4, 7, 10, 12, 13, 15);25;15
(1, 4, 7, 10, 12, 14, 15);24;23
(1, 4, 7, 10, 13, 14, 15);27;15
(1, 4, 7, 11, 12, 13, 15);24;47
(1, 4, 7, 11, 12, 14, 15);26;15
(1, 4, 7, 11, 13, 14, 15);26;98
(1, 4, 7, 12, 13, 14, 15);26;60
(1, 4, 8, 9, 10, 11, 15);19;15
(1, 4, 8, 9, 10, 12, 15);16;46
(1, 4, 8, 9, 10, 13, 15);19;15
(1, 4, 8, 9, 10, 14, 15);18;15
(1, 4, 8, 9, 11, 12, 15);21;21
(1, 4, 8, 9, 11, 13, 15);24;15
(1, 4, 8, 9, 11, 14, 15);29;15
(1, 4, 8, 9, 12, 13, 15);21;15
(1, 4, 8, 9, 12, 14, 15);39;37
(1, 4, 8, 9, 13, 14, 15);28;15
(1, 4, 8, 10, 11, 12, 15);21;62
(1, 4, 8, 10, 11, 13, 15);7;15
(1, 4, 8, 10, 11, 14, 15);23;15
(1, 4, 8, 10, 12, 13, 15);16;46
(1, 4, 8, 10, 12, 14, 15);18;52
(1, 4, 8, 10, 13, 14, 15);23;15
(1, 4, 8, 11, 12, 13, 15);21;21
(1, 4, 8, 11, 12, 14, 15);23;15
(1, 4, 8, 11, 13, 14, 15);29;15
(1, 4, 8, 12, 13, 14, 15);23;69
(1, 4, 9, 10, 11, 12, 15);21;15
(1, 4, 9, 10, 11, 13, 15);19;15
(1, 4, 9, 10, 11, 14, 15);23;20
(1, 4, 9, 10, 12, 13, 15);21;15
(1, 4, 9, 10, 12, 14, 15);24;15
(1, 4, 9, 10, 13, 14, 15);23;15
(1, 4, 9, 11, 12, 13, 15);24;15
(1, 4, 9, 11, 12, 14, 15);26;15
(1, 4, 9, 11, 13, 14, 15);28;38
(1, 4, 9, 12, 13, 14, 15);26;52
(1, 4, 10, 11, 12, 13, 15);21;95
(1, 4, 10, 11, 12, 14, 15);23;61
(1, 4, 10, 11, 13, 14, 15);23;43
(1, 4, 10, 12, 13, 14, 15);46;63
(1, 4, 11, 12, 13, 14, 15);26;15
(1, 5, 6, 7, 8, 9, 15);14;15
(1, 5, 6, 7, 8, 10, 15);25;15
(1, 5, 6, 7, 8, 11, 15);14;15
(1, 5, 6, 7, 8, 12, 15);22;15
(1, 5, 6, 7, 8, 13, 15);14;15
(1, 5, 6, 7, 8, 14, 15);22;15
(1, 5, 6, 7, 9, 10, 15);16;15
(1, 5, 6, 7, 9, 11, 15);12;15
(1, 5, 6, 7, 9, 12, 15);18;15
(1, 5, 6, 7, 9, 13, 15);12;15
(1, 5, 6, 7, 9, 14, 15);20;15
(1, 5, 6, 7, 10, 11, 15);16;15
(1, 5, 6, 7, 10, 12, 15);11;18
(1, 5, 6, 7, 10, 13, 15);16;15
(1, 5, 6, 7, 10, 14, 15);38;43
(1, 5, 6, 7, 11, 12, 15);18;15
(1, 5, 6, 7, 11, 13, 15);12;15
(1, 5, 6, 7, 11, 14, 15);20;15
(1, 5, 6, 7, 12, 13, 15);18;15
(1, 5, 6, 7, 12, 14, 15);21;18
(1, 5, 6, 7, 13, 14, 15);20;15
(1, 5, 6, 8, 9, 10, 15);16;15
(1, 5, 6, 8, 9, 11, 15);14;15
(1, 5, 6, 8, 9, 12, 15);18;15
(1, 5, 6, 8, 9, 13, 15);14;15
(1, 5, 6, 8, 9, 14, 15);20;15
(1, 5, 6, 8, 10, 11, 15);16;15
(1, 5, 6, 8, 10, 12, 15);20;15
(1, 5, 6, 8, 10, 13, 15);18;15
(1, 5, 6, 8, 10, 14, 15);20;15
(1, 5, 6, 8, 11, 12, 15);18;15
(1, 5, 6, 8, 11, 13, 15);14;15
(1, 5, 6, 8, 11, 14, 15);20;15
(1, 5, 6, 8, 12, 13, 15);18;15
(1, 5, 6, 8, 12, 14, 15);20;15
(1, 5, 6, 8, 13, 14, 15);9;20
(1, 5, 6, 9, 10, 11, 15);16;15
(1, 5, 6, 9, 10, 12, 15);18;15
(1, 5, 6, 9, 10, 13, 15);16;15
(1, 5, 6, 9, 10, 14, 15);20;15
(1, 5, 6, 9, 11, 12, 15);18;15
(1, 5, 6, 9, 11, 13, 15);12;15
(1, 5, 6, 9, 11, 14, 15);20;15
(1, 5, 6, 9, 12, 13, 15);18;15
(1, 5, 6, 9, 12, 14, 15);20;15
(1, 5, 6, 9, 13, 14, 15);20;15
(1, 5, 6, 10, 11, 12, 15);18;15
(1, 5, 6, 10, 11, 13, 15);16;15
(1, 5, 6, 10, 11, 14, 15);20;15
(1, 5, 6, 10, 12, 13, 15);18;15
(1, 5, 6, 10, 12, 14, 15);20;15
(1, 5, 6, 10, 13, 14, 15);9;20
(1, 5, 6, 11, 12, 13, 15);18;15
(1, 5, 6, 11, 12, 14, 15);20;15
(1, 5, 6, 11, 13, 14, 15);20;15
(1, 5, 6, 12, 13, 14, 15);9;20
(1, 5, 7, 8, 9, 10, 15);18;15
(1, 5, 7, 8, 9, 11, 15);16;15
(1, 5, 7, 8, 9, 12, 15);20;15
(1, 5, 7, 8, 9, 13, 15);16;15
(1, 5, 7, 8, 9, 14, 15);22;15
(1, 5, 7, 8, 10, 11, 15);18;15
(1, 5, 7, 8, 10, 12, 15);20;15
(1, 5, 7, 8, 10, 13, 15);18;15
(1, 5, 7, 8, 10, 14, 15);22;15
(1, 5, 7, 8, 11, 12, 15);20;15
(1, 5, 7, 8, 11, 13, 15);16;15
(1, 5, 7, 8, 11, 14, 15);22;15
(1, 5, 7, 8, 12, 13, 15);20;15
(1, 5, 7, 8, 12, 14, 15);22;15
(1, 5, 7, 8, 13, 14, 15);22;15
(1, 5, 7, 9, 10, 11, 15);20;15
(1, 5, 7, 9, 10, 12, 15);22;15
(1, 5, 7, 9, 10, 13, 15);20;15
(1, 5, 7, 9, 10, 14, 15);24;15
(1, 5, 7, 9, 11, 12, 15);24;15
(1, 5, 7, 9, 11, 13, 15);2;15
(1, 5, 7, 9, 11, 14, 15);28;15
(1, 5, 7, 9, 12, 13, 15);24;15
(1, 5, 7, 9, 12, 14, 15);26;15
(1, 5, 7, 9, 13, 14, 15);28;15
(1, 5, 7, 10, 11, 12, 15);22;15
(1, 5, 7, 10, 11, 13, 15);20;15
(1, 5, 7, 10, 11, 14, 15);24;15
(1, 5, 7, 10, 12, 13, 15);22;15
(1, 5, 7, 10, 12, 14, 15);24;15
(1, 5, 7, 10, 13, 14, 15);24;15
(1, 5, 7, 11, 12, 13, 15);24;15
(1, 5, 7, 11, 12, 14, 15);26;15
(1, 5, 7, 11, 13, 14, 15);28;15
(1, 5, 7, 12, 13, 14, 15);26;15
(1, 5, 8, 9, 10, 11, 15);18;15
(1, 5, 8, 9, 10, 12, 15);20;15
(1, 5, 8, 9, 10, 13, 15);18;15
(1, 5, 8, 9, 10, 14, 15);22;15
(1, 5, 8, 9, 11, 12, 15);20;15
(1, 5, 8, 9, 11, 13, 15);16;15
(1, 5, 8, 9, 11, 14, 15);22;15
(1, 5, 8, 9, 12, 13, 15);20;15
(1, 5, 8, 9, 12, 14, 15);22;15
(1, 5, 8, 9, 13, 14, 15);22;15
(1, 5, 8, 10, 11, 12, 15);20;15
(1, 5, 8, 10, 11, 13, 15);18;15
(1, 5, 8, 10, 11, 14, 15);22;15
(1, 5, 8, 10, 12, 13, 15);20;15
(1, 5, 8, 10, 12, 14, 15);20;32
(1, 5, 8, 10, 13, 14, 15);22;15
(1, 5, 8, 11, 12, 13, 15);20;15
(1, 5, 8, 11, 12, 14, 15);22;15
(1, 5, 8, 11, 13, 14, 15);22;15
(1, 5, 8, 12, 13, 14, 15);22;15
(1, 5, 9, 10, 11, 12, 15);22;15
(1, 5, 9, 10, 11, 13, 15);20;15
(1, 5, 9, 10, 11, 14, 15);24;15
(1, 5, 9, 10, 12, 13, 15);22;15
(1, 5, 9, 10, 12, 14, 15);24;15
(1, 5, 9, 10, 13, 14, 15);24;15
(1, 5, 9, 11, 12, 13, 15);24;15
(1, 5, 9, 11, 12, 14, 15);26;15
(1, 5, 9, 11, 13, 14, 15);28;15
(1, 5, 9, 12, 13, 14, 15);26;15
(1, 5, 10, 11, 12, 13, 15);22;15
(1, 5, 10, 11, 12, 14, 15);24;15
(1, 5, 10, 11, 13, 14, 15);24;15
(1, 5, 10, 12, 13, 14, 15);24;15
(1, 5, 11, 12, 13, 14, 15);26;15
(1, 6, 7, 8, 9, 10, 15);16;15
(1, 6, 7, 8, 9, 11, 15);14;15
(1, 6, 7, 8, 9, 12, 15);18;15
(1, 6, 7, 8, 9, 13, 15);14;15
(1, 6, 7, 8, 9, 14, 15);20;15
(1, 6, 7, 8, 10, 11, 15);16;15
(1, 6, 7, 8, 10, 12, 15);9;49
(1, 6, 7, 8, 10, 13, 15);16;15
(1, 6, 7, 8, 10, 14, 15);22;15
(1, 6, 7, 8, 11, 12, 15);18;15
(1, 6, 7, 8, 11, 13, 15);14;15
(1, 6, 7, 8, 11, 14, 15);20;15
(1, 6, 7, 8, 12, 13, 15);18;15
(1, 6, 7, 8, 12, 14, 15);22;15
(1, 6, 7, 8, 13, 14, 15);20;15
(1, 6, 7, 9, 10, 11, 15);16;15
(1, 6, 7, 9, 10, 12, 15);18;15
(1, 6, 7, 9, 10, 13, 15);16;15
(1, 6, 7, 9, 10, 14, 15);20;15
(1, 6, 7, 9, 11, 12, 15);18;15
(1, 6, 7, 9, 11, 13, 15);12;15
(1, 6, 7, 9, 11, 14, 15);20;15
(1, 6, 7, 9, 12, 13, 15);18;15
(1, 6, 7, 9, 12, 14, 15);20;15
(1, 6, 7, 9, 13, 14, 15);20;15
(1, 6, 7, 10, 11, 12, 15);18;15
(1, 6, 7, 10, 11, 13, 15);16;15
(1, 6, 7, 10, 11, 14, 15);20;15
(1, 6, 7, 10, 12, 13, 15);18;15
(1, 6, 7, 10, 12, 14, 15);8;49
(1, 6, 7, 10, 13, 14, 15);20;15
(1, 6, 7, 11, 12, 13, 15);18;15
(1, 6, 7, 11, 12, 14, 15);20;15
(1, 6, 7, 11, 13, 14, 15);20;15
(1, 6, 7, 12, 13, 14, 15);20;15
(1, 6, 8, 9, 10, 11, 15);39;33
(1, 6, 8, 9, 10, 12, 15);57;15
(1, 6, 8, 9, 10, 13, 15);37;16
(1, 6, 8, 9, 10, 14, 15);43;15
(1, 6, 8, 9, 11, 12, 15);23;15
(1, 6, 8, 9, 11, 13, 15);24;15
(1, 6, 8, 9, 11, 14, 15);23;15
(1, 6, 8, 9, 12, 13, 15);21;15
(1, 6, 8, 9, 12, 14, 15);23;15
(1, 6, 8, 9, 13, 14, 15);23;15
(1, 6, 8, 10, 11, 12, 15);23;15
(1, 6, 8, 10, 11, 13, 15);21;15
(1, 6, 8, 10, 11, 14, 15);25;15
(1, 6, 8, 10, 12, 13, 15);25;15
(1, 6, 8, 10, 12, 14, 15);29;20
(1, 6, 8, 10, 13, 14, 15);27;15
(1, 6, 8, 11, 12, 13, 15);23;15
(1, 6, 8, 11, 12, 14, 15);25;15
(1, 6, 8, 11, 13, 14, 15);25;21
(1, 6, 8, 12, 13, 14, 15);27;15
(1, 6, 9, 10, 11, 12, 15);41;48
(1, 6, 9, 10, 11, 13, 15);21;15
(1, 6, 9, 10, 11, 14, 15);43;54
(1, 6, 9, 10, 12, 13, 15);39;15
(1, 6, 9, 10, 12, 14, 15);43;54
(1, 6, 9, 10, 13, 14, 15);23;15
(1, 6, 9, 11, 12, 13, 15);21;20
(1, 6, 9, 11, 12, 14, 15);23;15
(1, 6, 9, 11, 13, 14, 15);24;83
(1, 6, 9, 12, 13, 14, 15);23;22
(1, 6, 10, 11, 12, 13, 15);23;15
(1, 6, 10, 11, 12, 14, 15);25;15
(1, 6, 10, 11, 13, 14, 15);25;21
(1, 6, 10, 12, 13, 14, 15);27;15
(1, 6, 11, 12, 13, 14, 15);25;15
(1, 7, 8, 9, 10, 11, 15);18;15
(1, 7, 8, 9, 10, 12, 15);20;15
(1, 7, 8, 9, 10, 13, 15);18;15
(1, 7, 8, 9, 10, 14, 15);22;15
(1, 7, 8, 9, 11, 12, 15);20;15
(1, 7, 8, 9, 11, 13, 15);16;15
(1, 7, 8, 9, 11, 14, 15);22;15
(1, 7, 8, 9, 12, 13, 15);20;15
(1, 7, 8, 9, 12, 14, 15);22;15
(1, 7, 8, 9, 13, 14, 15);22;15
(1, 7, 8, 10, 11, 12, 15);20;15
(1, 7, 8, 10, 11, 13, 15);18;15
(1, 7, 8, 10, 11, 14, 15);22;15
(1, 7, 8, 10, 12, 13, 15);20;15
(1, 7, 8, 10, 12, 14, 15);22;15
(1, 7, 8, 10, 13, 14, 15);22;15
(1, 7, 8, 11, 12, 13, 15);20;15
(1, 7, 8, 11, 12, 14, 15);22;15
(1, 7, 8, 11, 13, 14, 15);22;15
(1, 7, 8, 12, 13, 14, 15);22;15
(1, 7, 9, 10, 11, 12, 15);22;15
(1, 7, 9, 10, 11, 13, 15);20;15
(1, 7, 9, 10, 11, 14, 15);24;15
(1, 7, 9, 10, 12, 13, 15);22;15
(1, 7, 9, 10, 12, 14, 15);24;15
(1, 7, 9, 10, 13, 14, 15);24;15
(1, 7, 9, 11, 12, 13, 15);24;15
(1, 7, 9, 11, 12, 14, 15);26;15
(1, 7, 9, 11, 13, 14, 15);28;15
(1, 7, 9, 12, 13, 14, 15);26;15
(1, 7, 10, 11, 12, 13, 15);22;15
(1, 7, 10, 11, 12, 14, 15);24;15
(1, 7, 10, 11, 13, 14, 15);24;15
(1, 7, 10, 12, 13, 14, 15);24;15
(1, 7, 11, 12, 13, 14, 15);26;15
(1, 8, 9, 10, 11, 12, 15);20;15
(1, 8, 9, 10, 11, 13, 15);18;15
(1, 8, 9, 10, 11, 14, 15);22;15
(1, 8, 9, 10, 12, 13, 15);20;15
(1, 8, 9, 10, 12, 14, 15);22;15
(1, 8, 9, 10, 13, 14, 15);22;15
(1, 8, 9, 11, 12, 13, 15);20;15
(1, 8, 9, 11, 12, 14, 15);22;15
(1, 8, 9, 11, 13, 14, 15);22;15
(1, 8, 9, 12, 13, 14, 15);22;15
(1, 8, 10, 11, 12, 13, 15);23;15
(1, 8, 10, 11, 12, 14, 15);47;15
(1, 8, 10, 11, 13, 14, 15);25;15
(1, 8, 10, 12, 13, 14, 15);27;15
(1, 8, 11, 12, 13, 14, 15);25;15
(1, 9, 10, 11, 12, 13, 15);22;15
(1, 9, 10, 11, 12, 14, 15);24;15
(1, 9, 10, 11, 13, 14, 15);24;15
(1, 9, 10, 12, 13, 14, 15);24;15
(1, 9, 11, 12, 13, 14, 15);26;15
(1, 10, 11, 12, 13, 14, 15);24;15
(2, 3, 4, 5, 6, 7, 15);9;15
(2, 3, 4, 5, 6, 8, 15);10;15
(2, 3, 4, 5, 6, 9, 15);18;15
(2, 3, 4, 5, 6, 10, 15);25;15
(2, 3, 4, 5, 6, 11, 15);17;15
(2, 3, 4, 5, 6, 12, 15);17;15
(2, 3, 4, 5, 6, 13, 15);17;15
(2, 3, 4, 5, 6, 14, 15);17;15
(2, 3, 4, 5, 7, 8, 15);10;15
(2, 3, 4, 5, 7, 9, 15);11;15
(2, 3, 4, 5, 7, 10, 15);17;15
(2, 3, 4, 5, 7, 11, 15);9;15
(2, 3, 4, 5, 7, 12, 15);9;15
(2, 3, 4, 5, 7, 13, 15);9;15
(2, 3, 4, 5, 7, 14, 15);9;15
(2, 3, 4, 5, 8, 9, 15);13;15
(2, 3, 4, 5, 8, 10, 15);13;15
(2, 3, 4, 5, 8, 11, 15);13;15
(2, 3, 4, 5, 8, 12, 15);20;15
(2, 3, 4, 5, 8, 13, 15);17;15
(2, 3, 4, 5, 8, 14, 15);19;15
(2, 3, 4, 5, 9, 10, 15);20;15
(2, 3, 4, 5, 9, 11, 15);20;15
(2, 3, 4, 5, 9, 12, 15);27;15
(2, 3, 4, 5, 9, 13, 15);18;15
(2, 3, 4, 5, 9, 14, 15);18;15
(2, 3, 4, 5, 10, 11, 15);20;15
(2, 3, 4, 5, 10, 12, 15);27;15
(2, 3, 4, 5, 10, 13, 15);67;15
(2, 3, 4, 5, 10, 14, 15);19;15
(2, 3, 4, 5, 11, 12, 15);27;15
(2, 3, 4, 5, 11, 13, 15);64;15
(2, 3, 4, 5, 11, 14, 15);17;21
(2, 3, 4, 5, 12, 13, 15);17;15
(2, 3, 4, 5, 12, 14, 15);17;15
(2, 3, 4, 5, 13, 14, 15);17;15
(2, 3, 4, 6, 7, 8, 15);10;15
(2, 3, 4, 6, 7, 9, 15);11;15
(2, 3, 4, 6, 7, 10, 15);22;15
(2, 3, 4, 6, 7, 11, 15);9;15
(2, 3, 4, 6, 7, 12, 15);9;15
(2, 3, 4, 6, 7, 13, 15);9;15
(2, 3, 4, 6, 7, 14, 15);9;15
(2, 3, 4, 6, 8, 9, 15);11;15
(2, 3, 4, 6, 8, 10, 15);12;15
(2, 3, 4, 6, 8, 11, 15);17;16
(2, 3, 4, 6, 8, 12, 15);10;15
(2, 3, 4, 6, 8, 13, 15);10;15
(2, 3, 4, 6, 8, 14, 15);10;15
(2, 3, 4, 6, 9, 10, 15);32;15
(2, 3, 4, 6, 9, 11, 15);38;15
(2, 3, 4, 6, 9, 12, 15);18;15
(2, 3, 4, 6, 9, 13, 15);18;15
(2, 3, 4, 6, 9, 14, 15);36;15
(2, 3, 4, 6, 10, 11, 15);21;15
(2, 3, 4, 6, 10, 12, 15);30;15
(2, 3, 4, 6, 10, 13, 15);25;15
(2, 3, 4, 6, 10, 14, 15);25;15
(2, 3, 4, 6, 11, 12, 15);17;15
(2, 3, 4, 6, 11, 13, 15);17;15
(2, 3, 4, 6, 11, 14, 15);17;15
(2, 3, 4, 6, 12, 13, 15);17;15
(2, 3, 4, 6, 12, 14, 15);17;15
(2, 3, 4, 6, 13, 14, 15);17;15
(2, 3, 4, 7, 8, 9, 15);11;15
(2, 3, 4, 7, 8, 10, 15);17;15
(2, 3, 4, 7, 8, 11, 15);18;15
(2, 3, 4, 7, 8, 12, 15);27;15
(2, 3, 4, 7, 8, 13, 15);11;15
(2, 3, 4, 7, 8, 14, 15);11;15
(2, 3, 4, 7, 9, 10, 15);17;15
(2, 3, 4, 7, 9, 11, 15);32;15
(2, 3, 4, 7, 9, 12, 15);27;15
(2, 3, 4, 7, 9, 13, 15);11;15
(2, 3, 4, 7, 9, 14, 15);11;15
(2, 3, 4, 7, 10, 11, 15);41;15
(2, 3, 4, 7, 10, 12, 15);19;15
(2, 3, 4, 7, 10, 13, 15);17;15
(2, 3, 4, 7, 10, 14, 15);17;15
(2, 3, 4, 7, 11, 12, 15);92;44
(2, 3, 4, 7, 11, 13, 15);40;15
(2, 3, 4, 7, 11, 14, 15);18;15
(2, 3, 4, 7, 12, 13, 15);27;15
(2, 3, 4, 7, 12, 14, 15);27;15
(2, 3, 4, 7, 13, 14, 15);11;15
(2, 3, 4, 8, 9, 10, 15);6;15
(2, 3, 4, 8, 9, 11, 15);19;15
(2, 3, 4, 8, 9, 12, 15);20;23
(2, 3, 4, 8, 9, 13, 15);17;15
(2, 3, 4, 8, 9, 14, 15);6;15
(2, 3, 4, 8, 10, 11, 15);19;15
(2, 3, 4, 8, 10, 12, 15);22;24
(2, 3, 4, 8, 10, 13, 15);23;15
(2, 3, 4, 8, 10, 14, 15);6;15
(2, 3, 4, 8, 11, 12, 15);19;18
(2, 3, 4, 8, 11, 13, 15);23;15
(2, 3, 4, 8, 11, 14, 15);25;15
(2, 3, 4, 8, 12, 13, 15);50;15
(2, 3, 4, 8, 12, 14, 15);40;15
(2, 3, 4, 8, 13, 14, 15);17;15
(2, 3, 4, 9, 10, 11, 15);13;15
(2, 3, 4, 9, 10, 12, 15);11;24
(2, 3, 4, 9, 10, 13, 15);23;15
(2, 3, 4, 9, 10, 14, 15);6;15
(2, 3, 4, 9, 11, 12, 15);27;15
(2, 3, 4, 9, 11, 13, 15);23;15
(2, 3, 4, 9, 11, 14, 15);25;15
(2, 3, 4, 9, 12, 13, 15);82;30
(2, 3, 4, 9, 12, 14, 15);40;15
(2, 3, 4, 9, 13, 14, 15);17;15
(2, 3, 4, 10, 11, 12, 15);27;15
(2, 3, 4, 10, 11, 13, 15);23;15
(2, 3, 4, 10, 11, 14, 15);25;15
(2, 3, 4, 10, 12, 13, 15);23;15
(2, 3, 4, 10, 12, 14, 15);23;15
(2, 3, 4, 10, 13, 14, 15);23;15
(2, 3, 4, 11, 12, 13, 15);23;15
(2, 3, 4, 11, 12, 14, 15);23;15
(2, 3, 4, 11, 13, 14, 15);23;15
(2, 3, 4, 12, 13, 14, 15);17;33
(2, 3, 5, 6, 7, 8, 15);10;15
(2, 3, 5, 6, 7, 9, 15);11;15
(2, 3, 5, 6, 7, 10, 15);4;23
(2, 3, 5, 6, 7, 11, 15);9;15
(2, 3, 5, 6, 7, 12, 15);9;15
(2, 3, 5, 6, 7, 13, 15);9;15
(2, 3, 5, 6, 7, 14, 15);9;15
(2, 3, 5, 6, 8, 9, 15);11;15
(2, 3, 5, 6, 8, 10, 15);12;15
(2, 3, 5, 6, 8, 11, 15);46;46
(2, 3, 5, 6, 8, 12, 15);10;15
(2, 3, 5, 6, 8, 13, 15);10;15
(2, 3, 5, 6, 8, 14, 15);10;15
(2, 3, 5, 6, 9, 10, 15);31;15
(2, 3, 5, 6, 9, 11, 15);4;24
(2, 3, 5, 6, 9, 12, 15);18;15
(2, 3, 5, 6, 9, 13, 15);30;25
(2, 3, 5, 6, 9, 14, 15);30;15
(2, 3, 5, 6, 10, 11, 15);4;25
(2, 3, 5, 6, 10, 12, 15);25;15
(2, 3, 5, 6, 10, 13, 15);25;15
(2, 3, 5, 6, 10, 14, 15);4;31
(2, 3, 5, 6, 11, 12, 15);17;15
(2, 3, 5, 6, 11, 13, 15);17;15
(2, 3, 5, 6, 11, 14, 15);17;15
(2, 3, 5, 6, 12, 13, 15);17;15
(2, 3, 5, 6, 12, 14, 15);17;15
(2, 3, 5, 6, 13, 14, 15);17;15
(2, 3, 5, 7, 8, 9, 15);11;15
(2, 3, 5, 7, 8, 10, 15);12;15
(2, 3, 5, 7, 8, 11, 15);10;22
(2, 3, 5, 7, 8, 12, 15);10;15
(2, 3, 5, 7, 8, 13, 15);10;15
(2, 3, 5, 7, 8, 14, 15);10;15
(2, 3, 5, 7, 9, 10, 15);12;15
(2, 3, 5, 7, 9, 11, 15);13;15
(2, 3, 5, 7, 9, 12, 15);14;45
(2, 3, 5, 7, 9, 13, 15);11;15
(2, 3, 5, 7, 9, 14, 15);11;15
(2, 3, 5, 7, 10, 11, 15);4;17
(2, 3, 5, 7, 10, 12, 15);17;15
(2, 3, 5, 7, 10, 13, 15);17;26
(2, 3, 5, 7, 10, 14, 15);12;27
(2, 3, 5, 7, 11, 12, 15);9;15
(2, 3, 5, 7, 11, 13, 15);9;15
(2, 3, 5, 7, 11, 14, 15);9;15
(2, 3, 5, 7, 12, 13, 15);9;15
(2, 3, 5, 7, 12, 14, 15);9;15
(2, 3, 5, 7, 13, 14, 15);9;15
(2, 3, 5, 8, 9, 10, 15);52;22
(2, 3, 5, 8, 9, 11, 15);13;35
(2, 3, 5, 8, 9, 12, 15);17;15
(2, 3, 5, 8, 9, 13, 15);28;15
(2, 3, 5, 8, 9, 14, 15);17;15
(2, 3, 5, 8, 10, 11, 15);13;15
(2, 3, 5, 8, 10, 12, 15);62;16
(2, 3, 5, 8, 10, 13, 15);18;15
(2, 3, 5, 8, 10, 14, 15);38;15
(2, 3, 5, 8, 11, 12, 15);20;16
(2, 3, 5, 8, 11, 13, 15);10;69
(2, 3, 5, 8, 11, 14, 15);29;57
(2, 3, 5, 8, 12, 13, 15);27;36
(2, 3, 5, 8, 12, 14, 15);17;23
(2, 3, 5, 8, 13, 14, 15);27;54
(2, 3, 5, 9, 10, 11, 15);20;15
(2, 3, 5, 9, 10, 12, 15);38;34
(2, 3, 5, 9, 10, 13, 15);62;44
(2, 3, 5, 9, 10, 14, 15);19;15
(2, 3, 5, 9, 11, 12, 15);27;15
(2, 3, 5, 9, 11, 13, 15);24;15
(2, 3, 5, 9, 11, 14, 15);4;28
(2, 3, 5, 9, 12, 13, 15);42;15
(2, 3, 5, 9, 12, 14, 15);17;33
(2, 3, 5, 9, 13, 14, 15);18;15
(2, 3, 5, 10, 11, 12, 15);27;15
(2, 3, 5, 10, 11, 13, 15);24;22
(2, 3, 5, 10, 11, 14, 15);4;28
(2, 3, 5, 10, 12, 13, 15);24;22
(2, 3, 5, 10, 12, 14, 15);24;55
(2, 3, 5, 10, 13, 14, 15);36;15
(2, 3, 5, 11, 12, 13, 15);28;65
(2, 3, 5, 11, 12, 14, 15);17;21
(2, 3, 5, 11, 13, 14, 15);17;21
(2, 3, 5, 12, 13, 14, 15);17;15
(2, 3, 6, 7, 8, 9, 15);17;15
(2, 3, 6, 7, 8, 10, 15);18;15
(2, 3, 6, 7, 8, 11, 15);23;15
(2, 3, 6, 7, 8, 12, 15);23;15
(2, 3, 6, 7, 8, 13, 15);28;15
(2, 3, 6, 7, 8, 14, 15);21;15
(2, 3, 6, 7, 9, 10, 15);29;36
(2, 3, 6, 7, 9, 11, 15);30;15
(2, 3, 6, 7, 9, 12, 15);18;15
(2, 3, 6, 7, 9, 13, 15);54;30
(2, 3, 6, 7, 9, 14, 15);29;15
(2, 3, 6, 7, 10, 11, 15);13;15
(2, 3, 6, 7, 10, 12, 15);22;15
(2, 3, 6, 7, 10, 13, 15);46;46
(2, 3, 6, 7, 10, 14, 15);17;15
(2, 3, 6, 7, 11, 12, 15);9;15
(2, 3, 6, 7, 11, 13, 15);9;35
(2, 3, 6, 7, 11, 14, 15);17;17
(2, 3, 6, 7, 12, 13, 15);9;32
(2, 3, 6, 7, 12, 14, 15);26;15
(2, 3, 6, 7, 13, 14, 15);21;23
(2, 3, 6, 8, 9, 10, 15);40;15
(2, 3, 6, 8, 9, 11, 15);17;15
(2, 3, 6, 8, 9, 12, 15);18;15
(2, 3, 6, 8, 9, 13, 15);33;88
(2, 3, 6, 8, 9, 14, 15);45;17
(2, 3, 6, 8, 10, 11, 15);18;15
(2, 3, 6, 8, 10, 12, 15);18;15
(2, 3, 6, 8, 10, 13, 15);37;15
(2, 3, 6, 8, 10, 14, 15);16;15
(2, 3, 6, 8, 11, 12, 15);23;15
(2, 3, 6, 8, 11, 13, 15);26;15
(2, 3, 6, 8, 11, 14, 15);60;32
(2, 3, 6, 8, 12, 13, 15);28;15
(2, 3, 6, 8, 12, 14, 15);47;114
(2, 3, 6, 8, 13, 14, 15);21;29
(2, 3, 6, 9, 10, 11, 15);37;23
(2, 3, 6, 9, 10, 12, 15);18;15
(2, 3, 6, 9, 10, 13, 15);47;16
(2, 3, 6, 9, 10, 14, 15);12;15
(2, 3, 6, 9, 11, 12, 15);18;15
(2, 3, 6, 9, 11, 13, 15);4;38
(2, 3, 6, 9, 11, 14, 15);42;32
(2, 3, 6, 9, 12, 13, 15);80;98
(2, 3, 6, 9, 12, 14, 15);78;91
(2, 3, 6, 9, 13, 14, 15);104;15
(2, 3, 6, 10, 11, 12, 15);22;15
(2, 3, 6, 10, 11, 13, 15);21;76
(2, 3, 6, 10, 11, 14, 15);17;15
(2, 3, 6, 10, 12, 13, 15);23;25
(2, 3, 6, 10, 12, 14, 15);26;15
(2, 3, 6, 10, 13, 14, 15);81;63
(2, 3, 6, 11, 12, 13, 15);17;48
(2, 3, 6, 11, 12, 14, 15);26;15
(2, 3, 6, 11, 13, 14, 15);17;25
(2, 3, 6, 12, 13, 14, 15);26;78
(2, 3, 7, 8, 9, 10, 15);17;15
(2, 3, 7, 8, 9, 11, 15);18;23
(2, 3, 7, 8, 9, 12, 15);27;15
(2, 3, 7, 8, 9, 13, 15);22;15
(2, 3, 7, 8, 9, 14, 15);22;15
(2, 3, 7, 8, 10, 11, 15);18;15
(2, 3, 7, 8, 10, 12, 15);18;32
(2, 3, 7, 8, 10, 13, 15);68;32
(2, 3, 7, 8, 10, 14, 15);17;15
(2, 3, 7, 8, 11, 12, 15);23;15
(2, 3, 7, 8, 11, 13, 15);26;31
(2, 3, 7, 8, 11, 14, 15);22;15
(2, 3, 7, 8, 12, 13, 15);27;15
(2, 3, 7, 8, 12, 14, 15);27;15
(2, 3, 7, 8, 13, 14, 15);22;19
(2, 3, 7, 9, 10, 11, 15);18;15
(2, 3, 7, 9, 10, 12, 15);18;69
(2, 3, 7, 9, 10, 13, 15);17;51
(2, 3, 7, 9, 10, 14, 15);17;15
(2, 3, 7, 9, 11, 12, 15);60;15
(2, 3, 7, 9, 11, 13, 15);22;15
(2, 3, 7, 9, 11, 14, 15);40;15
(2, 3, 7, 9, 12, 13, 15);27;15
(2, 3, 7, 9, 12, 14, 15);27;15
(2, 3, 7, 9, 13, 14, 15);22;15
(2, 3, 7, 10, 11, 12, 15);22;25
(2, 3, 7, 10, 11, 13, 15);22;86
(2, 3, 7, 10, 11, 14, 15);17;33
(2, 3, 7, 10, 12, 13, 15);22;15
(2, 3, 7, 10, 12, 14, 15);22;15
(2, 3, 7, 10, 13, 14, 15);17;30
(2, 3, 7, 11, 12, 13, 15);28;15
(2, 3, 7, 11, 12, 14, 15);49;76
(2, 3, 7, 11, 13, 14, 15);48;15
(2, 3, 7, 12, 13, 14, 15);27;15
(2, 3, 8, 9, 10, 11, 15);18;52
(2, 3, 8, 9, 10, 12, 15);72;68
(2, 3, 8, 9, 10, 13, 15);23;15
(2, 3, 8, 9, 10, 14, 15);6;15
(2, 3, 8, 9, 11, 12, 15);42;15
(2, 3, 8, 9, 11, 13, 15);22;15
(2, 3, 8, 9, 11, 14, 15);57;15
(2, 3, 8, 9, 12, 13, 15);27;15
(2, 3, 8, 9, 12, 14, 15);27;15
(2, 3, 8, 9, 13, 14, 15);28;15
(2, 3, 8, 10, 11, 12, 15);18;30
(2, 3, 8, 10, 11, 13, 15);22;64
(2, 3, 8, 10, 11, 14, 15);39;37
(2, 3, 8, 10, 12, 13, 15);22;15
(2, 3, 8, 10, 12, 14, 15);22;15
(2, 3, 8, 10, 13, 14, 15);23;15
(2, 3, 8, 11, 12, 13, 15);28;15
(2, 3, 8, 11, 12, 14, 15);98;90
(2, 3, 8, 11, 13, 14, 15);48;15
(2, 3, 8, 12, 13, 14, 15);27;15
(2, 3, 9, 10, 11, 12, 15);18;59
(2, 3, 9, 10, 11, 13, 15);22;64
(2, 3, 9, 10, 11, 14, 15);25;15
(2, 3, 9, 10, 12, 13, 15);22;15
(2, 3, 9, 10, 12, 14, 15);22;15
(2, 3, 9, 10, 13, 14, 15);23;15
(2, 3, 9, 11, 12, 13, 15);22;27
(2, 3, 9, 11, 12, 14, 15);22;36
(2, 3, 9, 11, 13, 14, 15);22;15
(2, 3, 9, 12, 13, 14, 15);27;15
(2, 3, 10, 11, 12, 13, 15);22;16
(2, 3, 10, 11, 12, 14, 15);22;66
(2, 3, 10, 11, 13, 14, 15);22;64
(2, 3, 10, 12, 13, 14, 15);22;15
(2, 3, 11, 12, 13, 14, 15);26;15
(2, 4, 5, 6, 7, 8, 15);10;15
(2, 4, 5, 6, 7, 9, 15);11;15
(2, 4, 5, 6, 7, 10, 15);20;15
(2, 4, 5, 6, 7, 11, 15);9;15
(2, 4, 5, 6, 7, 12, 15);9;15
(2, 4, 5, 6, 7, 13, 15);9;15
(2, 4, 5, 6, 7, 14, 15);9;15
(2, 4, 5, 6, 8, 9, 15);11;15
(2, 4, 5, 6, 8, 10, 15);12;15
(2, 4, 5, 6, 8, 11, 15);10;15
(2, 4, 5, 6, 8, 12, 15);10;15
(2, 4, 5, 6, 8, 13, 15);10;15
(2, 4, 5, 6, 8, 14, 15);10;15
(2, 4, 5, 6, 9, 10, 15);19;15
(2, 4, 5, 6, 9, 11, 15);10;27
(2, 4, 5, 6, 9, 12, 15);21;15
(2, 4, 5, 6, 9, 13, 15);29;15
(2, 4, 5, 6, 9, 14, 15);29;15
(2, 4, 5, 6, 10, 11, 15);25;15
(2, 4, 5, 6, 10, 12, 15);25;15
(2, 4, 5, 6, 10, 13, 15);28;15
(2, 4, 5, 6, 10, 14, 15);28;15
(2, 4, 5, 6, 11, 12, 15);17;15
(2, 4, 5, 6, 11, 13, 15);17;15
(2, 4, 5, 6, 11, 14, 15);17;15
(2, 4, 5, 6, 12, 13, 15);17;15
(2, 4, 5, 6, 12, 14, 15);17;15
(2, 4, 5, 6, 13, 14, 15);17;15
(2, 4, 5, 7, 8, 9, 15);11;15
(2, 4, 5, 7, 8, 10, 15);12;15
(2, 4, 5, 7, 8, 11, 15);31;15
(2, 4, 5, 7, 8, 12, 15);10;15
(2, 4, 5, 7, 8, 13, 15);10;15
(2, 4, 5, 7, 8, 14, 15);10;15
(2, 4, 5, 7, 9, 10, 15);12;15
(2, 4, 5, 7, 9, 11, 15);13;15
(2, 4, 5, 7, 9, 12, 15);14;15
(2, 4, 5, 7, 9, 13, 15);11;15
(2, 4, 5, 7, 9, 14, 15);11;15
(2, 4, 5, 7, 10, 11, 15);51;15
(2, 4, 5, 7, 10, 12, 15);17;15
(2, 4, 5, 7, 10, 13, 15);29;15
(2, 4, 5, 7, 10, 14, 15);29;15
(2, 4, 5, 7, 11, 12, 15);9;15
(2, 4, 5, 7, 11, 13, 15);9;15
(2, 4, 5, 7, 11, 14, 15);9;15
(2, 4, 5, 7, 12, 13, 15);9;15
(2, 4, 5, 7, 12, 14, 15);9;15
(2, 4, 5, 7, 13, 14, 15);9;15
(2, 4, 5, 8, 9, 10, 15);13;15
(2, 4, 5, 8, 9, 11, 15);13;15
(2, 4, 5, 8, 9, 12, 15);13;15
(2, 4, 5, 8, 9, 13, 15);17;15
(2, 4, 5, 8, 9, 14, 15);19;15
(2, 4, 5, 8, 10, 11, 15);13;15
(2, 4, 5, 8, 10, 12, 15);20;15
(2, 4, 5, 8, 10, 13, 15);18;15
(2, 4, 5, 8, 10, 14, 15);19;15
(2, 4, 5, 8, 11, 12, 15);16;15
(2, 4, 5, 8, 11, 13, 15);26;15
(2, 4, 5, 8, 11, 14, 15);19;15
(2, 4, 5, 8, 12, 13, 15);43;15
(2, 4, 5, 8, 12, 14, 15);16;15
(2, 4, 5, 8, 13, 14, 15);26;15
(2, 4, 5, 9, 10, 11, 15);20;15
(2, 4, 5, 9, 10, 12, 15);27;15
(2, 4, 5, 9, 10, 13, 15);44;15
(2, 4, 5, 9, 10, 14, 15);19;15
(2, 4, 5, 9, 11, 12, 15);13;31
(2, 4, 5, 9, 11, 13, 15);24;15
(2, 4, 5, 9, 11, 14, 15);19;41
(2, 4, 5, 9, 12, 13, 15);59;90
(2, 4, 5, 9, 12, 14, 15);41;15
(2, 4, 5, 9, 13, 14, 15);18;15
(2, 4, 5, 10, 11, 12, 15);27;15
(2, 4, 5, 10, 11, 13, 15);24;22
(2, 4, 5, 10, 11, 14, 15);19;41
(2, 4, 5, 10, 12, 13, 15);24;22
(2, 4, 5, 10, 12, 14, 15);24;55
(2, 4, 5, 10, 13, 14, 15);18;39
(2, 4, 5, 11, 12, 13, 15);74;15
(2, 4, 5, 11, 12, 14, 15);17;21
(2, 4, 5, 11, 13, 14, 15);17;21
(2, 4, 5, 12, 13, 14, 15);17;15
(2, 4, 6, 7, 8, 9, 15);11;15
(2, 4, 6, 7, 8, 10, 15);12;15
(2, 4, 6, 7, 8, 11, 15);22;15
(2, 4, 6, 7, 8, 12, 15);10;15
(2, 4, 6, 7, 8, 13, 15);10;15
(2, 4, 6, 7, 8, 14, 15);10;15
(2, 4, 6, 7, 9, 10, 15);12;15
(2, 4, 6, 7, 9, 11, 15);13;15
(2, 4, 6, 7, 9, 12, 15);8;15
(2, 4, 6, 7, 9, 13, 15);11;15
(2, 4, 6, 7, 9, 14, 15);11;15
(2, 4, 6, 7, 10, 11, 15);30;15
(2, 4, 6, 7, 10, 12, 15);8;15
(2, 4, 6, 7, 10, 13, 15);28;15
(2, 4, 6, 7, 10, 14, 15);8;15
(2, 4, 6, 7, 11, 12, 15);9;15
(2, 4, 6, 7, 11, 13, 15);9;15
(2, 4, 6, 7, 11, 14, 15);9;15
(2, 4, 6, 7, 12, 13, 15);9;15
(2, 4, 6, 7, 12, 14, 15);9;15
(2, 4, 6, 7, 13, 14, 15);9;15
(2, 4, 6, 8, 9, 10, 15);12;15
(2, 4, 6, 8, 9, 11, 15);13;15
(2, 4, 6, 8, 9, 12, 15);10;15
(2, 4, 6, 8, 9, 13, 15);11;15
(2, 4, 6, 8, 9, 14, 15);11;15
(2, 4, 6, 8, 10, 11, 15);13;15
(2, 4, 6, 8, 10, 12, 15);14;16
(2, 4, 6, 8, 10, 13, 15);12;16
(2, 4, 6, 8, 10, 14, 15);12;15
(2, 4, 6, 8, 11, 12, 15);10;16
(2, 4, 6, 8, 11, 13, 15);17;16
(2, 4, 6, 8, 11, 14, 15);10;15
(2, 4, 6, 8, 12, 13, 15);10;15
(2, 4, 6, 8, 12, 14, 15);10;15
(2, 4, 6, 8, 13, 14, 15);10;15
(2, 4, 6, 9, 10, 11, 15);33;15
(2, 4, 6, 9, 10, 12, 15);8;21
(2, 4, 6, 9, 10, 13, 15);19;15
(2, 4, 6, 9, 10, 14, 15);32;15
(2, 4, 6, 9, 11, 12, 15);13;30
(2, 4, 6, 9, 11, 13, 15);42;15
(2, 4, 6, 9, 11, 14, 15);13;15
(2, 4, 6, 9, 12, 13, 15);18;15
(2, 4, 6, 9, 12, 14, 15);18;15
(2, 4, 6, 9, 13, 14, 15);29;15
(2, 4, 6, 10, 11, 12, 15);38;15
(2, 4, 6, 10, 11, 13, 15);25;15
(2, 4, 6, 10, 11, 14, 15);25;15
(2, 4, 6, 10, 12, 13, 15);25;15
(2, 4, 6, 10, 12, 14, 15);25;15
(2, 4, 6, 10, 13, 14, 15);36;15
(2, 4, 6, 11, 12, 13, 15);17;15
(2, 4, 6, 11, 12, 14, 15);17;15
(2, 4, 6, 11, 13, 14, 15);17;15
(2, 4, 6, 12, 13, 14, 15);17;15
(2, 4, 7, 8, 9, 10, 15);17;15
(2, 4, 7, 8, 9, 11, 15);18;15
(2, 4, 7, 8, 9, 12, 15);27;15
(2, 4, 7, 8, 9, 13, 15);11;15
(2, 4, 7, 8, 9, 14, 15);11;15
(2, 4, 7, 8, 10, 11, 15);18;15
(2, 4, 7, 8, 10, 12, 15);20;16
(2, 4, 7, 8, 10, 13, 15);17;15
(2, 4, 7, 8, 10, 14, 15);17;15
(2, 4, 7, 8, 11, 12, 15);19;15
(2, 4, 7, 8, 11, 13, 15);40;15
(2, 4, 7, 8, 11, 14, 15);18;15
(2, 4, 7, 8, 12, 13, 15);20;68
(2, 4, 7, 8, 12, 14, 15);27;15
(2, 4, 7, 8, 13, 14, 15);11;15
(2, 4, 7, 9, 10, 11, 15);32;15
(2, 4, 7, 9, 10, 12, 15);11;24
(2, 4, 7, 9, 10, 13, 15);17;15
(2, 4, 7, 9, 10, 14, 15);17;15
(2, 4, 7, 9, 11, 12, 15);16;35
(2, 4, 7, 9, 11, 13, 15);40;15
(2, 4, 7, 9, 11, 14, 15);18;15
(2, 4, 7, 9, 12, 13, 15);11;32
(2, 4, 7, 9, 12, 14, 15);27;15
(2, 4, 7, 9, 13, 14, 15);11;15
(2, 4, 7, 10, 11, 12, 15);22;15
(2, 4, 7, 10, 11, 13, 15);74;15
(2, 4, 7, 10, 11, 14, 15);51;17
(2, 4, 7, 10, 12, 13, 15);14;17
(2, 4, 7, 10, 12, 14, 15);66;15
(2, 4, 7, 10, 13, 14, 15);17;28
(2, 4, 7, 11, 12, 13, 15);23;19
(2, 4, 7, 11, 12, 14, 15);19;32
(2, 4, 7, 11, 13, 14, 15);9;35
(2, 4, 7, 12, 13, 14, 15);9;34
(2, 4, 8, 9, 10, 11, 15);19;15
(2, 4, 8, 9, 10, 12, 15);17;32
(2, 4, 8, 9, 10, 13, 15);23;15
(2, 4, 8, 9, 10, 14, 15);6;15
(2, 4, 8, 9, 11, 12, 15);13;30
(2, 4, 8, 9, 11, 13, 15);23;15
(2, 4, 8, 9, 11, 14, 15);25;15
(2, 4, 8, 9, 12, 13, 15);17;31
(2, 4, 8, 9, 12, 14, 15);40;15
(2, 4, 8, 9, 13, 14, 15);17;15
(2, 4, 8, 10, 11, 12, 15);42;15
(2, 4, 8, 10, 11, 13, 15);23;15
(2, 4, 8, 10, 11, 14, 15);25;15
(2, 4, 8, 10, 12, 13, 15);23;15
(2, 4, 8, 10, 12, 14, 15);23;15
(2, 4, 8, 10, 13, 14, 15);23;15
(2, 4, 8, 11, 12, 13, 15);23;15
(2, 4, 8, 11, 12, 14, 15);23;15
(2, 4, 8, 11, 13, 14, 15);23;15
(2, 4, 8, 12, 13, 14, 15);26;33
(2, 4, 9, 10, 11, 12, 15);27;15
(2, 4, 9, 10, 11, 13, 15);23;15
(2, 4, 9, 10, 11, 14, 15);25;15
(2, 4, 9, 10, 12, 13, 15);23;15
(2, 4, 9, 10, 12, 14, 15);23;15
(2, 4, 9, 10, 13, 14, 15);23;15
(2, 4, 9, 11, 12, 13, 15);23;15
(2, 4, 9, 11, 12, 14, 15);23;15
(2, 4, 9, 11, 13, 14, 15);23;15
(2, 4, 9, 12, 13, 14, 15);17;31
(2, 4, 10, 11, 12, 13, 15);23;15
(2, 4, 10, 11, 12, 14, 15);23;15
(2, 4, 10, 11, 13, 14, 15);23;15
(2, 4, 10, 12, 13, 14, 15);23;15
(2, 4, 11, 12, 13, 14, 15);23;15
(2, 5, 6, 7, 8, 9, 15);41;37
(2, 5, 6, 7, 8, 10, 15);42;15
(2, 5, 6, 7, 8, 11, 15);13;15
(2, 5, 6, 7, 8, 12, 15);27;24
(2, 5, 6, 7, 8, 13, 15);20;61
(2, 5, 6, 7, 8, 14, 15);51;74
(2, 5, 6, 7, 9, 10, 15);36;54
(2, 5, 6, 7, 9, 11, 15);30;15
(2, 5, 6, 7, 9, 12, 15);11;50
(2, 5, 6, 7, 9, 13, 15);22;15
(2, 5, 6, 7, 9, 14, 15);4;44
(2, 5, 6, 7, 10, 11, 15);4;21
(2, 5, 6, 7, 10, 12, 15);17;15
(2, 5, 6, 7, 10, 13, 15);20;15
(2, 5, 6, 7, 10, 14, 15);4;47
(2, 5, 6, 7, 11, 12, 15);44;113
(2, 5, 6, 7, 11, 13, 15);38;15
(2, 5, 6, 7, 11, 14, 15);4;25
(2, 5, 6, 7, 12, 13, 15);9;54
(2, 5, 6, 7, 12, 14, 15);9;32
(2, 5, 6, 7, 13, 14, 15);20;15
(2, 5, 6, 8, 9, 10, 15);17;16
(2, 5, 6, 8, 9, 11, 15);17;15
(2, 5, 6, 8, 9, 12, 15);7;16
(2, 5, 6, 8, 9, 13, 15);21;15
(2, 5, 6, 8, 9, 14, 15);22;153
(2, 5, 6, 8, 10, 11, 15);16;15
(2, 5, 6, 8, 10, 12, 15);17;16
(2, 5, 6, 8, 10, 13, 15);21;15
(2, 5, 6, 8, 10, 14, 15);36;15
(2, 5, 6, 8, 11, 12, 15);17;15
(2, 5, 6, 8, 11, 13, 15);21;15
(2, 5, 6, 8, 11, 14, 15);29;15
(2, 5, 6, 8, 12, 13, 15);21;15
(2, 5, 6, 8, 12, 14, 15);20;15
(2, 5, 6, 8, 13, 14, 15);10;48
(2, 5, 6, 9, 10, 11, 15);20;15
(2, 5, 6, 9, 10, 12, 15);21;60
(2, 5, 6, 9, 10, 13, 15);48;20
(2, 5, 6, 9, 10, 14, 15);182;15
(2, 5, 6, 9, 11, 12, 15);17;17
(2, 5, 6, 9, 11, 13, 15);42;15
(2, 5, 6, 9, 11, 14, 15);20;15
(2, 5, 6, 9, 12, 13, 15);7;29
(2, 5, 6, 9, 12, 14, 15);48;90
(2, 5, 6, 9, 13, 14, 15);28;64
(2, 5, 6, 10, 11, 12, 15);58;64
(2, 5, 6, 10, 11, 13, 15);44;70
(2, 5, 6, 10, 11, 14, 15);4;63
(2, 5, 6, 10, 12, 13, 15);25;15
(2, 5, 6, 10, 12, 14, 15);44;15
(2, 5, 6, 10, 13, 14, 15);48;15
(2, 5, 6, 11, 12, 13, 15);42;15
(2, 5, 6, 11, 12, 14, 15);17;55
(2, 5, 6, 11, 13, 14, 15);44;63
(2, 5, 6, 12, 13, 14, 15);27;15
(2, 5, 7, 8, 9, 10, 15);17;15
(2, 5, 7, 8, 9, 11, 15);30;15
(2, 5, 7, 8, 9, 12, 15);44;30
(2, 5, 7, 8, 9, 13, 15);20;47
(2, 5, 7, 8, 9, 14, 15);16;64
(2, 5, 7, 8, 10, 11, 15);42;15
(2, 5, 7, 8, 10, 12, 15);17;15
(2, 5, 7, 8, 10, 13, 15);38;15
(2, 5, 7, 8, 10, 14, 15);29;25
(2, 5, 7, 8, 11, 12, 15);23;83
(2, 5, 7, 8, 11, 13, 15);20;20
(2, 5, 7, 8, 11, 14, 15);22;15
(2, 5, 7, 8, 12, 13, 15);20;15
(2, 5, 7, 8, 12, 14, 15);10;47
(2, 5, 7, 8, 13, 14, 15);10;50
(2, 5, 7, 9, 10, 11, 15);17;15
(2, 5, 7, 9, 10, 12, 15);17;15
(2, 5, 7, 9, 10, 13, 15);24;74
(2, 5, 7, 9, 10, 14, 15);12;44
(2, 5, 7, 9, 11, 12, 15);17;16
(2, 5, 7, 9, 11, 13, 15);38;15
(2, 5, 7, 9, 11, 14, 15);4;41
(2, 5, 7, 9, 12, 13, 15);14;42
(2, 5, 7, 9, 12, 14, 15);37;25
(2, 5, 7, 9, 13, 14, 15);40;49
(2, 5, 7, 10, 11, 12, 15);17;15
(2, 5, 7, 10, 11, 13, 15);38;15
(2, 5, 7, 10, 11, 14, 15);4;25
(2, 5, 7, 10, 12, 13, 15);38;15
(2, 5, 7, 10, 12, 14, 15);37;16
(2, 5, 7, 10, 13, 14, 15);20;15
(2, 5, 7, 11, 12, 13, 15);44;66
(2, 5, 7, 11, 12, 14, 15);19;90
(2, 5, 7, 11, 13, 14, 15);46;36
(2, 5, 7, 12, 13, 14, 15);9;61
(2, 5, 8, 9, 10, 11, 15);20;15
(2, 5, 8, 9, 10, 12, 15);58;16
(2, 5, 8, 9, 10, 13, 15);41;15
(2, 5, 8, 9, 10, 14, 15);20;16
(2, 5, 8, 9, 11, 12, 15);20;15
(2, 5, 8, 9, 11, 13, 15);24;15
(2, 5, 8, 9, 11, 14, 15);23;15
(2, 5, 8, 9, 12, 13, 15);7;17
(2, 5, 8, 9, 12, 14, 15);17;55
(2, 5, 8, 9, 13, 14, 15);100;109
(2, 5, 8, 10, 11, 12, 15);20;15
(2, 5, 8, 10, 11, 13, 15);21;21
(2, 5, 8, 10, 11, 14, 15);45;115
(2, 5, 8, 10, 12, 13, 15);41;15
(2, 5, 8, 10, 12, 14, 15);20;16
(2, 5, 8, 10, 13, 14, 15);23;15
(2, 5, 8, 11, 12, 13, 15);24;19
(2, 5, 8, 11, 12, 14, 15);26;15
(2, 5, 8, 11, 13, 14, 15);26;15
(2, 5, 8, 12, 13, 14, 15);27;19
(2, 5, 9, 10, 11, 12, 15);41;17
(2, 5, 9, 10, 11, 13, 15);24;30
(2, 5, 9, 10, 11, 14, 15);20;26
(2, 5, 9, 10, 12, 13, 15);24;19
(2, 5, 9, 10, 12, 14, 15);24;15
(2, 5, 9, 10, 13, 14, 15);24;18
(2, 5, 9, 11, 12, 13, 15);24;15
(2, 5, 9, 11, 12, 14, 15);24;20
(2, 5, 9, 11, 13, 14, 15);24;30
(2, 5, 9, 12, 13, 14, 15);27;20
(2, 5, 10, 11, 12, 13, 15);24;30
(2, 5, 10, 11, 12, 14, 15);24;41
(2, 5, 10, 11, 13, 14, 15);24;15
(2, 5, 10, 12, 13, 14, 15);24;15
(2, 5, 11, 12, 13, 14, 15);24;37
(2, 6, 7, 8, 9, 10, 15);17;15
(2, 6, 7, 8, 9, 11, 15);17;15
(2, 6, 7, 8, 9, 12, 15);41;59
(2, 6, 7, 8, 9, 13, 15);21;15
(2, 6, 7, 8, 9, 14, 15);50;15
(2, 6, 7, 8, 10, 11, 15);17;15
(2, 6, 7, 8, 10, 12, 15);17;15
(2, 6, 7, 8, 10, 13, 15);21;15
(2, 6, 7, 8, 10, 14, 15);38;15
(2, 6, 7, 8, 11, 12, 15);23;20
(2, 6, 7, 8, 11, 13, 15);21;15
(2, 6, 7, 8, 11, 14, 15);38;15
(2, 6, 7, 8, 12, 13, 15);21;15
(2, 6, 7, 8, 12, 14, 15);21;15
(2, 6, 7, 8, 13, 14, 15);21;15
(2, 6, 7, 9, 10, 11, 15);17;15
(2, 6, 7, 9, 10, 12, 15);39;49
(2, 6, 7, 9, 10, 13, 15);21;15
(2, 6, 7, 9, 10, 14, 15);8;54
(2, 6, 7, 9, 11, 12, 15);39;49
(2, 6, 7, 9, 11, 13, 15);21;15
(2, 6, 7, 9, 11, 14, 15);37;50
(2, 6, 7, 9, 12, 13, 15);21;15
(2, 6, 7, 9, 12, 14, 15);21;15
(2, 6, 7, 9, 13, 14, 15);21;15
(2, 6, 7, 10, 11, 12, 15);22;15
(2, 6, 7, 10, 11, 13, 15);46;15
(2, 6, 7, 10, 11, 14, 15);21;15
(2, 6, 7, 10, 12, 13, 15);22;35
(2, 6, 7, 10, 12, 14, 15);21;21
(2, 6, 7, 10, 13, 14, 15);46;15
(2, 6, 7, 11, 12, 13, 15);22;91
(2, 6, 7, 11, 12, 14, 15);26;32
(2, 6, 7, 11, 13, 14, 15);46;15
(2, 6, 7, 12, 13, 14, 15);25;15
(2, 6, 8, 9, 10, 11, 15);17;15
(2, 6, 8, 9, 10, 12, 15);38;15
(2, 6, 8, 9, 10, 13, 15);21;15
(2, 6, 8, 9, 10, 14, 15);40;29
(2, 6, 8, 9, 11, 12, 15);17;17
(2, 6, 8, 9, 11, 13, 15);21;15
(2, 6, 8, 9, 11, 14, 15);17;15
(2, 6, 8, 9, 12, 13, 15);21;15
(2, 6, 8, 9, 12, 14, 15);21;15
(2, 6, 8, 9, 13, 14, 15);21;15
(2, 6, 8, 10, 11, 12, 15);38;15
(2, 6, 8, 10, 11, 13, 15);21;15
(2, 6, 8, 10, 11, 14, 15);38;15
(2, 6, 8, 10, 12, 13, 15);21;15
(2, 6, 8, 10, 12, 14, 15);21;15
(2, 6, 8, 10, 13, 14, 15);21;15
(2, 6, 8, 11, 12, 13, 15);21;15
(2, 6, 8, 11, 12, 14, 15);21;15
(2, 6, 8, 11, 13, 14, 15);21;15
(2, 6, 8, 12, 13, 14, 15);21;15
(2, 6, 9, 10, 11, 12, 15);21;15
(2, 6, 9, 10, 11, 13, 15);46;15
(2, 6, 9, 10, 11, 14, 15);65;45
(2, 6, 9, 10, 12, 13, 15);25;15
(2, 6, 9, 10, 12, 14, 15);24;15
(2, 6, 9, 10, 13, 14, 15);52;15
(2, 6, 9, 11, 12, 13, 15);46;15
(2, 6, 9, 11, 12, 14, 15);45;15
(2, 6, 9, 11, 13, 14, 15);24;15
(2, 6, 9, 12, 13, 14, 15);24;24
(2, 6, 10, 11, 12, 13, 15);25;15
(2, 6, 10, 11, 12, 14, 15);25;15
(2, 6, 10, 11, 13, 14, 15);25;15
(2, 6, 10, 12, 13, 14, 15);25;15
(2, 6, 11, 12, 13, 14, 15);25;15
(2, 7, 8, 9, 10, 11, 15);17;15
(2, 7, 8, 9, 10, 12, 15);17;15
(2, 7, 8, 9, 10, 13, 15);21;15
(2, 7, 8, 9, 10, 14, 15);17;29
(2, 7, 8, 9, 11, 12, 15);17;20
(2, 7, 8, 9, 11, 13, 15);21;15
(2, 7, 8, 9, 11, 14, 15);39;35
(2, 7, 8, 9, 12, 13, 15);21;15
(2, 7, 8, 9, 12, 14, 15);21;15
(2, 7, 8, 9, 13, 14, 15);21;15
(2, 7, 8, 10, 11, 12, 15);40;15
(2, 7, 8, 10, 11, 13, 15);21;15
(2, 7, 8, 10, 11, 14, 15);38;15
(2, 7, 8, 10, 12, 13, 15);21;15
(2, 7, 8, 10, 12, 14, 15);21;15
(2, 7, 8, 10, 13, 14, 15);21;15
(2, 7, 8, 11, 12, 13, 15);23;81
(2, 7, 8, 11, 12, 14, 15);48;82
(2, 7, 8, 11, 13, 14, 15);48;15
(2, 7, 8, 12, 13, 14, 15);47;18
(2, 7, 9, 10, 11, 12, 15);39;49
(2, 7, 9, 10, 11, 13, 15);21;15
(2, 7, 9, 10, 11, 14, 15);37;50
(2, 7, 9, 10, 12, 13, 15);21;15
(2, 7, 9, 10, 12, 14, 15);21;15
(2, 7, 9, 10, 13, 14, 15);21;15
(2, 7, 9, 11, 12, 13, 15);21;15
(2, 7, 9, 11, 12, 14, 15);21;15
(2, 7, 9, 11, 13, 14, 15);21;15
(2, 7, 9, 12, 13, 14, 15);21;15
(2, 7, 10, 11, 12, 13, 15);48;25
(2, 7, 10, 11, 12, 14, 15);47;68
(2, 7, 10, 11, 13, 14, 15);46;15
(2, 7, 10, 12, 13, 14, 15);25;15
(2, 7, 11, 12, 13, 14, 15);26;15
(2, 8, 9, 10, 11, 12, 15);38;15
(2, 8, 9, 10, 11, 13, 15);21;15
(2, 8, 9, 10, 11, 14, 15);17;15
(2, 8, 9, 10, 12, 13, 15);21;15
(2, 8, 9, 10, 12, 14, 15);21;15
(2, 8, 9, 10, 13, 14, 15);21;15
(2, 8, 9, 11, 12, 13, 15);21;15
(2, 8, 9, 11, 12, 14, 15);21;15
(2, 8, 9, 11, 13, 14, 15);21;15
(2, 8, 9, 12, 13, 14, 15);27;15
(2, 8, 10, 11, 12, 13, 15);21;15
(2, 8, 10, 11, 12, 14, 15);21;15
(2, 8, 10, 11, 13, 14, 15);21;15
(2, 8, 10, 12, 13, 14, 15);21;15
(2, 8, 11, 12, 13, 14, 15);26;15
(2, 9, 10, 11, 12, 13, 15);46;15
(2, 9, 10, 11, 12, 14, 15);45;15
(2, 9, 10, 11, 13, 14, 15);24;15
(2, 9, 10, 12, 13, 14, 15);24;15
(2, 9, 11, 12, 13, 14, 15);24;15
(2, 10, 11, 12, 13, 14, 15);25;15
(3, 4, 5, 6, 7, 8, 15);11;15
(3, 4, 5, 6, 7, 9, 15);12;15
(3, 4, 5, 6, 7, 10, 15);17;28
(3, 4, 5, 6, 7, 11, 15);18;15
(3, 4, 5, 6, 7, 12, 15);19;15
(3, 4, 5, 6, 7, 13, 15);10;15
(3, 4, 5, 6, 7, 14, 15);10;15
(3, 4, 5, 6, 8, 9, 15);12;15
(3, 4, 5, 6, 8, 10, 15);25;15
(3, 4, 5, 6, 8, 11, 15);16;39
(3, 4, 5, 6, 8, 12, 15);9;16
(3, 4, 5, 6, 8, 13, 15);21;15
(3, 4, 5, 6, 8, 14, 15);11;15
(3, 4, 5, 6, 9, 10, 15);32;15
(3, 4, 5, 6, 9, 11, 15);10;60
(3, 4, 5, 6, 9, 12, 15);18;15
(3, 4, 5, 6, 9, 13, 15);48;15
(3, 4, 5, 6, 9, 14, 15);30;15
(3, 4, 5, 6, 10, 11, 15);25;15
(3, 4, 5, 6, 10, 12, 15);9;18
(3, 4, 5, 6, 10, 13, 15);9;18
(3, 4, 5, 6, 10, 14, 15);9;18
(3, 4, 5, 6, 11, 12, 15);26;15
(3, 4, 5, 6, 11, 13, 15);26;15
(3, 4, 5, 6, 11, 14, 15);26;15
(3, 4, 5, 6, 12, 13, 15);9;15
(3, 4, 5, 6, 12, 14, 15);9;15
(3, 4, 5, 6, 13, 14, 15);9;15
(3, 4, 5, 7, 8, 9, 15);12;15
(3, 4, 5, 7, 8, 10, 15);25;15
(3, 4, 5, 7, 8, 11, 15);18;31
(3, 4, 5, 7, 8, 12, 15);20;15
(3, 4, 5, 7, 8, 13, 15);21;15
(3, 4, 5, 7, 8, 14, 15);11;15
(3, 4, 5, 7, 9, 10, 15);25;15
(3, 4, 5, 7, 9, 11, 15);8;22
(3, 4, 5, 7, 9, 12, 15);18;15
(3, 4, 5, 7, 9, 13, 15);8;49
(3, 4, 5, 7, 9, 14, 15);23;15
(3, 4, 5, 7, 10, 11, 15);14;22
(3, 4, 5, 7, 10, 12, 15);18;15
(3, 4, 5, 7, 10, 13, 15);18;15
(3, 4, 5, 7, 10, 14, 15);49;146
(3, 4, 5, 7, 11, 12, 15);18;28
(3, 4, 5, 7, 11, 13, 15);18;15
(3, 4, 5, 7, 11, 14, 15);18;15
(3, 4, 5, 7, 12, 13, 15);38;15
(3, 4, 5, 7, 12, 14, 15);19;15
(3, 4, 5, 7, 13, 14, 15);10;15
(3, 4, 5, 8, 9, 10, 15);13;22
(3, 4, 5, 8, 9, 11, 15);13;23
(3, 4, 5, 8, 9, 12, 15);18;15
(3, 4, 5, 8, 9, 13, 15);46;107
(3, 4, 5, 8, 9, 14, 15);19;30
(3, 4, 5, 8, 10, 11, 15);13;23
(3, 4, 5, 8, 10, 12, 15);18;15
(3, 4, 5, 8, 10, 13, 15);18;15
(3, 4, 5, 8, 10, 14, 15);19;37
(3, 4, 5, 8, 11, 12, 15);18;15
(3, 4, 5, 8, 11, 13, 15);18;15
(3, 4, 5, 8, 11, 14, 15);18;15
(3, 4, 5, 8, 12, 13, 15);72;29
(3, 4, 5, 8, 12, 14, 15);72;16
(3, 4, 5, 8, 13, 14, 15);28;54
(3, 4, 5, 9, 10, 11, 15);20;15
(3, 4, 5, 9, 10, 12, 15);22;41
(3, 4, 5, 9, 10, 13, 15);44;15
(3, 4, 5, 9, 10, 14, 15);19;15
(3, 4, 5, 9, 11, 12, 15);24;16
(3, 4, 5, 9, 11, 13, 15);8;28
(3, 4, 5, 9, 11, 14, 15);18;28
(3, 4, 5, 9, 12, 13, 15);42;15
(3, 4, 5, 9, 12, 14, 15);60;15
(3, 4, 5, 9, 13, 14, 15);18;15
(3, 4, 5, 10, 11, 12, 15);74;47
(3, 4, 5, 10, 11, 13, 15);25;15
(3, 4, 5, 10, 11, 14, 15);45;130
(3, 4, 5, 10, 12, 13, 15);25;15
(3, 4, 5, 10, 12, 14, 15);25;15
(3, 4, 5, 10, 13, 14, 15);44;52
(3, 4, 5, 11, 12, 13, 15);26;15
(3, 4, 5, 11, 12, 14, 15);26;15
(3, 4, 5, 11, 13, 14, 15);26;15
(3, 4, 5, 12, 13, 14, 15);9;21
(3, 4, 6, 7, 8, 9, 15);12;15
(3, 4, 6, 7, 8, 10, 15);25;15
(3, 4, 6, 7, 8, 11, 15);19;22
(3, 4, 6, 7, 8, 12, 15);20;15
(3, 4, 6, 7, 8, 13, 15);21;15
(3, 4, 6, 7, 8, 14, 15);11;15
(3, 4, 6, 7, 9, 10, 15);25;15
(3, 4, 6, 7, 9, 11, 15);18;22
(3, 4, 6, 7, 9, 12, 15);18;15
(3, 4, 6, 7, 9, 13, 15);10;20
(3, 4, 6, 7, 9, 14, 15);23;15
(3, 4, 6, 7, 10, 11, 15);22;25
(3, 4, 6, 7, 10, 12, 15);18;15
(3, 4, 6, 7, 10, 13, 15);18;15
(3, 4, 6, 7, 10, 14, 15);13;39
(3, 4, 6, 7, 11, 12, 15);18;15
(3, 4, 6, 7, 11, 13, 15);18;15
(3, 4, 6, 7, 11, 14, 15);18;15
(3, 4, 6, 7, 12, 13, 15);19;15
(3, 4, 6, 7, 12, 14, 15);19;15
(3, 4, 6, 7, 13, 14, 15);10;15
(3, 4, 6, 8, 9, 10, 15);25;15
(3, 4, 6, 8, 9, 11, 15);12;19
(3, 4, 6, 8, 9, 12, 15);18;15
(3, 4, 6, 8, 9, 13, 15);12;24
(3, 4, 6, 8, 9, 14, 15);23;15
(3, 4, 6, 8, 10, 11, 15);7;19
(3, 4, 6, 8, 10, 12, 15);18;15
(3, 4, 6, 8, 10, 13, 15);18;15
(3, 4, 6, 8, 10, 14, 15);36;15
(3, 4, 6, 8, 11, 12, 15);18;15
(3, 4, 6, 8, 11, 13, 15);18;15
(3, 4, 6, 8, 11, 14, 15);18;15
(3, 4, 6, 8, 12, 13, 15);16;23
(3, 4, 6, 8, 12, 14, 15);9;16
(3, 4, 6, 8, 13, 14, 15);21;15
(3, 4, 6, 9, 10, 11, 15);19;17
(3, 4, 6, 9, 10, 12, 15);18;15
(3, 4, 6, 9, 10, 13, 15);18;15
(3, 4, 6, 9, 10, 14, 15);36;15
(3, 4, 6, 9, 11, 12, 15);18;15
(3, 4, 6, 9, 11, 13, 15);18;15
(3, 4, 6, 9, 11, 14, 15);18;15
(3, 4, 6, 9, 12, 13, 15);18;15
(3, 4, 6, 9, 12, 14, 15);18;15
(3, 4, 6, 9, 13, 14, 15);48;15
(3, 4, 6, 10, 11, 12, 15);23;41
(3, 4, 6, 10, 11, 13, 15);7;35
(3, 4, 6, 10, 11, 14, 15);25;15
(3, 4, 6, 10, 12, 13, 15);16;33
(3, 4, 6, 10, 12, 14, 15);18;30
(3, 4, 6, 10, 13, 14, 15);43;33
(3, 4, 6, 11, 12, 13, 15);26;15
(3, 4, 6, 11, 12, 14, 15);26;15
(3, 4, 6, 11, 13, 14, 15);26;15
(3, 4, 6, 12, 13, 14, 15);9;15
(3, 4, 7, 8, 9, 10, 15);17;28
(3, 4, 7, 8, 9, 11, 15);50;199
(3, 4, 7, 8, 9, 12, 15);18;15
(3, 4, 7, 8, 9, 13, 15);11;23
(3, 4, 7, 8, 9, 14, 15);11;21
(3, 4, 7, 8, 10, 11, 15);50;88
(3, 4, 7, 8, 10, 12, 15);18;15
(3, 4, 7, 8, 10, 13, 15);18;15
(3, 4, 7, 8, 10, 14, 15);17;24
(3, 4, 7, 8, 11, 12, 15);18;15
(3, 4, 7, 8, 11, 13, 15);18;15
(3, 4, 7, 8, 11, 14, 15);18;15
(3, 4, 7, 8, 12, 13, 15);20;15
(3, 4, 7, 8, 12, 14, 15);40;15
(3, 4, 7, 8, 13, 14, 15);21;15
(3, 4, 7, 9, 10, 11, 15);32;77
(3, 4, 7, 9, 10, 12, 15);18;15
(3, 4, 7, 9, 10, 13, 15);18;15
(3, 4, 7, 9, 10, 14, 15);17;24
(3, 4, 7, 9, 11, 12, 15);18;15
(3, 4, 7, 9, 11, 13, 15);18;15
(3, 4, 7, 9, 11, 14, 15);18;15
(3, 4, 7, 9, 12, 13, 15);18;15
(3, 4, 7, 9, 12, 14, 15);18;15
(3, 4, 7, 9, 13, 14, 15);18;35
(3, 4, 7, 10, 11, 12, 15);18;15
(3, 4, 7, 10, 11, 13, 15);18;15
(3, 4, 7, 10, 11, 14, 15);18;15
(3, 4, 7, 10, 12, 13, 15);18;15
(3, 4, 7, 10, 12, 14, 15);18;15
(3, 4, 7, 10, 13, 14, 15);18;15
(3, 4, 7, 11, 12, 13, 15);18;28
(3, 4, 7, 11, 12, 14, 15);18;30
(3, 4, 7, 11, 13, 14, 15);18;15
(3, 4, 7, 12, 13, 14, 15);38;15
(3, 4, 8, 9, 10, 11, 15);19;15
(3, 4, 8, 9, 10, 12, 15);72;15
(3, 4, 8, 9, 10, 13, 15);23;30
(3, 4, 8, 9, 10, 14, 15);18;15
(3, 4, 8, 9, 11, 12, 15);63;38
(3, 4, 8, 9, 11, 13, 15);12;28
(3, 4, 8, 9, 11, 14, 15);25;28
(3, 4, 8, 9, 12, 13, 15);41;21
(3, 4, 8, 9, 12, 14, 15);72;15
(3, 4, 8, 9, 13, 14, 15);17;27
(3, 4, 8, 10, 11, 12, 15);189;18
(3, 4, 8, 10, 11, 13, 15);7;26
(3, 4, 8, 10, 11, 14, 15);25;28
(3, 4, 8, 10, 12, 13, 15);41;58
(3, 4, 8, 10, 12, 14, 15);18;30
(3, 4, 8, 10, 13, 14, 15);23;30
(3, 4, 8, 11, 12, 13, 15);23;21
(3, 4, 8, 11, 12, 14, 15);43;18
(3, 4, 8, 11, 13, 14, 15);24;46
(3, 4, 8, 12, 13, 14, 15);9;76
(3, 4, 9, 10, 11, 12, 15);27;45
(3, 4, 9, 10, 11, 13, 15);24;34
(3, 4, 9, 10, 11, 14, 15);25;15
(3, 4, 9, 10, 12, 13, 15);24;23
(3, 4, 9, 10, 12, 14, 15);24;15
(3, 4, 9, 10, 13, 14, 15);66;88
(3, 4, 9, 11, 12, 13, 15);24;15
(3, 4, 9, 11, 12, 14, 15);24;24
(3, 4, 9, 11, 13, 14, 15);24;15
(3, 4, 9, 12, 13, 14, 15);42;15
(3, 4, 10, 11, 12, 13, 15);25;22
(3, 4, 10, 11, 12, 14, 15);25;15
(3, 4, 10, 11, 13, 14, 15);25;15
(3, 4, 10, 12, 13, 14, 15);25;15
(3, 4, 11, 12, 13, 14, 15);25;47
(3, 5, 6, 7, 8, 9, 15);12;15
(3, 5, 6, 7, 8, 10, 15);25;15
(3, 5, 6, 7, 8, 11, 15);23;26
(3, 5, 6, 7, 8, 12, 15);20;15
(3, 5, 6, 7, 8, 13, 15);21;15
(3, 5, 6, 7, 8, 14, 15);11;15
(3, 5, 6, 7, 9, 10, 15);25;15
(3, 5, 6, 7, 9, 11, 15);4;20
(3, 5, 6, 7, 9, 12, 15);18;15
(3, 5, 6, 7, 9, 13, 15);12;20
(3, 5, 6, 7, 9, 14, 15);23;15
(3, 5, 6, 7, 10, 11, 15);4;20
(3, 5, 6, 7, 10, 12, 15);18;15
(3, 5, 6, 7, 10, 13, 15);18;15
(3, 5, 6, 7, 10, 14, 15);4;44
(3, 5, 6, 7, 11, 12, 15);18;15
(3, 5, 6, 7, 11, 13, 15);18;15
(3, 5, 6, 7, 11, 14, 15);18;15
(3, 5, 6, 7, 12, 13, 15);19;15
(3, 5, 6, 7, 12, 14, 15);19;15
(3, 5, 6, 7, 13, 14, 15);10;15
(3, 5, 6, 8, 9, 10, 15);25;15
(3, 5, 6, 8, 9, 11, 15);14;41
(3, 5, 6, 8, 9, 12, 15);18;15
(3, 5, 6, 8, 9, 13, 15);18;21
(3, 5, 6, 8, 9, 14, 15);23;15
(3, 5, 6, 8, 10, 11, 15);13;23
(3, 5, 6, 8, 10, 12, 15);18;15
(3, 5, 6, 8, 10, 13, 15);18;15
(3, 5, 6, 8, 10, 14, 15);20;19
(3, 5, 6, 8, 11, 12, 15);18;15
(3, 5, 6, 8, 11, 13, 15);18;15
(3, 5, 6, 8, 11, 14, 15);18;15
(3, 5, 6, 8, 12, 13, 15);18;28
(3, 5, 6, 8, 12, 14, 15);20;28
(3, 5, 6, 8, 13, 14, 15);21;15
(3, 5, 6, 9, 10, 11, 15);4;20
(3, 5, 6, 9, 10, 12, 15);18;15
(3, 5, 6, 9, 10, 13, 15);18;15
(3, 5, 6, 9, 10, 14, 15);31;19
(3, 5, 6, 9, 11, 12, 15);18;15
(3, 5, 6, 9, 11, 13, 15);18;15
(3, 5, 6, 9, 11, 14, 15);18;15
(3, 5, 6, 9, 12, 13, 15);18;15
(3, 5, 6, 9, 12, 14, 15);18;15
(3, 5, 6, 9, 13, 14, 15);30;18
(3, 5, 6, 10, 11, 12, 15);17;24
(3, 5, 6, 10, 11, 13, 15);25;15
(3, 5, 6, 10, 11, 14, 15);4;21
(3, 5, 6, 10, 12, 13, 15);9;18
(3, 5, 6, 10, 12, 14, 15);20;20
(3, 5, 6, 10, 13, 14, 15);9;18
(3, 5, 6, 11, 12, 13, 15);26;15
(3, 5, 6, 11, 12, 14, 15);26;15
(3, 5, 6, 11, 13, 14, 15);26;15
(3, 5, 6, 12, 13, 14, 15);9;15
(3, 5, 7, 8, 9, 10, 15);25;15
(3, 5, 7, 8, 9, 11, 15);16;36
(3, 5, 7, 8, 9, 12, 15);18;15
(3, 5, 7, 8, 9, 13, 15);16;24
(3, 5, 7, 8, 9, 14, 15);23;15
(3, 5, 7, 8, 10, 11, 15);18;23
(3, 5, 7, 8, 10, 12, 15);18;15
(3, 5, 7, 8, 10, 13, 15);18;15
(3, 5, 7, 8, 10, 14, 15);6;45
(3, 5, 7, 8, 11, 12, 15);18;15
(3, 5, 7, 8, 11, 13, 15);18;15
(3, 5, 7, 8, 11, 14, 15);18;15
(3, 5, 7, 8, 12, 13, 15);20;15
(3, 5, 7, 8, 12, 14, 15);20;15
(3, 5, 7, 8, 13, 14, 15);21;15
(3, 5, 7, 9, 10, 11, 15);20;20
(3, 5, 7, 9, 10, 12, 15);18;15
(3, 5, 7, 9, 10, 13, 15);18;15
(3, 5, 7, 9, 10, 14, 15);24;37
(3, 5, 7, 9, 11, 12, 15);18;15
(3, 5, 7, 9, 11, 13, 15);18;15
(3, 5, 7, 9, 11, 14, 15);18;15
(3, 5, 7, 9, 12, 13, 15);18;15
(3, 5, 7, 9, 12, 14, 15);18;15
(3, 5, 7, 9, 13, 14, 15);28;20
(3, 5, 7, 10, 11, 12, 15);18;15
(3, 5, 7, 10, 11, 13, 15);18;15
(3, 5, 7, 10, 11, 14, 15);18;15
(3, 5, 7, 10, 12, 13, 15);18;15
(3, 5, 7, 10, 12, 14, 15);18;15
(3, 5, 7, 10, 13, 14, 15);18;15
(3, 5, 7, 11, 12, 13, 15);18;15
(3, 5, 7, 11, 12, 14, 15);18;15
(3, 5, 7, 11, 13, 14, 15);18;15
(3, 5, 7, 12, 13, 14, 15);38;15
(3, 5, 8, 9, 10, 11, 15);18;20
(3, 5, 8, 9, 10, 12, 15);18;15
(3, 5, 8, 9, 10, 13, 15);18;15
(3, 5, 8, 9, 10, 14, 15);19;22
(3, 5, 8, 9, 11, 12, 15);18;15
(3, 5, 8, 9, 11, 13, 15);18;15
(3, 5, 8, 9, 11, 14, 15);18;15
(3, 5, 8, 9, 12, 13, 15);18;15
(3, 5, 8, 9, 12, 14, 15);18;15
(3, 5, 8, 9, 13, 14, 15);28;70
(3, 5, 8, 10, 11, 12, 15);18;15
(3, 5, 8, 10, 11, 13, 15);18;15
(3, 5, 8, 10, 11, 14, 15);18;15
(3, 5, 8, 10, 12, 13, 15);18;15
(3, 5, 8, 10, 12, 14, 15);18;15
(3, 5, 8, 10, 13, 14, 15);18;15
(3, 5, 8, 11, 12, 13, 15);18;15
(3, 5, 8, 11, 12, 14, 15);18;15
(3, 5, 8, 11, 13, 14, 15);18;15
(3, 5, 8, 12, 13, 14, 15);76;28
(3, 5, 9, 10, 11, 12, 15);27;19
(3, 5, 9, 10, 11, 13, 15);20;22
(3, 5, 9, 10, 11, 14, 15);44;98
(3, 5, 9, 10, 12, 13, 15);25;15
(3, 5, 9, 10, 12, 14, 15);62;30
(3, 5, 9, 10, 13, 14, 15);62;61
(3, 5, 9, 11, 12, 13, 15);24;24
(3, 5, 9, 11, 12, 14, 15);42;16
(3, 5, 9, 11, 13, 14, 15);28;26
(3, 5, 9, 12, 13, 14, 15);60;15
(3, 5, 10, 11, 12, 13, 15);25;15
(3, 5, 10, 11, 12, 14, 15);25;15
(3, 5, 10, 11, 13, 14, 15);25;15
(3, 5, 10, 12, 13, 14, 15);25;15
(3, 5, 11, 12, 13, 14, 15);26;15
(3, 6, 7, 8, 9, 10, 15);30;15
(3, 6, 7, 8, 9, 11, 15);48;15
(3, 6, 7, 8, 9, 12, 15);18;15
(3, 6, 7, 8, 9, 13, 15);22;15
(3, 6, 7, 8, 9, 14, 15);23;15
(3, 6, 7, 8, 10, 11, 15);18;15
(3, 6, 7, 8, 10, 12, 15);18;15
(3, 6, 7, 8, 10, 13, 15);18;15
(3, 6, 7, 8, 10, 14, 15);22;43
(3, 6, 7, 8, 11, 12, 15);18;15
(3, 6, 7, 8, 11, 13, 15);18;15
(3, 6, 7, 8, 11, 14, 15);18;15
(3, 6, 7, 8, 12, 13, 15);20;15
(3, 6, 7, 8, 12, 14, 15);20;15
(3, 6, 7, 8, 13, 14, 15);21;15
(3, 6, 7, 9, 10, 11, 15);30;16
(3, 6, 7, 9, 10, 12, 15);18;15
(3, 6, 7, 9, 10, 13, 15);18;15
(3, 6, 7, 9, 10, 14, 15);29;24
(3, 6, 7, 9, 11, 12, 15);18;15
(3, 6, 7, 9, 11, 13, 15);18;15
(3, 6, 7, 9, 11, 14, 15);18;15
(3, 6, 7, 9, 12, 13, 15);18;15
(3, 6, 7, 9, 12, 14, 15);18;15
(3, 6, 7, 9, 13, 14, 15);20;20
(3, 6, 7, 10, 11, 12, 15);18;15
(3, 6, 7, 10, 11, 13, 15);18;15
(3, 6, 7, 10, 11, 14, 15);18;15
(3, 6, 7, 10, 12, 13, 15);18;15
(3, 6, 7, 10, 12, 14, 15);18;15
(3, 6, 7, 10, 13, 14, 15);18;15
(3, 6, 7, 11, 12, 13, 15);18;15
(3, 6, 7, 11, 12, 14, 15);18;15
(3, 6, 7, 11, 13, 14, 15);18;15
(3, 6, 7, 12, 13, 14, 15);19;15
(3, 6, 8, 9, 10, 11, 15);48;15
(3, 6, 8, 9, 10, 12, 15);18;15
(3, 6, 8, 9, 10, 13, 15);18;15
(3, 6, 8, 9, 10, 14, 15);36;15
(3, 6, 8, 9, 11, 12, 15);18;15
(3, 6, 8, 9, 11, 13, 15);18;15
(3, 6, 8, 9, 11, 14, 15);18;15
(3, 6, 8, 9, 12, 13, 15);18;15
(3, 6, 8, 9, 12, 14, 15);18;15
(3, 6, 8, 9, 13, 14, 15);40;17
(3, 6, 8, 10, 11, 12, 15);18;15
(3, 6, 8, 10, 11, 13, 15);18;15
(3, 6, 8, 10, 11, 14, 15);18;15
(3, 6, 8, 10, 12, 13, 15);18;15
(3, 6, 8, 10, 12, 14, 15);18;15
(3, 6, 8, 10, 13, 14, 15);18;15
(3, 6, 8, 11, 12, 13, 15);18;15
(3, 6, 8, 11, 12, 14, 15);18;15
(3, 6, 8, 11, 13, 14, 15);18;15
(3, 6, 8, 12, 13, 14, 15);27;16
(3, 6, 9, 10, 11, 12, 15);18;15
(3, 6, 9, 10, 11, 13, 15);18;15
(3, 6, 9, 10, 11, 14, 15);18;15
(3, 6, 9, 10, 12, 13, 15);18;15
(3, 6, 9, 10, 12, 14, 15);18;15
(3, 6, 9, 10, 13, 14, 15);18;15
(3, 6, 9, 11, 12, 13, 15);18;15
(3, 6, 9, 11, 12, 14, 15);18;15
(3, 6, 9, 11, 13, 14, 15);18;15
(3, 6, 9, 12, 13, 14, 15);18;15
(3, 6, 10, 11, 12, 13, 15);23;44
(3, 6, 10, 11, 12, 14, 15);26;24
(3, 6, 10, 11, 13, 14, 15);25;15
(3, 6, 10, 12, 13, 14, 15);27;18
(3, 6, 11, 12, 13, 14, 15);26;15
(3, 7, 8, 9, 10, 11, 15);18;15
(3, 7, 8, 9, 10, 12, 15);60;15
(3, 7, 8, 9, 10, 13, 15);18;63
(3, 7, 8, 9, 10, 14, 15);17;47
(3, 7, 8, 9, 11, 12, 15);42;15
(3, 7, 8, 9, 11, 13, 15);16;49
(3, 7, 8, 9, 11, 14, 15);40;15
(3, 7, 8, 9, 12, 13, 15);20;32
(3, 7, 8, 9, 12, 14, 15);23;18
(3, 7, 8, 9, 13, 14, 15);22;15
(3, 7, 8, 10, 11, 12, 15);60;15
(3, 7, 8, 10, 11, 13, 15);18;49
(3, 7, 8, 10, 11, 14, 15);58;15
(3, 7, 8, 10, 12, 13, 15);20;38
(3, 7, 8, 10, 12, 14, 15);41;21
(3, 7, 8, 10, 13, 14, 15);40;40
(3, 7, 8, 11, 12, 13, 15);20;42
(3, 7, 8, 11, 12, 14, 15);23;15
(3, 7, 8, 11, 13, 14, 15);22;15
(3, 7, 8, 12, 13, 14, 15);27;24
(3, 7, 9, 10, 11, 12, 15);60;15
(3, 7, 9, 10, 11, 13, 15);20;38
(3, 7, 9, 10, 11, 14, 15);58;15
(3, 7, 9, 10, 12, 13, 15);22;20
(3, 7, 9, 10, 12, 14, 15);41;21
(3, 7, 9, 10, 13, 14, 15);40;15
(3, 7, 9, 11, 12, 13, 15);24;22
(3, 7, 9, 11, 12, 14, 15);23;15
(3, 7, 9, 11, 13, 14, 15);22;15
(3, 7, 9, 12, 13, 14, 15);22;64
(3, 7, 10, 11, 12, 13, 15);22;20
(3, 7, 10, 11, 12, 14, 15);41;21
(3, 7, 10, 11, 13, 14, 15);40;40
(3, 7, 10, 12, 13, 14, 15);22;15
(3, 7, 11, 12, 13, 14, 15);26;15
(3, 8, 9, 10, 11, 12, 15);42;15
(3, 8, 9, 10, 11, 13, 15);23;15
(3, 8, 9, 10, 11, 14, 15);41;15
(3, 8, 9, 10, 12, 13, 15);23;44
(3, 8, 9, 10, 12, 14, 15);23;22
(3, 8, 9, 10, 13, 14, 15);23;15
(3, 8, 9, 11, 12, 13, 15);23;21
(3, 8, 9, 11, 12, 14, 15);23;15
(3, 8, 9, 11, 13, 14, 15);23;46
(3, 8, 9, 12, 13, 14, 15);23;21
(3, 8, 10, 11, 12, 13, 15);23;15
(3, 8, 10, 11, 12, 14, 15);23;15
(3, 8, 10, 11, 13, 14, 15);23;15
(3, 8, 10, 12, 13, 14, 15);23;58
(3, 8, 11, 12, 13, 14, 15);23;23
(3, 9, 10, 11, 12, 13, 15);24;15
(3, 9, 10, 11, 12, 14, 15);24;15
(3, 9, 10, 11, 13, 14, 15);24;15
(3, 9, 10, 12, 13, 14, 15);24;15
(3, 9, 11, 12, 13, 14, 15);24;15
(3, 10, 11, 12, 13, 14, 15);24;15
(4, 5, 6, 7, 8, 9, 15);24;15
(4, 5, 6, 7, 8, 10, 15);25;21
(4, 5, 6, 7, 8, 11, 15);19;15
(4, 5, 6, 7, 8, 12, 15);19;15
(4, 5, 6, 7, 8, 13, 15);21;15
(4, 5, 6, 7, 8, 14, 15);22;15
(4, 5, 6, 7, 9, 10, 15);11;44
(4, 5, 6, 7, 9, 11, 15);19;15
(4, 5, 6, 7, 9, 12, 15);19;15
(4, 5, 6, 7, 9, 13, 15);19;15
(4, 5, 6, 7, 9, 14, 15);21;15
(4, 5, 6, 7, 10, 11, 15);19;15
(4, 5, 6, 7, 10, 12, 15);19;15
(4, 5, 6, 7, 10, 13, 15);19;15
(4, 5, 6, 7, 10, 14, 15);19;15
(4, 5, 6, 7, 11, 12, 15);19;15
(4, 5, 6, 7, 11, 13, 15);19;15
(4, 5, 6, 7, 11, 14, 15);19;15
(4, 5, 6, 7, 12, 13, 15);19;15
(4, 5, 6, 7, 12, 14, 15);19;15
(4, 5, 6, 7, 13, 14, 15);20;15
(4, 5, 6, 8, 9, 10, 15);7;32
(4, 5, 6, 8, 9, 11, 15);19;15
(4, 5, 6, 8, 9, 12, 15);19;15
(4, 5, 6, 8, 9, 13, 15);19;15
(4, 5, 6, 8, 9, 14, 15);10;27
(4, 5, 6, 8, 10, 11, 15);19;15
(4, 5, 6, 8, 10, 12, 15);19;15
(4, 5, 6, 8, 10, 13, 15);19;15
(4, 5, 6, 8, 10, 14, 15);19;15
(4, 5, 6, 8, 11, 12, 15);19;15
(4, 5, 6, 8, 11, 13, 15);19;15
(4, 5, 6, 8, 11, 14, 15);19;15
(4, 5, 6, 8, 12, 13, 15);19;15
(4, 5, 6, 8, 12, 14, 15);19;15
(4, 5, 6, 8, 13, 14, 15);19;18
(4, 5, 6, 9, 10, 11, 15);19;15
(4, 5, 6, 9, 10, 12, 15);19;15
(4, 5, 6, 9, 10, 13, 15);19;15
(4, 5, 6, 9, 10, 14, 15);19;15
(4, 5, 6, 9, 11, 12, 15);19;15
(4, 5, 6, 9, 11, 13, 15);19;15
(4, 5, 6, 9, 11, 14, 15);19;15
(4, 5, 6, 9, 12, 13, 15);19;15
(4, 5, 6, 9, 12, 14, 15);19;15
(4, 5, 6, 9, 13, 14, 15);19;15
(4, 5, 6, 10, 11, 12, 15);19;15
(4, 5, 6, 10, 11, 13, 15);19;15
(4, 5, 6, 10, 11, 14, 15);19;15
(4, 5, 6, 10, 12, 13, 15);19;15
(4, 5, 6, 10, 12, 14, 15);19;15
(4, 5, 6, 10, 13, 14, 15);19;15
(4, 5, 6, 11, 12, 13, 15);26;31
(4, 5, 6, 11, 12, 14, 15);26;31
(4, 5, 6, 11, 13, 14, 15);19;18
(4, 5, 6, 12, 13, 14, 15);9;17
(4, 5, 7, 8, 9, 10, 15);42;26
(4, 5, 7, 8, 9, 11, 15);19;15
(4, 5, 7, 8, 9, 12, 15);19;15
(4, 5, 7, 8, 9, 13, 15);19;15
(4, 5, 7, 8, 9, 14, 15);6;79
(4, 5, 7, 8, 10, 11, 15);19;15
(4, 5, 7, 8, 10, 12, 15);19;15
(4, 5, 7, 8, 10, 13, 15);19;15
(4, 5, 7, 8, 10, 14, 15);19;15
(4, 5, 7, 8, 11, 12, 15);19;15
(4, 5, 7, 8, 11, 13, 15);19;15
(4, 5, 7, 8, 11, 14, 15);19;15
(4, 5, 7, 8, 12, 13, 15);19;15
(4, 5, 7, 8, 12, 14, 15);19;15
(4, 5, 7, 8, 13, 14, 15);21;15
(4, 5, 7, 9, 10, 11, 15);19;15
(4, 5, 7, 9, 10, 12, 15);19;15
(4, 5, 7, 9, 10, 13, 15);19;15
(4, 5, 7, 9, 10, 14, 15);19;15
(4, 5, 7, 9, 11, 12, 15);19;15
(4, 5, 7, 9, 11, 13, 15);19;15
(4, 5, 7, 9, 11, 14, 15);19;15
(4, 5, 7, 9, 12, 13, 15);19;15
(4, 5, 7, 9, 12, 14, 15);19;15
(4, 5, 7, 9, 13, 14, 15);19;15
(4, 5, 7, 10, 11, 12, 15);19;15
(4, 5, 7, 10, 11, 13, 15);19;15
(4, 5, 7, 10, 11, 14, 15);19;15
(4, 5, 7, 10, 12, 13, 15);19;15
(4, 5, 7, 10, 12, 14, 15);19;15
(4, 5, 7, 10, 13, 14, 15);19;15
(4, 5, 7, 11, 12, 13, 15);19;15
(4, 5, 7, 11, 12, 14, 15);19;15
(4, 5, 7, 11, 13, 14, 15);19;15
(4, 5, 7, 12, 13, 14, 15);19;15
(4, 5, 8, 9, 10, 11, 15);19;15
(4, 5, 8, 9, 10, 12, 15);19;15
(4, 5, 8, 9, 10, 13, 15);19;15
(4, 5, 8, 9, 10, 14, 15);19;15
(4, 5, 8, 9, 11, 12, 15);19;15
(4, 5, 8, 9, 11, 13, 15);19;15
(4, 5, 8, 9, 11, 14, 15);19;15
(4, 5, 8, 9, 12, 13, 15);19;15
(4, 5, 8, 9, 12, 14, 15);19;15
(4, 5, 8, 9, 13, 14, 15);19;15
(4, 5, 8, 10, 11, 12, 15);19;15
(4, 5, 8, 10, 11, 13, 15);19;15
(4, 5, 8, 10, 11, 14, 15);19;15
(4, 5, 8, 10, 12, 13, 15);19;15
(4, 5, 8, 10, 12, 14, 15);19;15
(4, 5, 8, 10, 13, 14, 15);19;15
(4, 5, 8, 11, 12, 13, 15);19;15
(4, 5, 8, 11, 12, 14, 15);19;15
(4, 5, 8, 11, 13, 14, 15);19;15
(4, 5, 8, 12, 13, 14, 15);19;15
(4, 5, 9, 10, 11, 12, 15);19;15
(4, 5, 9, 10, 11, 13, 15);19;15
(4, 5, 9, 10, 11, 14, 15);19;15
(4, 5, 9, 10, 12, 13, 15);19;15
(4, 5, 9, 10, 12, 14, 15);19;15
(4, 5, 9, 10, 13, 14, 15);19;15
(4, 5, 9, 11, 12, 13, 15);19;15
(4, 5, 9, 11, 12, 14, 15);19;15
(4, 5, 9, 11, 13, 14, 15);19;15
(4, 5, 9, 12, 13, 14, 15);19;15
(4, 5, 10, 11, 12, 13, 15);46;15
(4, 5, 10, 11, 12, 14, 15);22;19
(4, 5, 10, 11, 13, 14, 15);46;24
(4, 5, 10, 12, 13, 14, 15);45;23
(4, 5, 11, 12, 13, 14, 15);26;15
(4, 6, 7, 8, 9, 10, 15);30;15
(4, 6, 7, 8, 9, 11, 15);19;15
(4, 6, 7, 8, 9, 12, 15);19;15
(4, 6, 7, 8, 9, 13, 15);19;15
(4, 6, 7, 8, 9, 14, 15);23;15
(4, 6, 7, 8, 10, 11, 15);19;15
(4, 6, 7, 8, 10, 12, 15);19;15
(4, 6, 7, 8, 10, 13, 15);19;15
(4, 6, 7, 8, 10, 14, 15);19;15
(4, 6, 7, 8, 11, 12, 15);19;15
(4, 6, 7, 8, 11, 13, 15);19;15
(4, 6, 7, 8, 11, 14, 15);19;15
(4, 6, 7, 8, 12, 13, 15);19;15
(4, 6, 7, 8, 12, 14, 15);19;15
(4, 6, 7, 8, 13, 14, 15);21;15
(4, 6, 7, 9, 10, 11, 15);19;15
(4, 6, 7, 9, 10, 12, 15);19;15
(4, 6, 7, 9, 10, 13, 15);19;15
(4, 6, 7, 9, 10, 14, 15);19;15
(4, 6, 7, 9, 11, 12, 15);19;15
(4, 6, 7, 9, 11, 13, 15);19;15
(4, 6, 7, 9, 11, 14, 15);19;15
(4, 6, 7, 9, 12, 13, 15);19;15
(4, 6, 7, 9, 12, 14, 15);19;15
(4, 6, 7, 9, 13, 14, 15);19;15
(4, 6, 7, 10, 11, 12, 15);19;15
(4, 6, 7, 10, 11, 13, 15);19;15
(4, 6, 7, 10, 11, 14, 15);19;15
(4, 6, 7, 10, 12, 13, 15);19;15
(4, 6, 7, 10, 12, 14, 15);19;15
(4, 6, 7, 10, 13, 14, 15);19;15
(4, 6, 7, 11, 12, 13, 15);19;15
(4, 6, 7, 11, 12, 14, 15);19;15
(4, 6, 7, 11, 13, 14, 15);19;15
(4, 6, 7, 12, 13, 14, 15);19;15
(4, 6, 8, 9, 10, 11, 15);19;15
(4, 6, 8, 9, 10, 12, 15);19;15
(4, 6, 8, 9, 10, 13, 15);19;15
(4, 6, 8, 9, 10, 14, 15);19;15
(4, 6, 8, 9, 11, 12, 15);19;15
(4, 6, 8, 9, 11, 13, 15);19;15
(4, 6, 8, 9, 11, 14, 15);19;15
(4, 6, 8, 9, 12, 13, 15);19;15
(4, 6, 8, 9, 12, 14, 15);19;15
(4, 6, 8, 9, 13, 14, 15);19;15
(4, 6, 8, 10, 11, 12, 15);19;15
(4, 6, 8, 10, 11, 13, 15);19;15
(4, 6, 8, 10, 11, 14, 15);19;15
(4, 6, 8, 10, 12, 13, 15);19;15
(4, 6, 8, 10, 12, 14, 15);19;15
(4, 6, 8, 10, 13, 14, 15);19;15
(4, 6, 8, 11, 12, 13, 15);19;15
(4, 6, 8, 11, 12, 14, 15);19;15
(4, 6, 8, 11, 13, 14, 15);19;15
(4, 6, 8, 12, 13, 14, 15);19;15
(4, 6, 9, 10, 11, 12, 15);19;15
(4, 6, 9, 10, 11, 13, 15);19;15
(4, 6, 9, 10, 11, 14, 15);19;15
(4, 6, 9, 10, 12, 13, 15);19;15
(4, 6, 9, 10, 12, 14, 15);19;15
(4, 6, 9, 10, 13, 14, 15);19;15
(4, 6, 9, 11, 12, 13, 15);19;15
(4, 6, 9, 11, 12, 14, 15);19;15
(4, 6, 9, 11, 13, 14, 15);19;15
(4, 6, 9, 12, 13, 14, 15);19;15
(4, 6, 10, 11, 12, 13, 15);19;15
(4, 6, 10, 11, 12, 14, 15);19;15
(4, 6, 10, 11, 13, 14, 15);19;15
(4, 6, 10, 12, 13, 14, 15);19;15
(4, 6, 11, 12, 13, 14, 15);26;31
(4, 7, 8, 9, 10, 11, 15);19;15
(4, 7, 8, 9, 10, 12, 15);19;15
(4, 7, 8, 9, 10, 13, 15);19;15
(4, 7, 8, 9, 10, 14, 15);19;15
(4, 7, 8, 9, 11, 12, 15);19;15
(4, 7, 8, 9, 11, 13, 15);19;15
(4, 7, 8, 9, 11, 14, 15);19;15
(4, 7, 8, 9, 12, 13, 15);19;15
(4, 7, 8, 9, 12, 14, 15);19;15
(4, 7, 8, 9, 13, 14, 15);19;15
(4, 7, 8, 10, 11, 12, 15);19;15
(4, 7, 8, 10, 11, 13, 15);19;15
(4, 7, 8, 10, 11, 14, 15);19;15
(4, 7, 8, 10, 12, 13, 15);19;15
(4, 7, 8, 10, 12, 14, 15);19;15
(4, 7, 8, 10, 13, 14, 15);19;15
(4, 7, 8, 11, 12, 13, 15);19;15
(4, 7, 8, 11, 12, 14, 15);19;15
(4, 7, 8, 11, 13, 14, 15);19;15
(4, 7, 8, 12, 13, 14, 15);19;15
(4, 7, 9, 10, 11, 12, 15);19;15
(4, 7, 9, 10, 11, 13, 15);19;15
(4, 7, 9, 10, 11, 14, 15);19;15
(4, 7, 9, 10, 12, 13, 15);19;15
(4, 7, 9, 10, 12, 14, 15);19;15
(4, 7, 9, 10, 13, 14, 15);19;15
(4, 7, 9, 11, 12, 13, 15);19;15
(4, 7, 9, 11, 12, 14, 15);19;15
(4, 7, 9, 11, 13, 14, 15);19;15
(4, 7, 9, 12, 13, 14, 15);19;15
(4, 7, 10, 11, 12, 13, 15);19;15
(4, 7, 10, 11, 12, 14, 15);19;15
(4, 7, 10, 11, 13, 14, 15);19;15
(4, 7, 10, 12, 13, 14, 15);19;15
(4, 7, 11, 12, 13, 14, 15);19;15
(4, 8, 9, 10, 11, 12, 15);19;15
(4, 8, 9, 10, 11, 13, 15);19;15
(4, 8, 9, 10, 11, 14, 15);19;15
(4, 8, 9, 10, 12, 13, 15);19;15
(4, 8, 9, 10, 12, 14, 15);19;15
(4, 8, 9, 10, 13, 14, 15);19;15
(4, 8, 9, 11, 12, 13, 15);19;15
(4, 8, 9, 11, 12, 14, 15);19;15
(4, 8, 9, 11, 13, 14, 15);19;15
(4, 8, 9, 12, 13, 14, 15);19;15
(4, 8, 10, 11, 12, 13, 15);19;15
(4, 8, 10, 11, 12, 14, 15);19;15
(4, 8, 10, 11, 13, 14, 15);19;15
(4, 8, 10, 12, 13, 14, 15);19;15
(4, 8, 11, 12, 13, 14, 15);19;15
(4, 9, 10, 11, 12, 13, 15);22;33
(4, 9, 10, 11, 12, 14, 15);45;33
(4, 9, 10, 11, 13, 14, 15);44;24
(4, 9, 10, 12, 13, 14, 15);43;55
(4, 9, 11, 12, 13, 14, 15);24;15
(4, 10, 11, 12, 13, 14, 15);25;15
(5, 6, 7, 8, 9, 10, 15);20;15
(5, 6, 7, 8, 9, 11, 15);20;15
(5, 6, 7, 8, 9, 12, 15);20;15
(5, 6, 7, 8, 9, 13, 15);20;15
(5, 6, 7, 8, 9, 14, 15);20;15
(5, 6, 7, 8, 10, 11, 15);20;15
(5, 6, 7, 8, 10, 12, 15);20;15
(5, 6, 7, 8, 10, 13, 15);20;15
(5, 6, 7, 8, 10, 14, 15);20;15
(5, 6, 7, 8, 11, 12, 15);20;15
(5, 6, 7, 8, 11, 13, 15);20;15
(5, 6, 7, 8, 11, 14, 15);20;15
(5, 6, 7, 8, 12, 13, 15);20;15
(5, 6, 7, 8, 12, 14, 15);20;15
(5, 6, 7, 8, 13, 14, 15);20;15
(5, 6, 7, 9, 10, 11, 15);20;15
(5, 6, 7, 9, 10, 12, 15);20;15
(5, 6, 7, 9, 10, 13, 15);20;15
(5, 6, 7, 9, 10, 14, 15);20;15
(5, 6, 7, 9, 11, 12, 15);20;15
(5, 6, 7, 9, 11, 13, 15);20;15
(5, 6, 7, 9, 11, 14, 15);20;15
(5, 6, 7, 9, 12, 13, 15);20;15
(5, 6, 7, 9, 12, 14, 15);20;15
(5, 6, 7, 9, 13, 14, 15);20;15
(5, 6, 7, 10, 11, 12, 15);20;15
(5, 6, 7, 10, 11, 13, 15);20;15
(5, 6, 7, 10, 11, 14, 15);20;15
(5, 6, 7, 10, 12, 13, 15);20;15
(5, 6, 7, 10, 12, 14, 15);20;15
(5, 6, 7, 10, 13, 14, 15);20;15
(5, 6, 7, 11, 12, 13, 15);20;15
(5, 6, 7, 11, 12, 14, 15);20;15
(5, 6, 7, 11, 13, 14, 15);20;15
(5, 6, 7, 12, 13, 14, 15);20;15
(5, 6, 8, 9, 10, 11, 15);20;15
(5, 6, 8, 9, 10, 12, 15);20;15
(5, 6, 8, 9, 10, 13, 15);20;15
(5, 6, 8, 9, 10, 14, 15);20;15
(5, 6, 8, 9, 11, 12, 15);20;15
(5, 6, 8, 9, 11, 13, 15);20;15
(5, 6, 8, 9, 11, 14, 15);20;15
(5, 6, 8, 9, 12, 13, 15);20;15
(5, 6, 8, 9, 12, 14, 15);20;15
(5, 6, 8, 9, 13, 14, 15);20;15
(5, 6, 8, 10, 11, 12, 15);20;15
(5, 6, 8, 10, 11, 13, 15);20;15
(5, 6, 8, 10, 11, 14, 15);20;15
(5, 6, 8, 10, 12, 13, 15);20;15
(5, 6, 8, 10, 12, 14, 15);20;15
(5, 6, 8, 10, 13, 14, 15);20;15
(5, 6, 8, 11, 12, 13, 15);20;15
(5, 6, 8, 11, 12, 14, 15);20;15
(5, 6, 8, 11, 13, 14, 15);20;15
(5, 6, 8, 12, 13, 14, 15);20;15
(5, 6, 9, 10, 11, 12, 15);20;15
(5, 6, 9, 10, 11, 13, 15);20;15
(5, 6, 9, 10, 11, 14, 15);20;15
(5, 6, 9, 10, 12, 13, 15);20;15
(5, 6, 9, 10, 12, 14, 15);20;15
(5, 6, 9, 10, 13, 14, 15);20;15
(5, 6, 9, 11, 12, 13, 15);20;15
(5, 6, 9, 11, 12, 14, 15);20;15
(5, 6, 9, 11, 13, 14, 15);20;15
(5, 6, 9, 12, 13, 14, 15);20;15
(5, 6, 10, 11, 12, 13, 15);20;15
(5, 6, 10, 11, 12, 14, 15);20;15
(5, 6, 10, 11, 13, 14, 15);20;15
(5, 6, 10, 12, 13, 14, 15);20;15
(5, 6, 11, 12, 13, 14, 15);20;15
(5, 7, 8, 9, 10, 11, 15);20;15
(5, 7, 8, 9, 10, 12, 15);20;15
(5, 7, 8, 9, 10, 13, 15);20;15
(5, 7, 8, 9, 10, 14, 15);20;15
(5, 7, 8, 9, 11, 12, 15);20;15
(5, 7, 8, 9, 11, 13, 15);20;15
(5, 7, 8, 9, 11, 14, 15);20;15
(5, 7, 8, 9, 12, 13, 15);20;15
(5, 7, 8, 9, 12, 14, 15);20;15
(5, 7, 8, 9, 13, 14, 15);20;15
(5, 7, 8, 10, 11, 12, 15);20;15
(5, 7, 8, 10, 11, 13, 15);20;15
(5, 7, 8, 10, 11, 14, 15);20;15
(5, 7, 8, 10, 12, 13, 15);20;15
(5, 7, 8, 10, 12, 14, 15);20;15
(5, 7, 8, 10, 13, 14, 15);20;15
(5, 7, 8, 11, 12, 13, 15);20;15
(5, 7, 8, 11, 12, 14, 15);20;15
(5, 7, 8, 11, 13, 14, 15);20;15
(5, 7, 8, 12, 13, 14, 15);20;15
(5, 7, 9, 10, 11, 12, 15);20;15
(5, 7, 9, 10, 11, 13, 15);20;15
(5, 7, 9, 10, 11, 14, 15);20;15
(5, 7, 9, 10, 12, 13, 15);20;15
(5, 7, 9, 10, 12, 14, 15);20;15
(5, 7, 9, 10, 13, 14, 15);20;15
(5, 7, 9, 11, 12, 13, 15);20;15
(5, 7, 9, 11, 12, 14, 15);20;15
(5, 7, 9, 11, 13, 14, 15);20;15
(5, 7, 9, 12, 13, 14, 15);20;15
(5, 7, 10, 11, 12, 13, 15);20;15
(5, 7, 10, 11, 12, 14, 15);20;15
(5, 7, 10, 11, 13, 14, 15);20;15
(5, 7, 10, 12, 13, 14, 15);20;15
(5, 7, 11, 12, 13, 14, 15);20;15
(5, 8, 9, 10, 11, 12, 15);20;15
(5, 8, 9, 10, 11, 13, 15);20;15
(5, 8, 9, 10, 11, 14, 15);20;15
(5, 8, 9, 10, 12, 13, 15);20;15
(5, 8, 9, 10, 12, 14, 15);20;15
(5, 8, 9, 10, 13, 14, 15);20;15
(5, 8, 9, 11, 12, 13, 15);20;15
(5, 8, 9, 11, 12, 14, 15);20;15
(5, 8, 9, 11, 13, 14, 15);20;15
(5, 8, 9, 12, 13, 14, 15);20;15
(5, 8, 10, 11, 12, 13, 15);20;15
(5, 8, 10, 11, 12, 14, 15);20;15
(5, 8, 10, 11, 13, 14, 15);20;15
(5, 8, 10, 12, 13, 14, 15);20;15
(5, 8, 11, 12, 13, 14, 15);20;15
(5, 9, 10, 11, 12, 13, 15);20;15
(5, 9, 10, 11, 12, 14, 15);20;15
(5, 9, 10, 11, 13, 14, 15);20;15
(5, 9, 10, 12, 13, 14, 15);20;15
(5, 9, 11, 12, 13, 14, 15);20;15
(5, 10, 11, 12, 13, 14, 15);20;15
(6, 7, 8, 9, 10, 11, 15);21;15
(6, 7, 8, 9, 10, 12, 15);21;15
(6, 7, 8, 9, 10, 13, 15);21;15
(6, 7, 8, 9, 10, 14, 15);21;15
(6, 7, 8, 9, 11, 12, 15);21;15
(6, 7, 8, 9, 11, 13, 15);21;15
(6, 7, 8, 9, 11, 14, 15);21;15
(6, 7, 8, 9, 12, 13, 15);21;15
(6, 7, 8, 9, 12, 14, 15);21;15
(6, 7, 8, 9, 13, 14, 15);21;15
(6, 7, 8, 10, 11, 12, 15);21;15
(6, 7, 8, 10, 11, 13, 15);21;15
(6, 7, 8, 10, 11, 14, 15);21;15
(6, 7, 8, 10, 12, 13, 15);21;15
(6, 7, 8, 10, 12, 14, 15);21;15
(6, 7, 8, 10, 13, 14, 15);21;15
(6, 7, 8, 11, 12, 13, 15);21;15
(6, 7, 8, 11, 12, 14, 15);21;15
(6, 7, 8, 11, 13, 14, 15);21;15
(6, 7, 8, 12, 13, 14, 15);21;15
(6, 7, 9, 10, 11, 12, 15);21;15
(6, 7, 9, 10, 11, 13, 15);21;15
(6, 7, 9, 10, 11, 14, 15);21;15
(6, 7, 9, 10, 12, 13, 15);21;15
(6, 7, 9, 10, 12, 14, 15);21;15
(6, 7, 9, 10, 13, 14, 15);21;15
(6, 7, 9, 11, 12, 13, 15);21;15
(6, 7, 9, 11, 12, 14, 15);21;15
(6, 7, 9, 11, 13, 14, 15);21;15
(6, 7, 9, 12, 13, 14, 15);21;15
(6, 7, 10, 11, 12, 13, 15);21;15
(6, 7, 10, 11, 12, 14, 15);21;15
(6, 7, 10, 11, 13, 14, 15);21;15
(6, 7, 10, 12, 13, 14, 15);21;15
(6, 7, 11, 12, 13, 14, 15);21;15
(6, 8, 9, 10, 11, 12, 15);21;15
(6, 8, 9, 10, 11, 13, 15);21;15
(6, 8, 9, 10, 11, 14, 15);21;15
(6, 8, 9, 10, 12, 13, 15);21;15
(6, 8, 9, 10, 12, 14, 15);21;15
(6, 8, 9, 10, 13, 14, 15);21;15
(6, 8, 9, 11, 12, 13, 15);21;15
(6, 8, 9, 11, 12, 14, 15);21;15
(6, 8, 9, 11, 13, 14, 15);21;15
(6, 8, 9, 12, 13, 14, 15);21;15
(6, 8, 10, 11, 12, 13, 15);21;15
(6, 8, 10, 11, 12, 14, 15);21;15
(6, 8, 10, 11, 13, 14, 15);21;15
(6, 8, 10, 12, 13, 14, 15);21;15
(6, 8, 11, 12, 13, 14, 15);21;15
(6, 9, 10, 11, 12, 13, 15);21;15
(6, 9, 10, 11, 12, 14, 15);21;15
(6, 9, 10, 11, 13, 14, 15);21;15
(6, 9, 10, 12, 13, 14, 15);21;15
(6, 9, 11, 12, 13, 14, 15);21;15
(6, 10, 11, 12, 13, 14, 15);21;15
(7, 8, 9, 10, 11, 12, 15);22;15
(7, 8, 9, 10, 11, 13, 15);22;15
(7, 8, 9, 10, 11, 14, 15);22;15
(7, 8, 9, 10, 12, 13, 15);22;15
(7, 8, 9, 10, 12, 14, 15);22;15
(7, 8, 9, 10, 13, 14, 15);22;15
(7, 8, 9, 11, 12, 13, 15);22;15
(7, 8, 9, 11, 12, 14, 15);22;15
(7, 8, 9, 11, 13, 14, 15);22;15
(7, 8, 9, 12, 13, 14, 15);22;15
(7, 8, 10, 11, 12, 13, 15);22;15
(7, 8, 10, 11, 12, 14, 15);22;15
(7, 8, 10, 11, 13, 14, 15);22;15
(7, 8, 10, 12, 13, 14, 15);22;15
(7, 8, 11, 12, 13, 14, 15);22;15
(7, 9, 10, 11, 12, 13, 15);22;15
(7, 9, 10, 11, 12, 14, 15);22;15
(7, 9, 10, 11, 13, 14, 15);22;15
(7, 9, 10, 12, 13, 14, 15);22;15
(7, 9, 11, 12, 13, 14, 15);22;15
(7, 10, 11, 12, 13, 14, 15);22;15
(8, 9, 10, 11, 12, 13, 15);23;15
(8, 9, 10, 11, 12, 14, 15);23;15
(8, 9, 10, 11, 13, 14, 15);23;15
(8, 9, 10, 12, 13, 14, 15);23;15
(8, 9, 11, 12, 13, 14, 15);23;15
(8, 10, 11, 12, 13, 14, 15);23;15
(9, 10, 11, 12, 13, 14, 15);24;15
