S;p;l
(1, 2, 3, 4, 5, 6, 12);7;12
(1, 2, 3, 4, 5, 7, 12);14;12
(1, 2, 3, 4, 5, 8, 12);13;12
(1, 2, 3, 4, 5, 9, 12);13;12
(1, 2, 3, 4, 5, 10, 12);13;12
(1, 2, 3, 4, 5, 11, 12);13;12
(1, 2, 3, 4, 6, 7, 12);5;12
(1, 2, 3, 4, 6, 8, 12);5;12
(1, 2, 3, 4, 6, 9, 12);5;12
(1, 2, 3, 4, 6, 10, 12);13;12
(1, 2, 3, 4, 6, 11, 12);5;12
(1, 2, 3, 4, 7, 8, 12);5;12
(1, 2, 3, 4, 7, 9, 12);5;12
(1, 2, 3, 4, 7, 10, 12);11;12
(1, 2, 3, 4, 7, 11, 12);5;12
(1, 2, 3, 4, 8, 9, 12);5;12
(1, 2, 3, 4, 8, 10, 12);11;12
(1, 2, 3, 4, 8, 11, 12);5;12
(1, 2, 3, 4, 9, 10, 12);11;12
(1, 2, 3, 4, 9, 11, 12);5;12
(1, 2, 3, 4, 10, 11, 12);13;12
(1, 2, 3, 5, 6, 7, 12);17;12
(1, 2, 3, 5, 6, 8, 12);11;12
(1, 2, 3, 5, 6, 9, 12);15;12
(1, 2, 3, 5, 6, 10, 12);15;12
(1, 2, 3, 5, 6, 11, 12);17;12
(1, 2, 3, 5, 7, 8, 12);10;12
(1, 2, 3, 5, 7, 9, 12);14;12
(1, 2, 3, 5, 7, 10, 12);17;12
(1, 2, 3, 5, 7, 11, 12);14;12
(1, 2, 3, 5, 8, 9, 12);10;12
(1, 2, 3, 5, 8, 10, 12);11;12
(1, 2, 3, 5, 8, 11, 12);10;12
(1, 2, 3, 5, 9, 10, 12);15;12
(1, 2, 3, 5, 9, 11, 12);14;12
(1, 2, 3, 5, 10, 11, 12);17;12
(1, 2, 3, 6, 7, 8, 12);9;12
(1, 2, 3, 6, 7, 9, 12);18;12
(1, 2, 3, 6, 7, 10, 12);13;12
(1, 2, 3, 6, 7, 11, 12);13;12
(1, 2, 3, 6, 8, 9, 12);11;12
(1, 2, 3, 6, 8, 10, 12);9;12
(1, 2, 3, 6, 8, 11, 12);9;12
(1, 2, 3, 6, 9, 10, 12);15;12
(1, 2, 3, 6, 9, 11, 12);18;12
(1, 2, 3, 6, 10, 11, 12);13;12
(1, 2, 3, 7, 8, 9, 12);10;12
(1, 2, 3, 7, 8, 10, 12);9;12
(1, 2, 3, 7, 8, 11, 12);9;12
(1, 2, 3, 7, 9, 10, 12);19;12
(1, 2, 3, 7, 9, 11, 12);14;12
(1, 2, 3, 7, 10, 11, 12);13;12
(1, 2, 3, 8, 9, 10, 12);11;12
(1, 2, 3, 8, 9, 11, 12);10;12
(1, 2, 3, 8, 10, 11, 12);9;12
(1, 2, 3, 9, 10, 11, 12);21;12
(1, 2, 4, 5, 6, 7, 12);11;12
(1, 2, 4, 5, 6, 8, 12);10;12
(1, 2, 4, 5, 6, 9, 12);10;12
(1, 2, 4, 5, 6, 10, 12);11;12
(1, 2, 4, 5, 6, 11, 12);10;12
(1, 2, 4, 5, 7, 8, 12);19;12
(1, 2, 4, 5, 7, 9, 12);14;12
(1, 2, 4, 5, 7, 10, 12);17;12
(1, 2, 4, 5, 7, 11, 12);19;12
(1, 2, 4, 5, 8, 9, 12);13;12
(1, 2, 4, 5, 8, 10, 12);20;12
(1, 2, 4, 5, 8, 11, 12);16;12
(1, 2, 4, 5, 9, 10, 12);14;12
(1, 2, 4, 5, 9, 11, 12);13;12
(1, 2, 4, 5, 10, 11, 12);22;12
(1, 2, 4, 6, 7, 8, 12);13;12
(1, 2, 4, 6, 7, 9, 12);8;12
(1, 2, 4, 6, 7, 10, 12);8;12
(1, 2, 4, 6, 7, 11, 12);13;12
(1, 2, 4, 6, 8, 9, 12);10;12
(1, 2, 4, 6, 8, 10, 12);14;12
(1, 2, 4, 6, 8, 11, 12);10;12
(1, 2, 4, 6, 9, 10, 12);8;12
(1, 2, 4, 6, 9, 11, 12);13;12
(1, 2, 4, 6, 10, 11, 12);21;12
(1, 2, 4, 7, 8, 9, 12);16;12
(1, 2, 4, 7, 8, 10, 12);20;12
(1, 2, 4, 7, 8, 11, 12);19;12
(1, 2, 4, 7, 9, 10, 12);11;12
(1, 2, 4, 7, 9, 11, 12);16;12
(1, 2, 4, 7, 10, 11, 12);22;12
(1, 2, 4, 8, 9, 10, 12);17;12
(1, 2, 4, 8, 9, 11, 12);13;12
(1, 2, 4, 8, 10, 11, 12);22;12
(1, 2, 4, 9, 10, 11, 12);19;12
(1, 2, 5, 6, 7, 8, 12);13;12
(1, 2, 5, 6, 7, 9, 12);11;12
(1, 2, 5, 6, 7, 10, 12);11;12
(1, 2, 5, 6, 7, 11, 12);13;12
(1, 2, 5, 6, 8, 9, 12);7;12
(1, 2, 5, 6, 8, 10, 12);18;12
(1, 2, 5, 6, 8, 11, 12);17;12
(1, 2, 5, 6, 9, 10, 12);11;12
(1, 2, 5, 6, 9, 11, 12);17;12
(1, 2, 5, 6, 10, 11, 12);36;12
(1, 2, 5, 7, 8, 9, 12);16;12
(1, 2, 5, 7, 8, 10, 12);20;12
(1, 2, 5, 7, 8, 11, 12);19;12
(1, 2, 5, 7, 9, 10, 12);14;12
(1, 2, 5, 7, 9, 11, 12);16;12
(1, 2, 5, 7, 10, 11, 12);22;12
(1, 2, 5, 8, 9, 10, 12);17;12
(1, 2, 5, 8, 9, 11, 12);10;12
(1, 2, 5, 8, 10, 11, 12);22;12
(1, 2, 5, 9, 10, 11, 12);19;12
(1, 2, 6, 7, 8, 9, 12);13;12
(1, 2, 6, 7, 8, 10, 12);14;12
(1, 2, 6, 7, 8, 11, 12);13;12
(1, 2, 6, 7, 9, 10, 12);8;12
(1, 2, 6, 7, 9, 11, 12);13;12
(1, 2, 6, 7, 10, 11, 12);21;12
(1, 2, 6, 8, 9, 10, 12);18;12
(1, 2, 6, 8, 9, 11, 12);17;12
(1, 2, 6, 8, 10, 11, 12);36;12
(1, 2, 6, 9, 10, 11, 12);20;12
(1, 2, 7, 8, 9, 10, 12);17;12
(1, 2, 7, 8, 9, 11, 12);16;12
(1, 2, 7, 8, 10, 11, 12);22;12
(1, 2, 7, 9, 10, 11, 12);19;12
(1, 2, 8, 9, 10, 11, 12);19;12
(1, 3, 4, 5, 6, 7, 12);18;12
(1, 3, 4, 5, 6, 8, 12);9;12
(1, 3, 4, 5, 6, 9, 12);7;14
(1, 3, 4, 5, 6, 10, 12);9;12
(1, 3, 4, 5, 6, 11, 12);16;12
(1, 3, 4, 5, 7, 8, 12);11;12
(1, 3, 4, 5, 7, 9, 12);8;12
(1, 3, 4, 5, 7, 10, 12);22;12
(1, 3, 4, 5, 7, 11, 12);8;12
(1, 3, 4, 5, 8, 9, 12);13;12
(1, 3, 4, 5, 8, 10, 12);9;12
(1, 3, 4, 5, 8, 11, 12);22;12
(1, 3, 4, 5, 9, 10, 12);21;12
(1, 3, 4, 5, 9, 11, 12);8;12
(1, 3, 4, 5, 10, 11, 12);15;12
(1, 3, 4, 6, 7, 8, 12);11;12
(1, 3, 4, 6, 7, 9, 12);5;23
(1, 3, 4, 6, 7, 10, 12);11;12
(1, 3, 4, 6, 7, 11, 12);5;18
(1, 3, 4, 6, 8, 9, 12);35;17
(1, 3, 4, 6, 8, 10, 12);16;12
(1, 3, 4, 6, 8, 11, 12);23;12
(1, 3, 4, 6, 9, 10, 12);33;65
(1, 3, 4, 6, 9, 11, 12);15;12
(1, 3, 4, 6, 10, 11, 12);23;12
(1, 3, 4, 7, 8, 9, 12);13;12
(1, 3, 4, 7, 8, 10, 12);11;12
(1, 3, 4, 7, 8, 11, 12);15;12
(1, 3, 4, 7, 9, 10, 12);19;12
(1, 3, 4, 7, 9, 11, 12);8;12
(1, 3, 4, 7, 10, 11, 12);13;84
(1, 3, 4, 8, 9, 10, 12);31;12
(1, 3, 4, 8, 9, 11, 12);37;12
(1, 3, 4, 8, 10, 11, 12);29;12
(1, 3, 4, 9, 10, 11, 12);41;15
(1, 3, 5, 6, 7, 8, 12);13;12
(1, 3, 5, 6, 7, 9, 12);15;12
(1, 3, 5, 6, 7, 10, 12);13;12
(1, 3, 5, 6, 7, 11, 12);17;12
(1, 3, 5, 6, 8, 9, 12);15;12
(1, 3, 5, 6, 8, 10, 12);11;12
(1, 3, 5, 6, 8, 11, 12);17;12
(1, 3, 5, 6, 9, 10, 12);15;12
(1, 3, 5, 6, 9, 11, 12);17;12
(1, 3, 5, 6, 10, 11, 12);17;12
(1, 3, 5, 7, 8, 9, 12);17;12
(1, 3, 5, 7, 8, 10, 12);15;12
(1, 3, 5, 7, 8, 11, 12);19;12
(1, 3, 5, 7, 9, 10, 12);19;12
(1, 3, 5, 7, 9, 11, 12);23;12
(1, 3, 5, 7, 10, 11, 12);21;12
(1, 3, 5, 8, 9, 10, 12);17;12
(1, 3, 5, 8, 9, 11, 12);19;12
(1, 3, 5, 8, 10, 11, 12);19;12
(1, 3, 5, 9, 10, 11, 12);21;12
(1, 3, 6, 7, 8, 9, 12);15;12
(1, 3, 6, 7, 8, 10, 12);13;12
(1, 3, 6, 7, 8, 11, 12);17;12
(1, 3, 6, 7, 9, 10, 12);15;12
(1, 3, 6, 7, 9, 11, 12);17;12
(1, 3, 6, 7, 10, 11, 12);17;12
(1, 3, 6, 8, 9, 10, 12);15;12
(1, 3, 6, 8, 9, 11, 12);17;12
(1, 3, 6, 8, 10, 11, 12);9;31
(1, 3, 6, 9, 10, 11, 12);17;12
(1, 3, 7, 8, 9, 10, 12);17;12
(1, 3, 7, 8, 9, 11, 12);19;12
(1, 3, 7, 8, 10, 11, 12);19;12
(1, 3, 7, 9, 10, 11, 12);21;12
(1, 3, 8, 9, 10, 11, 12);19;12
(1, 4, 5, 6, 7, 8, 12);11;12
(1, 4, 5, 6, 7, 9, 12);21;12
(1, 4, 5, 6, 7, 10, 12);11;12
(1, 4, 5, 6, 7, 11, 12);18;12
(1, 4, 5, 6, 8, 9, 12);13;12
(1, 4, 5, 6, 8, 10, 12);9;12
(1, 4, 5, 6, 8, 11, 12);16;12
(1, 4, 5, 6, 9, 10, 12);13;12
(1, 4, 5, 6, 9, 11, 12);10;46
(1, 4, 5, 6, 10, 11, 12);16;12
(1, 4, 5, 7, 8, 9, 12);13;12
(1, 4, 5, 7, 8, 10, 12);11;12
(1, 4, 5, 7, 8, 11, 12);15;12
(1, 4, 5, 7, 9, 10, 12);14;68
(1, 4, 5, 7, 9, 11, 12);8;12
(1, 4, 5, 7, 10, 11, 12);22;12
(1, 4, 5, 8, 9, 10, 12);13;12
(1, 4, 5, 8, 9, 11, 12);15;12
(1, 4, 5, 8, 10, 11, 12);31;12
(1, 4, 5, 9, 10, 11, 12);21;12
(1, 4, 6, 7, 8, 9, 12);31;30
(1, 4, 6, 7, 8, 10, 12);16;12
(1, 4, 6, 7, 8, 11, 12);33;12
(1, 4, 6, 7, 9, 10, 12);16;12
(1, 4, 6, 7, 9, 11, 12);18;12
(1, 4, 6, 7, 10, 11, 12);18;12
(1, 4, 6, 8, 9, 10, 12);18;12
(1, 4, 6, 8, 9, 11, 12);20;12
(1, 4, 6, 8, 10, 11, 12);20;25
(1, 4, 6, 9, 10, 11, 12);20;12
(1, 4, 7, 8, 9, 10, 12);16;12
(1, 4, 7, 8, 9, 11, 12);33;13
(1, 4, 7, 8, 10, 11, 12);18;12
(1, 4, 7, 9, 10, 11, 12);21;12
(1, 4, 8, 9, 10, 11, 12);20;12
(1, 5, 6, 7, 8, 9, 12);15;12
(1, 5, 6, 7, 8, 10, 12);13;12
(1, 5, 6, 7, 8, 11, 12);17;12
(1, 5, 6, 7, 9, 10, 12);15;12
(1, 5, 6, 7, 9, 11, 12);17;12
(1, 5, 6, 7, 10, 11, 12);17;12
(1, 5, 6, 8, 9, 10, 12);15;12
(1, 5, 6, 8, 9, 11, 12);17;12
(1, 5, 6, 8, 10, 11, 12);17;12
(1, 5, 6, 9, 10, 11, 12);17;12
(1, 5, 7, 8, 9, 10, 12);17;12
(1, 5, 7, 8, 9, 11, 12);19;12
(1, 5, 7, 8, 10, 11, 12);19;12
(1, 5, 7, 9, 10, 11, 12);21;12
(1, 5, 8, 9, 10, 11, 12);19;12
(1, 6, 7, 8, 9, 10, 12);15;12
(1, 6, 7, 8, 9, 11, 12);17;12
(1, 6, 7, 8, 10, 11, 12);17;12
(1, 6, 7, 9, 10, 11, 12);17;12
(1, 6, 8, 9, 10, 11, 12);20;12
(1, 7, 8, 9, 10, 11, 12);19;12
(2, 3, 4, 5, 6, 7, 12);9;12
(2, 3, 4, 5, 6, 8, 12);10;12
(2, 3, 4, 5, 6, 9, 12);15;12
(2, 3, 4, 5, 6, 10, 12);8;12
(2, 3, 4, 5, 6, 11, 12);8;12
(2, 3, 4, 5, 7, 8, 12);10;12
(2, 3, 4, 5, 7, 9, 12);14;19
(2, 3, 4, 5, 7, 10, 12);23;19
(2, 3, 4, 5, 7, 11, 12);9;12
(2, 3, 4, 5, 8, 9, 12);20;12
(2, 3, 4, 5, 8, 10, 12);20;12
(2, 3, 4, 5, 8, 11, 12);20;12
(2, 3, 4, 5, 9, 10, 12);7;12
(2, 3, 4, 5, 9, 11, 12);7;12
(2, 3, 4, 5, 10, 11, 12);7;12
(2, 3, 4, 6, 7, 8, 12);10;12
(2, 3, 4, 6, 7, 9, 12);5;15
(2, 3, 4, 6, 7, 10, 12);22;12
(2, 3, 4, 6, 7, 11, 12);9;12
(2, 3, 4, 6, 8, 9, 12);5;15
(2, 3, 4, 6, 8, 10, 12);14;12
(2, 3, 4, 6, 8, 11, 12);5;14
(2, 3, 4, 6, 9, 10, 12);15;12
(2, 3, 4, 6, 9, 11, 12);15;12
(2, 3, 4, 6, 10, 11, 12);8;12
(2, 3, 4, 7, 8, 9, 12);16;12
(2, 3, 4, 7, 8, 10, 12);20;12
(2, 3, 4, 7, 8, 11, 12);15;12
(2, 3, 4, 7, 9, 10, 12);19;12
(2, 3, 4, 7, 9, 11, 12);33;30
(2, 3, 4, 7, 10, 11, 12);14;12
(2, 3, 4, 8, 9, 10, 12);20;12
(2, 3, 4, 8, 9, 11, 12);20;12
(2, 3, 4, 8, 10, 11, 12);20;12
(2, 3, 4, 9, 10, 11, 12);7;18
(2, 3, 5, 6, 7, 8, 12);10;12
(2, 3, 5, 6, 7, 9, 12);87;13
(2, 3, 5, 6, 7, 10, 12);17;12
(2, 3, 5, 6, 7, 11, 12);9;12
(2, 3, 5, 6, 8, 9, 12);11;31
(2, 3, 5, 6, 8, 10, 12);14;12
(2, 3, 5, 6, 8, 11, 12);23;14
(2, 3, 5, 6, 9, 10, 12);15;12
(2, 3, 5, 6, 9, 11, 12);30;12
(2, 3, 5, 6, 10, 11, 12);8;12
(2, 3, 5, 7, 8, 9, 12);10;59
(2, 3, 5, 7, 8, 10, 12);14;12
(2, 3, 5, 7, 8, 11, 12);10;50
(2, 3, 5, 7, 9, 10, 12);14;12
(2, 3, 5, 7, 9, 11, 12);14;12
(2, 3, 5, 7, 10, 11, 12);23;23
(2, 3, 5, 8, 9, 10, 12);11;16
(2, 3, 5, 8, 9, 11, 12);20;12
(2, 3, 5, 8, 10, 11, 12);20;16
(2, 3, 5, 9, 10, 11, 12);7;12
(2, 3, 6, 7, 8, 9, 12);15;12
(2, 3, 6, 7, 8, 10, 12);18;12
(2, 3, 6, 7, 8, 11, 12);14;12
(2, 3, 6, 7, 9, 10, 12);68;14
(2, 3, 6, 7, 9, 11, 12);33;40
(2, 3, 6, 7, 10, 11, 12);22;12
(2, 3, 6, 8, 9, 10, 12);68;18
(2, 3, 6, 8, 9, 11, 12);33;40
(2, 3, 6, 8, 10, 11, 12);18;12
(2, 3, 6, 9, 10, 11, 12);18;12
(2, 3, 7, 8, 9, 10, 12);19;15
(2, 3, 7, 8, 9, 11, 12);19;16
(2, 3, 7, 8, 10, 11, 12);19;12
(2, 3, 7, 9, 10, 11, 12);19;12
(2, 3, 8, 9, 10, 11, 12);19;12
(2, 4, 5, 6, 7, 8, 12);10;12
(2, 4, 5, 6, 7, 9, 12);11;12
(2, 4, 5, 6, 7, 10, 12);17;12
(2, 4, 5, 6, 7, 11, 12);9;12
(2, 4, 5, 6, 8, 9, 12);10;13
(2, 4, 5, 6, 8, 10, 12);14;12
(2, 4, 5, 6, 8, 11, 12);10;16
(2, 4, 5, 6, 9, 10, 12);15;12
(2, 4, 5, 6, 9, 11, 12);15;12
(2, 4, 5, 6, 10, 11, 12);8;12
(2, 4, 5, 7, 8, 9, 12);27;12
(2, 4, 5, 7, 8, 10, 12);14;12
(2, 4, 5, 7, 8, 11, 12);34;16
(2, 4, 5, 7, 9, 10, 12);14;12
(2, 4, 5, 7, 9, 11, 12);14;12
(2, 4, 5, 7, 10, 11, 12);32;13
(2, 4, 5, 8, 9, 10, 12);20;12
(2, 4, 5, 8, 9, 11, 12);13;24
(2, 4, 5, 8, 10, 11, 12);20;12
(2, 4, 5, 9, 10, 11, 12);7;12
(2, 4, 6, 7, 8, 9, 12);24;12
(2, 4, 6, 7, 8, 10, 12);14;12
(2, 4, 6, 7, 8, 11, 12);5;14
(2, 4, 6, 7, 9, 10, 12);14;12
(2, 4, 6, 7, 9, 11, 12);14;12
(2, 4, 6, 7, 10, 11, 12);30;12
(2, 4, 6, 8, 9, 10, 12);14;12
(2, 4, 6, 8, 9, 11, 12);14;12
(2, 4, 6, 8, 10, 11, 12);14;12
(2, 4, 6, 9, 10, 11, 12);15;12
(2, 4, 7, 8, 9, 10, 12);17;16
(2, 4, 7, 8, 9, 11, 12);16;31
(2, 4, 7, 8, 10, 11, 12);34;12
(2, 4, 7, 9, 10, 11, 12);33;12
(2, 4, 8, 9, 10, 11, 12);20;12
(2, 5, 6, 7, 8, 9, 12);14;12
(2, 5, 6, 7, 8, 10, 12);32;12
(2, 5, 6, 7, 8, 11, 12);40;69
(2, 5, 6, 7, 9, 10, 12);32;12
(2, 5, 6, 7, 9, 11, 12);31;12
(2, 5, 6, 7, 10, 11, 12);17;12
(2, 5, 6, 8, 9, 10, 12);18;12
(2, 5, 6, 8, 9, 11, 12);17;12
(2, 5, 6, 8, 10, 11, 12);17;16
(2, 5, 6, 9, 10, 11, 12);21;12
(2, 5, 7, 8, 9, 10, 12);32;12
(2, 5, 7, 8, 9, 11, 12);31;12
(2, 5, 7, 8, 10, 11, 12);17;12
(2, 5, 7, 9, 10, 11, 12);17;12
(2, 5, 8, 9, 10, 11, 12);20;12
(2, 6, 7, 8, 9, 10, 12);18;12
(2, 6, 7, 8, 9, 11, 12);18;12
(2, 6, 7, 8, 10, 11, 12);18;12
(2, 6, 7, 9, 10, 11, 12);18;12
(2, 6, 8, 9, 10, 11, 12);18;12
(2, 7, 8, 9, 10, 11, 12);18;12
(3, 4, 5, 6, 7, 8, 12);20;12
(3, 4, 5, 6, 7, 9, 12);15;12
(3, 4, 5, 6, 7, 10, 12);15;12
(3, 4, 5, 6, 7, 11, 12);18;12
(3, 4, 5, 6, 8, 9, 12);15;12
(3, 4, 5, 6, 8, 10, 12);15;12
(3, 4, 5, 6, 8, 11, 12);15;12
(3, 4, 5, 6, 9, 10, 12);15;12
(3, 4, 5, 6, 9, 11, 12);15;12
(3, 4, 5, 6, 10, 11, 12);16;12
(3, 4, 5, 7, 8, 9, 12);15;12
(3, 4, 5, 7, 8, 10, 12);15;12
(3, 4, 5, 7, 8, 11, 12);15;12
(3, 4, 5, 7, 9, 10, 12);15;12
(3, 4, 5, 7, 9, 11, 12);15;12
(3, 4, 5, 7, 10, 11, 12);15;12
(3, 4, 5, 8, 9, 10, 12);15;12
(3, 4, 5, 8, 9, 11, 12);15;12
(3, 4, 5, 8, 10, 11, 12);15;12
(3, 4, 5, 9, 10, 11, 12);7;13
(3, 4, 6, 7, 8, 9, 12);15;12
(3, 4, 6, 7, 8, 10, 12);15;12
(3, 4, 6, 7, 8, 11, 12);15;12
(3, 4, 6, 7, 9, 10, 12);15;12
(3, 4, 6, 7, 9, 11, 12);15;12
(3, 4, 6, 7, 10, 11, 12);15;12
(3, 4, 6, 8, 9, 10, 12);15;12
(3, 4, 6, 8, 9, 11, 12);15;12
(3, 4, 6, 8, 10, 11, 12);15;12
(3, 4, 6, 9, 10, 11, 12);15;12
(3, 4, 7, 8, 9, 10, 12);15;12
(3, 4, 7, 8, 9, 11, 12);15;12
(3, 4, 7, 8, 10, 11, 12);15;12
(3, 4, 7, 9, 10, 11, 12);15;12
(3, 4, 8, 9, 10, 11, 12);20;12
(3, 5, 6, 7, 8, 9, 12);15;12
(3, 5, 6, 7, 8, 10, 12);15;12
(3, 5, 6, 7, 8, 11, 12);15;12
(3, 5, 6, 7, 9, 10, 12);15;12
(3, 5, 6, 7, 9, 11, 12);15;12
(3, 5, 6, 7, 10, 11, 12);15;12
(3, 5, 6, 8, 9, 10, 12);15;12
(3, 5, 6, 8, 9, 11, 12);15;12
(3, 5, 6, 8, 10, 11, 12);15;12
(3, 5, 6, 9, 10, 11, 12);15;12
(3, 5, 7, 8, 9, 10, 12);15;12
(3, 5, 7, 8, 9, 11, 12);15;12
(3, 5, 7, 8, 10, 11, 12);15;12
(3, 5, 7, 9, 10, 11, 12);15;12
(3, 5, 8, 9, 10, 11, 12);15;12
(3, 6, 7, 8, 9, 10, 12);15;12
(3, 6, 7, 8, 9, 11, 12);15;12
(3, 6, 7, 8, 10, 11, 12);15;12
(3, 6, 7, 9, 10, 11, 12);15;12
(3, 6, 8, 9, 10, 11, 12);15;12
(3, 7, 8, 9, 10, 11, 12);19;12
(4, 5, 6, 7, 8, 9, 12);16;12
(4, 5, 6, 7, 8, 10, 12);16;12
(4, 5, 6, 7, 8, 11, 12);16;12
(4, 5, 6, 7, 9, 10, 12);16;12
(4, 5, 6, 7, 9, 11, 12);16;12
(4, 5, 6, 7, 10, 11, 12);16;12
(4, 5, 6, 8, 9, 10, 12);16;12
(4, 5, 6, 8, 9, 11, 12);16;12
(4, 5, 6, 8, 10, 11, 12);16;12
(4, 5, 6, 9, 10, 11, 12);16;12
(4, 5, 7, 8, 9, 10, 12);16;12
(4, 5, 7, 8, 9, 11, 12);16;12
(4, 5, 7, 8, 10, 11, 12);16;12
(4, 5, 7, 9, 10, 11, 12);16;12
(4, 5, 8, 9, 10, 11, 12);16;12
(4, 6, 7, 8, 9, 10, 12);16;12
(4, 6, 7, 8, 9, 11, 12);16;12
(4, 6, 7, 8, 10, 11, 12);16;12
(4, 6, 7, 9, 10, 11, 12);16;12
(4, 6, 8, 9, 10, 11, 12);16;12
(4, 7, 8, 9, 10, 11, 12);16;12
(5, 6, 7, 8, 9, 10, 12);17;12
(5, 6, 7, 8, 9, 11, 12);17;12
(5, 6, 7, 8, 10, 11, 12);17;12
(5, 6, 7, 9, 10, 11, 12);17;12
(5, 6, 8, 9, 10, 11, 12);17;12
(5, 7, 8, 9, 10, 11, 12);17;12
(6, 7, 8, 9, 10, 11, 12);18;12
