S;p;l
(1, 2, 3, 22);4;22
(1, 2, 4, 22);3;22
(1, 2, 5, 22);3;22
(1, 2, 6, 22);7;22
(1, 2, 7, 22);3;22
(1, 2, 8, 22);3;22
(1, 2, 9, 22);10;22
(1, 2, 10, 22);3;22
(1, 2, 11, 22);3;22
(1, 2, 12, 22);23;22
(1, 2, 13, 22);3;22
(1, 2, 14, 22);3;22
(1, 2, 15, 22);23;22
(1, 2, 16, 22);3;22
(1, 2, 17, 22);3;22
(1, 2, 18, 22);23;22
(1, 2, 19, 22);3;22
(1, 2, 20, 22);3;22
(1, 2, 21, 22);23;22
(1, 3, 4, 22);7;22
(1, 3, 5, 22);27;22
(1, 3, 6, 22);25;22
(1, 3, 7, 22);29;22
(1, 3, 8, 22);25;24
(1, 3, 9, 22);31;22
(1, 3, 10, 22);32;22
(1, 3, 11, 22);33;22
(1, 3, 12, 22);34;22
(1, 3, 13, 22);35;22
(1, 3, 14, 22);36;22
(1, 3, 15, 22);37;22
(1, 3, 16, 22);19;22
(1, 3, 17, 22);39;22
(1, 3, 18, 22);21;22
(1, 3, 19, 22);41;22
(1, 3, 20, 22);23;22
(1, 3, 21, 22);43;22
(1, 4, 5, 22);25;22
(1, 4, 6, 22);28;22
(1, 4, 7, 22);29;22
(1, 4, 8, 22);26;22
(1, 4, 9, 22);23;22
(1, 4, 10, 22);7;51
(1, 4, 11, 22);33;22
(1, 4, 12, 22);13;22
(1, 4, 13, 22);26;22
(1, 4, 14, 22);23;22
(1, 4, 15, 22);37;22
(1, 4, 16, 22);38;22
(1, 4, 17, 22);18;22
(1, 4, 18, 22);218;22
(1, 4, 19, 22);23;22
(1, 4, 20, 22);21;44
(1, 4, 21, 22);43;22
(1, 5, 6, 22);23;22
(1, 5, 7, 22);29;22
(1, 5, 8, 22);27;22
(1, 5, 9, 22);31;22
(1, 5, 10, 22);32;22
(1, 5, 11, 22);33;22
(1, 5, 12, 22);17;22
(1, 5, 13, 22);35;22
(1, 5, 14, 22);19;22
(1, 5, 15, 22);37;22
(1, 5, 16, 22);21;22
(1, 5, 17, 22);39;22
(1, 5, 18, 22);23;22
(1, 5, 19, 22);41;22
(1, 5, 20, 22);25;22
(1, 5, 21, 22);43;22
(1, 6, 7, 22);25;22
(1, 6, 8, 22);7;22
(1, 6, 9, 22);28;30
(1, 6, 10, 22);16;22
(1, 6, 11, 22);33;22
(1, 6, 12, 22);34;22
(1, 6, 13, 22);7;22
(1, 6, 14, 22);28;75
(1, 6, 15, 22);7;22
(1, 6, 16, 22);7;84
(1, 6, 17, 22);23;22
(1, 6, 18, 22);40;22
(1, 6, 19, 22);41;25
(1, 6, 20, 22);7;22
(1, 6, 21, 22);43;27
(1, 7, 8, 22);15;22
(1, 7, 9, 22);31;22
(1, 7, 10, 22);17;22
(1, 7, 11, 22);33;22
(1, 7, 12, 22);19;22
(1, 7, 13, 22);35;22
(1, 7, 14, 22);21;22
(1, 7, 15, 22);37;22
(1, 7, 16, 22);23;22
(1, 7, 17, 22);39;22
(1, 7, 18, 22);25;22
(1, 7, 19, 22);41;22
(1, 7, 20, 22);27;22
(1, 7, 21, 22);43;22
(1, 8, 9, 22);47;23
(1, 8, 10, 22);32;22
(1, 8, 11, 22);33;22
(1, 8, 12, 22);34;22
(1, 8, 13, 22);7;22
(1, 8, 14, 22);30;22
(1, 8, 15, 22);23;22
(1, 8, 16, 22);30;22
(1, 8, 17, 22);39;24
(1, 8, 18, 22);81;45
(1, 8, 19, 22);41;22
(1, 8, 20, 22);7;52
(1, 8, 21, 22);43;22
(1, 9, 10, 22);19;22
(1, 9, 11, 22);33;22
(1, 9, 12, 22);21;22
(1, 9, 13, 22);35;22
(1, 9, 14, 22);23;22
(1, 9, 15, 22);37;22
(1, 9, 16, 22);25;22
(1, 9, 17, 22);39;22
(1, 9, 18, 22);27;22
(1, 9, 19, 22);41;22
(1, 9, 20, 22);29;22
(1, 9, 21, 22);43;22
(1, 10, 11, 22);21;104
(1, 10, 12, 22);32;22
(1, 10, 13, 22);23;22
(1, 10, 14, 22);32;22
(1, 10, 15, 22);32;24
(1, 10, 16, 22);32;22
(1, 10, 17, 22);32;24
(1, 10, 18, 22);32;22
(1, 10, 19, 22);41;24
(1, 10, 20, 22);32;22
(1, 10, 21, 22);199;22
(1, 11, 12, 22);23;22
(1, 11, 13, 22);35;22
(1, 11, 14, 22);25;22
(1, 11, 15, 22);37;22
(1, 11, 16, 22);27;22
(1, 11, 17, 22);39;22
(1, 11, 18, 22);29;22
(1, 11, 19, 22);41;22
(1, 11, 20, 22);31;22
(1, 11, 21, 22);43;22
(1, 12, 13, 22);25;22
(1, 12, 14, 22);34;22
(1, 12, 15, 22);34;36
(1, 12, 16, 22);34;22
(1, 12, 17, 22);34;22
(1, 12, 18, 22);34;22
(1, 12, 19, 22);36;69
(1, 12, 20, 22);34;22
(1, 12, 21, 22);201;22
(1, 13, 14, 22);27;22
(1, 13, 15, 22);37;22
(1, 13, 16, 22);29;22
(1, 13, 17, 22);39;22
(1, 13, 18, 22);31;22
(1, 13, 19, 22);41;22
(1, 13, 20, 22);33;22
(1, 13, 21, 22);43;22
(1, 14, 15, 22);29;22
(1, 14, 16, 22);36;22
(1, 14, 17, 22);36;31
(1, 14, 18, 22);36;22
(1, 14, 19, 22);38;33
(1, 14, 20, 22);36;22
(1, 14, 21, 22);161;22
(1, 15, 16, 22);31;22
(1, 15, 17, 22);39;22
(1, 15, 18, 22);33;22
(1, 15, 19, 22);41;22
(1, 15, 20, 22);35;22
(1, 15, 21, 22);43;22
(1, 16, 17, 22);33;22
(1, 16, 18, 22);38;22
(1, 16, 19, 22);38;22
(1, 16, 20, 22);38;22
(1, 16, 21, 22);121;22
(1, 17, 18, 22);35;22
(1, 17, 19, 22);41;22
(1, 17, 20, 22);37;22
(1, 17, 21, 22);43;22
(1, 18, 19, 22);37;22
(1, 18, 20, 22);40;22
(1, 18, 21, 22);81;22
(1, 19, 20, 22);39;22
(1, 19, 21, 22);43;22
(1, 20, 21, 22);41;22
(2, 3, 4, 22);6;22
(2, 3, 5, 22);31;27
(2, 3, 6, 22);25;22
(2, 3, 7, 22);5;22
(2, 3, 8, 22);5;22
(2, 3, 9, 22);24;35
(2, 3, 10, 22);12;22
(2, 3, 11, 22);33;22
(2, 3, 12, 22);5;22
(2, 3, 13, 22);5;22
(2, 3, 14, 22);41;22
(2, 3, 15, 22);24;26
(2, 3, 16, 22);19;22
(2, 3, 17, 22);5;22
(2, 3, 18, 22);5;22
(2, 3, 19, 22);41;22
(2, 3, 20, 22);63;24
(2, 3, 21, 22);24;22
(2, 4, 5, 22);33;22
(2, 4, 6, 22);8;22
(2, 4, 7, 22);3;22
(2, 4, 8, 22);6;22
(2, 4, 9, 22);6;22
(2, 4, 10, 22);6;22
(2, 4, 11, 22);13;22
(2, 4, 12, 22);24;22
(2, 4, 13, 22);3;22
(2, 4, 14, 22);6;22
(2, 4, 15, 22);6;22
(2, 4, 16, 22);6;22
(2, 4, 17, 22);19;22
(2, 4, 18, 22);20;22
(2, 4, 19, 22);3;22
(2, 4, 20, 22);6;22
(2, 4, 21, 22);6;22
(2, 5, 6, 22);27;22
(2, 5, 7, 22);24;22
(2, 5, 8, 22);10;22
(2, 5, 9, 22);31;22
(2, 5, 10, 22);27;22
(2, 5, 11, 22);33;22
(2, 5, 12, 22);24;22
(2, 5, 13, 22);42;55
(2, 5, 14, 22);27;42
(2, 5, 15, 22);17;22
(2, 5, 16, 22);38;22
(2, 5, 17, 22);223;129
(2, 5, 18, 22);20;22
(2, 5, 19, 22);24;22
(2, 5, 20, 22);42;22
(2, 5, 21, 22);27;77
(2, 6, 7, 22);28;22
(2, 6, 8, 22);14;22
(2, 6, 9, 22);31;22
(2, 6, 10, 22);4;22
(2, 6, 11, 22);33;22
(2, 6, 12, 22);28;22
(2, 6, 13, 22);35;22
(2, 6, 14, 22);4;22
(2, 6, 15, 22);37;22
(2, 6, 16, 22);32;22
(2, 6, 17, 22);39;22
(2, 6, 18, 22);4;22
(2, 6, 19, 22);41;22
(2, 6, 20, 22);40;22
(2, 6, 21, 22);43;22
(2, 7, 8, 22);5;22
(2, 7, 9, 22);15;22
(2, 7, 10, 22);29;22
(2, 7, 11, 22);33;22
(2, 7, 12, 22);24;26
(2, 7, 13, 22);5;22
(2, 7, 14, 22);29;29
(2, 7, 15, 22);255;47
(2, 7, 16, 22);38;26
(2, 7, 17, 22);24;22
(2, 7, 18, 22);5;71
(2, 7, 19, 22);3;117
(2, 7, 20, 22);42;22
(2, 7, 21, 22);43;26
(2, 8, 9, 22);17;42
(2, 8, 10, 22);16;22
(2, 8, 11, 22);43;83
(2, 8, 12, 22);10;22
(2, 8, 13, 22);5;29
(2, 8, 14, 22);36;22
(2, 8, 15, 22);10;28
(2, 8, 16, 22);24;22
(2, 8, 17, 22);5;22
(2, 8, 18, 22);10;22
(2, 8, 19, 22);27;27
(2, 8, 20, 22);14;28
(2, 8, 21, 22);29;28
(2, 9, 10, 22);31;22
(2, 9, 11, 22);20;60
(2, 9, 12, 22);31;25
(2, 9, 13, 22);31;83
(2, 9, 14, 22);31;54
(2, 9, 15, 22);24;22
(2, 9, 16, 22);38;25
(2, 9, 17, 22);31;52
(2, 9, 18, 22);31;61
(2, 9, 19, 22);28;22
(2, 9, 20, 22);153;33
(2, 9, 21, 22);31;56
(2, 10, 11, 22);33;22
(2, 10, 12, 22);24;22
(2, 10, 13, 22);35;22
(2, 10, 14, 22);4;22
(2, 10, 15, 22);37;22
(2, 10, 16, 22);32;22
(2, 10, 17, 22);39;22
(2, 10, 18, 22);4;22
(2, 10, 19, 22);41;22
(2, 10, 20, 22);40;22
(2, 10, 21, 22);43;22
(2, 11, 12, 22);33;26
(2, 11, 13, 22);24;22
(2, 11, 14, 22);33;22
(2, 11, 15, 22);33;108
(2, 11, 16, 22);33;91
(2, 11, 17, 22);33;55
(2, 11, 18, 22);33;31
(2, 11, 19, 22);33;66
(2, 11, 20, 22);196;22
(2, 11, 21, 22);32;35
(2, 12, 13, 22);5;56
(2, 12, 14, 22);24;22
(2, 12, 15, 22);17;54
(2, 12, 16, 22);38;22
(2, 12, 17, 22);24;26
(2, 12, 18, 22);10;22
(2, 12, 19, 22);24;63
(2, 12, 20, 22);42;22
(2, 12, 21, 22);43;40
(2, 13, 14, 22);35;22
(2, 13, 15, 22);28;22
(2, 13, 16, 22);35;70
(2, 13, 17, 22);35;115
(2, 13, 18, 22);35;32
(2, 13, 19, 22);32;36
(2, 13, 20, 22);157;22
(2, 13, 21, 22);35;69
(2, 14, 15, 22);37;22
(2, 14, 16, 22);32;22
(2, 14, 17, 22);39;22
(2, 14, 18, 22);4;22
(2, 14, 19, 22);41;22
(2, 14, 20, 22);40;22
(2, 14, 21, 22);43;22
(2, 15, 16, 22);37;22
(2, 15, 17, 22);32;22
(2, 15, 18, 22);37;22
(2, 15, 19, 22);37;161
(2, 15, 20, 22);118;22
(2, 15, 21, 22);36;39
(2, 16, 17, 22);38;68
(2, 16, 18, 22);32;22
(2, 16, 19, 22);38;67
(2, 16, 20, 22);42;22
(2, 16, 21, 22);38;68
(2, 17, 18, 22);39;22
(2, 17, 19, 22);36;22
(2, 17, 20, 22);79;22
(2, 17, 21, 22);39;170
(2, 18, 19, 22);41;22
(2, 18, 20, 22);40;22
(2, 18, 21, 22);43;22
(2, 19, 20, 22);40;22
(2, 19, 21, 22);40;22
(2, 20, 21, 22);40;22
(3, 4, 5, 22);25;22
(3, 4, 6, 22);9;22
(3, 4, 7, 22);45;39
(3, 4, 8, 22);6;25
(3, 4, 9, 22);13;22
(3, 4, 10, 22);26;50
(3, 4, 11, 22);33;22
(3, 4, 12, 22);25;28
(3, 4, 13, 22);25;22
(3, 4, 14, 22);17;22
(3, 4, 15, 22);19;22
(3, 4, 16, 22);26;22
(3, 4, 17, 22);13;53
(3, 4, 18, 22);40;22
(3, 4, 19, 22);64;34
(3, 4, 20, 22);25;77
(3, 4, 21, 22);25;22
(3, 5, 6, 22);9;22
(3, 5, 7, 22);29;22
(3, 5, 8, 22);25;22
(3, 5, 9, 22);31;41
(3, 5, 10, 22);27;34
(3, 5, 11, 22);33;22
(3, 5, 12, 22);25;22
(3, 5, 13, 22);25;22
(3, 5, 14, 22);17;22
(3, 5, 15, 22);18;22
(3, 5, 16, 22);19;22
(3, 5, 17, 22);54;22
(3, 5, 18, 22);4;40
(3, 5, 19, 22);41;22
(3, 5, 20, 22);25;22
(3, 5, 21, 22);25;22
(3, 6, 7, 22);38;22
(3, 6, 8, 22);25;22
(3, 6, 9, 22);25;22
(3, 6, 10, 22);25;22
(3, 6, 11, 22);42;22
(3, 6, 12, 22);9;22
(3, 6, 13, 22);9;22
(3, 6, 14, 22);9;22
(3, 6, 15, 22);9;22
(3, 6, 16, 22);19;22
(3, 6, 17, 22);48;23
(3, 6, 18, 22);25;48
(3, 6, 19, 22);25;22
(3, 6, 20, 22);26;22
(3, 6, 21, 22);9;22
(3, 7, 8, 22);5;26
(3, 7, 9, 22);43;22
(3, 7, 10, 22);44;22
(3, 7, 11, 22);33;29
(3, 7, 12, 22);5;22
(3, 7, 13, 22);5;29
(3, 7, 14, 22);46;64
(3, 7, 15, 22);29;25
(3, 7, 16, 22);19;22
(3, 7, 17, 22);5;22
(3, 7, 18, 22);25;22
(3, 7, 19, 22);41;25
(3, 7, 20, 22);27;81
(3, 7, 21, 22);24;35
(3, 8, 9, 22);30;22
(3, 8, 10, 22);6;49
(3, 8, 11, 22);19;37
(3, 8, 12, 22);5;26
(3, 8, 13, 22);5;67
(3, 8, 14, 22);6;99
(3, 8, 15, 22);30;22
(3, 8, 16, 22);6;72
(3, 8, 17, 22);25;22
(3, 8, 18, 22);5;62
(3, 8, 19, 22);109;74
(3, 8, 20, 22);6;69
(3, 8, 21, 22);30;30
(3, 9, 10, 22);19;22
(3, 9, 11, 22);33;22
(3, 9, 12, 22);87;49
(3, 9, 13, 22);61;49
(3, 9, 14, 22);36;22
(3, 9, 15, 22);37;22
(3, 9, 16, 22);25;22
(3, 9, 17, 22);13;29
(3, 9, 18, 22);27;95
(3, 9, 19, 22);117;22
(3, 9, 20, 22);42;22
(3, 9, 21, 22);43;22
(3, 10, 11, 22);33;22
(3, 10, 12, 22);58;39
(3, 10, 13, 22);25;22
(3, 10, 14, 22);6;25
(3, 10, 15, 22);25;22
(3, 10, 16, 22);32;22
(3, 10, 17, 22);39;22
(3, 10, 18, 22);40;72
(3, 10, 19, 22);219;22
(3, 10, 20, 22);32;104
(3, 10, 21, 22);31;60
(3, 11, 12, 22);33;76
(3, 11, 13, 22);33;52
(3, 11, 14, 22);25;22
(3, 11, 15, 22);26;25
(3, 11, 16, 22);33;22
(3, 11, 17, 22);33;130
(3, 11, 18, 22);54;154
(3, 11, 19, 22);179;22
(3, 11, 20, 22);31;188
(3, 11, 21, 22);32;22
(3, 12, 13, 22);25;22
(3, 12, 14, 22);17;67
(3, 12, 15, 22);25;22
(3, 12, 16, 22);34;51
(3, 12, 17, 22);5;49
(3, 12, 18, 22);5;109
(3, 12, 19, 22);151;22
(3, 12, 20, 22);34;107
(3, 12, 21, 22);25;49
(3, 13, 14, 22);17;52
(3, 13, 15, 22);61;22
(3, 13, 16, 22);81;22
(3, 13, 17, 22);5;34
(3, 13, 18, 22);5;67
(3, 13, 19, 22);41;22
(3, 13, 20, 22);58;87
(3, 13, 21, 22);25;50
(3, 14, 15, 22);36;22
(3, 14, 16, 22);6;90
(3, 14, 17, 22);31;22
(3, 14, 18, 22);36;22
(3, 14, 19, 22);115;22
(3, 14, 20, 22);6;195
(3, 14, 21, 22);36;36
(3, 15, 16, 22);31;22
(3, 15, 17, 22);32;23
(3, 15, 18, 22);105;22
(3, 15, 19, 22);117;22
(3, 15, 20, 22);42;22
(3, 15, 21, 22);43;22
(3, 16, 17, 22);39;22
(3, 16, 18, 22);19;55
(3, 16, 19, 22);37;22
(3, 16, 20, 22);6;108
(3, 16, 21, 22);37;22
(3, 17, 18, 22);40;72
(3, 17, 19, 22);37;22
(3, 17, 20, 22);37;22
(3, 17, 21, 22);38;22
(3, 18, 19, 22);37;22
(3, 18, 20, 22);37;22
(3, 18, 21, 22);37;22
(3, 19, 20, 22);39;78
(3, 19, 21, 22);79;36
(3, 20, 21, 22);42;22
(4, 5, 6, 22);28;22
(4, 5, 7, 22);26;22
(4, 5, 8, 22);26;22
(4, 5, 9, 22);13;22
(4, 5, 10, 22);41;22
(4, 5, 11, 22);33;22
(4, 5, 12, 22);17;22
(4, 5, 13, 22);9;22
(4, 5, 14, 22);9;22
(4, 5, 15, 22);37;22
(4, 5, 16, 22);38;22
(4, 5, 17, 22);73;45
(4, 5, 18, 22);131;26
(4, 5, 19, 22);3;68
(4, 5, 20, 22);42;51
(4, 5, 21, 22);26;22
(4, 6, 7, 22);26;22
(4, 6, 8, 22);26;22
(4, 6, 9, 22);13;22
(4, 6, 10, 22);14;22
(4, 6, 11, 22);43;82
(4, 6, 12, 22);18;22
(4, 6, 13, 22);28;22
(4, 6, 14, 22);28;22
(4, 6, 15, 22);28;27
(4, 6, 16, 22);38;22
(4, 6, 17, 22);23;61
(4, 6, 18, 22);96;22
(4, 6, 19, 22);26;36
(4, 6, 20, 22);26;22
(4, 6, 21, 22);27;26
(4, 7, 8, 22);26;22
(4, 7, 9, 22);13;22
(4, 7, 10, 22);14;22
(4, 7, 11, 22);15;22
(4, 7, 12, 22);29;87
(4, 7, 13, 22);26;82
(4, 7, 14, 22);29;22
(4, 7, 15, 22);29;87
(4, 7, 16, 22);26;59
(4, 7, 17, 22);29;117
(4, 7, 18, 22);26;30
(4, 7, 19, 22);26;22
(4, 7, 20, 22);26;22
(4, 7, 21, 22);26;22
(4, 8, 9, 22);13;22
(4, 8, 10, 22);14;22
(4, 8, 11, 22);15;22
(4, 8, 12, 22);16;22
(4, 8, 13, 22);26;51
(4, 8, 14, 22);46;22
(4, 8, 15, 22);6;60
(4, 8, 16, 22);6;30
(4, 8, 17, 22);51;22
(4, 8, 18, 22);26;22
(4, 8, 19, 22);26;22
(4, 8, 20, 22);26;22
(4, 8, 21, 22);26;22
(4, 9, 10, 22);13;27
(4, 9, 11, 22);33;61
(4, 9, 12, 22);34;29
(4, 9, 13, 22);103;68
(4, 9, 14, 22);18;22
(4, 9, 15, 22);19;22
(4, 9, 16, 22);13;22
(4, 9, 17, 22);13;22
(4, 9, 18, 22);13;31
(4, 9, 19, 22);41;65
(4, 9, 20, 22);42;42
(4, 9, 21, 22);25;43
(4, 10, 11, 22);47;47
(4, 10, 12, 22);32;22
(4, 10, 13, 22);26;32
(4, 10, 14, 22);44;22
(4, 10, 15, 22);19;42
(4, 10, 16, 22);26;22
(4, 10, 17, 22);13;27
(4, 10, 18, 22);40;22
(4, 10, 19, 22);26;68
(4, 10, 20, 22);32;32
(4, 10, 21, 22);25;62
(4, 11, 12, 22);33;32
(4, 11, 13, 22);33;22
(4, 11, 14, 22);25;59
(4, 11, 15, 22);26;22
(4, 11, 16, 22);33;38
(4, 11, 17, 22);67;22
(4, 11, 18, 22);149;22
(4, 11, 19, 22);41;111
(4, 11, 20, 22);33;32
(4, 11, 21, 22);33;33
(4, 12, 13, 22);34;22
(4, 12, 14, 22);26;22
(4, 12, 15, 22);27;23
(4, 12, 16, 22);60;22
(4, 12, 17, 22);34;22
(4, 12, 18, 22);76;22
(4, 12, 19, 22);41;22
(4, 12, 20, 22);42;22
(4, 12, 21, 22);34;30
(4, 13, 14, 22);9;22
(4, 13, 15, 22);37;23
(4, 13, 16, 22);26;49
(4, 13, 17, 22);157;43
(4, 13, 18, 22);76;33
(4, 13, 19, 22);41;22
(4, 13, 20, 22);42;22
(4, 13, 21, 22);43;22
(4, 14, 15, 22);37;22
(4, 14, 16, 22);38;22
(4, 14, 17, 22);31;55
(4, 14, 18, 22);34;22
(4, 14, 19, 22);33;84
(4, 14, 20, 22);34;22
(4, 14, 21, 22);35;22
(4, 15, 16, 22);19;50
(4, 15, 17, 22);37;61
(4, 15, 18, 22);34;22
(4, 15, 19, 22);34;22
(4, 15, 20, 22);35;22
(4, 15, 21, 22);36;22
(4, 16, 17, 22);13;100
(4, 16, 18, 22);34;22
(4, 16, 19, 22);34;22
(4, 16, 20, 22);34;22
(4, 16, 21, 22);63;83
(4, 17, 18, 22);115;35
(4, 17, 19, 22);36;99
(4, 17, 20, 22);42;37
(4, 17, 21, 22);141;22
(4, 18, 19, 22);110;94
(4, 18, 20, 22);40;22
(4, 18, 21, 22);75;22
(4, 19, 20, 22);41;40
(4, 19, 21, 22);41;22
(4, 20, 21, 22);42;22
(5, 6, 7, 22);27;22
(5, 6, 8, 22);27;22
(5, 6, 9, 22);14;22
(5, 6, 10, 22);15;22
(5, 6, 11, 22);16;22
(5, 6, 12, 22);18;72
(5, 6, 13, 22);28;33
(5, 6, 14, 22);28;22
(5, 6, 15, 22);28;29
(5, 6, 16, 22);38;67
(5, 6, 17, 22);39;32
(5, 6, 18, 22);40;32
(5, 6, 19, 22);27;32
(5, 6, 20, 22);27;32
(5, 6, 21, 22);27;22
(5, 7, 8, 22);27;22
(5, 7, 9, 22);14;22
(5, 7, 10, 22);15;22
(5, 7, 11, 22);16;22
(5, 7, 12, 22);17;22
(5, 7, 13, 22);3;46
(5, 7, 14, 22);29;22
(5, 7, 15, 22);29;115
(5, 7, 16, 22);3;77
(5, 7, 17, 22);39;22
(5, 7, 18, 22);40;32
(5, 7, 19, 22);27;32
(5, 7, 20, 22);27;22
(5, 7, 21, 22);27;22
(5, 8, 9, 22);14;22
(5, 8, 10, 22);15;22
(5, 8, 11, 22);16;22
(5, 8, 12, 22);17;22
(5, 8, 13, 22);46;33
(5, 8, 14, 22);122;64
(5, 8, 15, 22);30;30
(5, 8, 16, 22);51;61
(5, 8, 17, 22);39;22
(5, 8, 18, 22);40;22
(5, 8, 19, 22);27;22
(5, 8, 20, 22);27;22
(5, 8, 21, 22);27;22
(5, 9, 10, 22);15;22
(5, 9, 11, 22);16;22
(5, 9, 12, 22);17;22
(5, 9, 13, 22);35;22
(5, 9, 14, 22);23;100
(5, 9, 15, 22);24;30
(5, 9, 16, 22);52;150
(5, 9, 17, 22);13;23
(5, 9, 18, 22);27;22
(5, 9, 19, 22);14;22
(5, 9, 20, 22);14;22
(5, 9, 21, 22);14;22
(5, 10, 11, 22);16;22
(5, 10, 12, 22);17;22
(5, 10, 13, 22);3;70
(5, 10, 14, 22);27;43
(5, 10, 15, 22);20;50
(5, 10, 16, 22);27;25
(5, 10, 17, 22);27;22
(5, 10, 18, 22);28;22
(5, 10, 19, 22);29;22
(5, 10, 20, 22);15;22
(5, 10, 21, 22);15;22
(5, 11, 12, 22);33;22
(5, 11, 13, 22);33;23
(5, 11, 14, 22);25;24
(5, 11, 15, 22);26;23
(5, 11, 16, 22);27;22
(5, 11, 17, 22);151;79
(5, 11, 18, 22);56;217
(5, 11, 19, 22);57;285
(5, 11, 20, 22);58;205
(5, 11, 21, 22);33;64
(5, 12, 13, 22);17;22
(5, 12, 14, 22);26;22
(5, 12, 15, 22);27;22
(5, 12, 16, 22);84;41
(5, 12, 17, 22);155;22
(5, 12, 18, 22);10;94
(5, 12, 19, 22);41;30
(5, 12, 20, 22);42;32
(5, 12, 21, 22);17;32
(5, 13, 14, 22);27;22
(5, 13, 15, 22);37;25
(5, 13, 16, 22);38;43
(5, 13, 17, 22);73;125
(5, 13, 18, 22);31;93
(5, 13, 19, 22);62;55
(5, 13, 20, 22);42;26
(5, 13, 21, 22);26;27
(5, 14, 15, 22);37;22
(5, 14, 16, 22);38;22
(5, 14, 17, 22);73;136
(5, 14, 18, 22);36;22
(5, 14, 19, 22);171;35
(5, 14, 20, 22);105;60
(5, 14, 21, 22);35;27
(5, 15, 16, 22);38;22
(5, 15, 17, 22);37;22
(5, 15, 18, 22);37;22
(5, 15, 19, 22);37;22
(5, 15, 20, 22);37;22
(5, 15, 21, 22);36;27
(5, 16, 17, 22);37;22
(5, 16, 18, 22);37;22
(5, 16, 19, 22);37;22
(5, 16, 20, 22);37;22
(5, 16, 21, 22);37;22
(5, 17, 18, 22);37;22
(5, 17, 19, 22);37;22
(5, 17, 20, 22);37;22
(5, 17, 21, 22);37;22
(5, 18, 19, 22);37;67
(5, 18, 20, 22);40;167
(5, 18, 21, 22);66;88
(5, 19, 20, 22);27;51
(5, 19, 21, 22);27;51
(5, 20, 21, 22);27;52
(6, 7, 8, 22);14;22
(6, 7, 9, 22);15;22
(6, 7, 10, 22);16;22
(6, 7, 11, 22);33;22
(6, 7, 12, 22);28;43
(6, 7, 13, 22);29;48
(6, 7, 14, 22);29;22
(6, 7, 15, 22);29;206
(6, 7, 16, 22);14;94
(6, 7, 17, 22);39;22
(6, 7, 18, 22);40;22
(6, 7, 19, 22);41;22
(6, 7, 20, 22);14;34
(6, 7, 21, 22);28;22
(6, 8, 9, 22);15;22
(6, 8, 10, 22);16;22
(6, 8, 11, 22);33;22
(6, 8, 12, 22);34;22
(6, 8, 13, 22);7;91
(6, 8, 14, 22);76;66
(6, 8, 15, 22);7;74
(6, 8, 16, 22);14;26
(6, 8, 17, 22);39;22
(6, 8, 18, 22);40;22
(6, 8, 19, 22);41;22
(6, 8, 20, 22);14;22
(6, 8, 21, 22);14;22
(6, 9, 10, 22);16;22
(6, 9, 11, 22);33;22
(6, 9, 12, 22);34;22
(6, 9, 13, 22);237;126
(6, 9, 14, 22);28;67
(6, 9, 15, 22);7;142
(6, 9, 16, 22);406;83
(6, 9, 17, 22);13;52
(6, 9, 18, 22);27;25
(6, 9, 19, 22);28;22
(6, 9, 20, 22);29;22
(6, 9, 21, 22);15;22
(6, 10, 11, 22);33;22
(6, 10, 12, 22);34;22
(6, 10, 13, 22);35;66
(6, 10, 14, 22);4;32
(6, 10, 15, 22);16;96
(6, 10, 16, 22);28;22
(6, 10, 17, 22);108;124
(6, 10, 18, 22);28;22
(6, 10, 19, 22);29;22
(6, 10, 20, 22);30;22
(6, 10, 21, 22);31;22
(6, 11, 12, 22);17;30
(6, 11, 13, 22);17;25
(6, 11, 14, 22);33;32
(6, 11, 15, 22);33;124
(6, 11, 16, 22);28;22
(6, 11, 17, 22);28;22
(6, 11, 18, 22);29;22
(6, 11, 19, 22);30;22
(6, 11, 20, 22);31;22
(6, 11, 21, 22);32;22
(6, 12, 13, 22);9;25
(6, 12, 14, 22);18;26
(6, 12, 15, 22);9;81
(6, 12, 16, 22);28;22
(6, 12, 17, 22);28;22
(6, 12, 18, 22);28;22
(6, 12, 19, 22);28;52
(6, 12, 20, 22);60;22
(6, 12, 21, 22);61;56
(6, 13, 14, 22);28;51
(6, 13, 15, 22);28;22
(6, 13, 16, 22);38;58
(6, 13, 17, 22);30;106
(6, 13, 18, 22);40;134
(6, 13, 19, 22);158;144
(6, 13, 20, 22);7;105
(6, 13, 21, 22);27;28
(6, 14, 15, 22);28;58
(6, 14, 16, 22);38;30
(6, 14, 17, 22);39;77
(6, 14, 18, 22);4;32
(6, 14, 19, 22);28;117
(6, 14, 20, 22);92;22
(6, 14, 21, 22);27;42
(6, 15, 16, 22);145;69
(6, 15, 17, 22);96;68
(6, 15, 18, 22);37;109
(6, 15, 19, 22);37;170
(6, 15, 20, 22);66;22
(6, 15, 21, 22);67;22
(6, 16, 17, 22);164;190
(6, 16, 18, 22);38;36
(6, 16, 19, 22);38;22
(6, 16, 20, 22);38;22
(6, 16, 21, 22);106;22
(6, 17, 18, 22);39;36
(6, 17, 19, 22);39;37
(6, 17, 20, 22);39;38
(6, 17, 21, 22);39;22
(6, 18, 19, 22);40;22
(6, 18, 20, 22);40;22
(6, 18, 21, 22);40;22
(6, 19, 20, 22);41;34
(6, 19, 21, 22);41;34
(6, 20, 21, 22);14;34
(7, 8, 9, 22);31;22
(7, 8, 10, 22);32;22
(7, 8, 11, 22);33;22
(7, 8, 12, 22);5;74
(7, 8, 13, 22);5;95
(7, 8, 14, 22);15;90
(7, 8, 15, 22);29;22
(7, 8, 16, 22);3;145
(7, 8, 17, 22);5;69
(7, 8, 18, 22);40;29
(7, 8, 19, 22);41;29
(7, 8, 20, 22);14;29
(7, 8, 21, 22);29;22
(7, 9, 10, 22);32;22
(7, 9, 11, 22);33;22
(7, 9, 12, 22);34;22
(7, 9, 13, 22);81;47
(7, 9, 14, 22);21;72
(7, 9, 15, 22);29;22
(7, 9, 16, 22);29;22
(7, 9, 17, 22);29;70
(7, 9, 18, 22);27;29
(7, 9, 19, 22);28;51
(7, 9, 20, 22);29;22
(7, 9, 21, 22);30;22
(7, 10, 11, 22);33;22
(7, 10, 12, 22);34;22
(7, 10, 13, 22);29;64
(7, 10, 14, 22);29;60
(7, 10, 15, 22);29;22
(7, 10, 16, 22);29;22
(7, 10, 17, 22);29;22
(7, 10, 18, 22);28;80
(7, 10, 19, 22);29;22
(7, 10, 20, 22);30;28
(7, 10, 21, 22);31;22
(7, 11, 12, 22);52;46
(7, 11, 13, 22);3;80
(7, 11, 14, 22);54;56
(7, 11, 15, 22);29;22
(7, 11, 16, 22);29;22
(7, 11, 17, 22);29;22
(7, 11, 18, 22);29;22
(7, 11, 19, 22);30;22
(7, 11, 20, 22);31;28
(7, 11, 21, 22);32;22
(7, 12, 13, 22);5;52
(7, 12, 14, 22);55;146
(7, 12, 15, 22);29;22
(7, 12, 16, 22);29;22
(7, 12, 17, 22);29;22
(7, 12, 18, 22);29;22
(7, 12, 19, 22);29;22
(7, 12, 20, 22);29;111
(7, 12, 21, 22);43;65
(7, 13, 14, 22);29;55
(7, 13, 15, 22);29;22
(7, 13, 16, 22);29;22
(7, 13, 17, 22);29;22
(7, 13, 18, 22);29;22
(7, 13, 19, 22);29;22
(7, 13, 20, 22);29;22
(7, 13, 21, 22);43;63
(7, 14, 15, 22);29;22
(7, 14, 16, 22);29;22
(7, 14, 17, 22);29;22
(7, 14, 18, 22);29;22
(7, 14, 19, 22);29;22
(7, 14, 20, 22);29;22
(7, 14, 21, 22);29;22
(7, 15, 16, 22);31;186
(7, 15, 17, 22);37;163
(7, 15, 18, 22);159;33
(7, 15, 19, 22);329;34
(7, 15, 20, 22);243;62
(7, 15, 21, 22);127;84
(7, 16, 17, 22);38;103
(7, 16, 18, 22);34;96
(7, 16, 19, 22);29;38
(7, 16, 20, 22);42;115
(7, 16, 21, 22);38;108
(7, 17, 18, 22);5;106
(7, 17, 19, 22);39;22
(7, 17, 20, 22);39;22
(7, 17, 21, 22);43;77
(7, 18, 19, 22);40;22
(7, 18, 20, 22);40;22
(7, 18, 21, 22);40;22
(7, 19, 20, 22);41;22
(7, 19, 21, 22);41;22
(7, 20, 21, 22);42;22
(8, 9, 10, 22);32;22
(8, 9, 11, 22);33;22
(8, 9, 12, 22);34;33
(8, 9, 13, 22);31;73
(8, 9, 14, 22);30;22
(8, 9, 15, 22);30;22
(8, 9, 16, 22);30;22
(8, 9, 17, 22);30;22
(8, 9, 18, 22);57;207
(8, 9, 19, 22);28;29
(8, 9, 20, 22);29;29
(8, 9, 21, 22);30;22
(8, 10, 11, 22);33;22
(8, 10, 12, 22);34;22
(8, 10, 13, 22);23;81
(8, 10, 14, 22);30;22
(8, 10, 15, 22);30;22
(8, 10, 16, 22);30;22
(8, 10, 17, 22);30;22
(8, 10, 18, 22);30;22
(8, 10, 19, 22);29;55
(8, 10, 20, 22);30;22
(8, 10, 21, 22);31;22
(8, 11, 12, 22);19;96
(8, 11, 13, 22);54;156
(8, 11, 14, 22);30;22
(8, 11, 15, 22);30;22
(8, 11, 16, 22);30;22
(8, 11, 17, 22);30;22
(8, 11, 18, 22);30;22
(8, 11, 19, 22);30;22
(8, 11, 20, 22);31;22
(8, 11, 21, 22);32;22
(8, 12, 13, 22);5;84
(8, 12, 14, 22);30;22
(8, 12, 15, 22);30;22
(8, 12, 16, 22);30;22
(8, 12, 17, 22);30;22
(8, 12, 18, 22);30;22
(8, 12, 19, 22);30;22
(8, 12, 20, 22);30;22
(8, 12, 21, 22);63;60
(8, 13, 14, 22);30;22
(8, 13, 15, 22);30;22
(8, 13, 16, 22);30;22
(8, 13, 17, 22);30;22
(8, 13, 18, 22);30;22
(8, 13, 19, 22);30;22
(8, 13, 20, 22);30;22
(8, 13, 21, 22);30;22
(8, 14, 15, 22);30;22
(8, 14, 16, 22);30;22
(8, 14, 17, 22);30;22
(8, 14, 18, 22);30;22
(8, 14, 19, 22);30;22
(8, 14, 20, 22);30;22
(8, 14, 21, 22);30;22
(8, 15, 16, 22);30;22
(8, 15, 17, 22);30;22
(8, 15, 18, 22);30;22
(8, 15, 19, 22);30;22
(8, 15, 20, 22);30;22
(8, 15, 21, 22);30;22
(8, 16, 17, 22);30;22
(8, 16, 18, 22);30;22
(8, 16, 19, 22);30;22
(8, 16, 20, 22);30;22
(8, 16, 21, 22);30;22
(8, 17, 18, 22);5;96
(8, 17, 19, 22);66;181
(8, 17, 20, 22);37;102
(8, 17, 21, 22);29;81
(8, 18, 19, 22);67;87
(8, 18, 20, 22);40;38
(8, 18, 21, 22);151;67
(8, 19, 20, 22);41;29
(8, 19, 21, 22);41;29
(8, 20, 21, 22);14;30
(9, 10, 11, 22);33;22
(9, 10, 12, 22);34;29
(9, 10, 13, 22);31;22
(9, 10, 14, 22);31;22
(9, 10, 15, 22);31;22
(9, 10, 16, 22);31;22
(9, 10, 17, 22);31;22
(9, 10, 18, 22);31;22
(9, 10, 19, 22);31;22
(9, 10, 20, 22);30;30
(9, 10, 21, 22);31;22
(9, 11, 12, 22);10;129
(9, 11, 13, 22);31;22
(9, 11, 14, 22);31;22
(9, 11, 15, 22);31;22
(9, 11, 16, 22);31;22
(9, 11, 17, 22);31;22
(9, 11, 18, 22);31;22
(9, 11, 19, 22);31;22
(9, 11, 20, 22);31;22
(9, 11, 21, 22);32;22
(9, 12, 13, 22);31;22
(9, 12, 14, 22);31;22
(9, 12, 15, 22);31;22
(9, 12, 16, 22);31;22
(9, 12, 17, 22);31;22
(9, 12, 18, 22);31;22
(9, 12, 19, 22);31;22
(9, 12, 20, 22);31;22
(9, 12, 21, 22);31;22
(9, 13, 14, 22);31;22
(9, 13, 15, 22);31;22
(9, 13, 16, 22);31;22
(9, 13, 17, 22);31;22
(9, 13, 18, 22);31;22
(9, 13, 19, 22);31;22
(9, 13, 20, 22);31;22
(9, 13, 21, 22);31;22
(9, 14, 15, 22);31;22
(9, 14, 16, 22);31;22
(9, 14, 17, 22);31;22
(9, 14, 18, 22);31;22
(9, 14, 19, 22);31;22
(9, 14, 20, 22);31;22
(9, 14, 21, 22);31;22
(9, 15, 16, 22);31;22
(9, 15, 17, 22);31;22
(9, 15, 18, 22);31;22
(9, 15, 19, 22);31;22
(9, 15, 20, 22);31;22
(9, 15, 21, 22);31;22
(9, 16, 17, 22);31;22
(9, 16, 18, 22);31;22
(9, 16, 19, 22);31;22
(9, 16, 20, 22);31;22
(9, 16, 21, 22);31;22
(9, 17, 18, 22);31;22
(9, 17, 19, 22);31;22
(9, 17, 20, 22);31;22
(9, 17, 21, 22);31;22
(9, 18, 19, 22);31;22
(9, 18, 20, 22);31;22
(9, 18, 21, 22);31;22
(9, 19, 20, 22);70;100
(9, 19, 21, 22);28;70
(9, 20, 21, 22);29;31
(10, 11, 12, 22);32;22
(10, 11, 13, 22);32;22
(10, 11, 14, 22);32;22
(10, 11, 15, 22);32;22
(10, 11, 16, 22);32;22
(10, 11, 17, 22);32;22
(10, 11, 18, 22);32;22
(10, 11, 19, 22);32;22
(10, 11, 20, 22);32;22
(10, 11, 21, 22);32;22
(10, 12, 13, 22);32;22
(10, 12, 14, 22);32;22
(10, 12, 15, 22);32;22
(10, 12, 16, 22);32;22
(10, 12, 17, 22);32;22
(10, 12, 18, 22);32;22
(10, 12, 19, 22);32;22
(10, 12, 20, 22);32;22
(10, 12, 21, 22);32;22
(10, 13, 14, 22);32;22
(10, 13, 15, 22);32;22
(10, 13, 16, 22);32;22
(10, 13, 17, 22);32;22
(10, 13, 18, 22);32;22
(10, 13, 19, 22);32;22
(10, 13, 20, 22);32;22
(10, 13, 21, 22);32;22
(10, 14, 15, 22);32;22
(10, 14, 16, 22);32;22
(10, 14, 17, 22);32;22
(10, 14, 18, 22);32;22
(10, 14, 19, 22);32;22
(10, 14, 20, 22);32;22
(10, 14, 21, 22);32;22
(10, 15, 16, 22);32;22
(10, 15, 17, 22);32;22
(10, 15, 18, 22);32;22
(10, 15, 19, 22);32;22
(10, 15, 20, 22);32;22
(10, 15, 21, 22);32;22
(10, 16, 17, 22);32;22
(10, 16, 18, 22);32;22
(10, 16, 19, 22);32;22
(10, 16, 20, 22);32;22
(10, 16, 21, 22);32;22
(10, 17, 18, 22);32;22
(10, 17, 19, 22);32;22
(10, 17, 20, 22);32;22
(10, 17, 21, 22);32;22
(10, 18, 19, 22);32;22
(10, 18, 20, 22);32;22
(10, 18, 21, 22);32;22
(10, 19, 20, 22);32;22
(10, 19, 21, 22);32;22
(10, 20, 21, 22);32;22
(11, 12, 13, 22);33;22
(11, 12, 14, 22);33;22
(11, 12, 15, 22);33;22
(11, 12, 16, 22);33;22
(11, 12, 17, 22);33;22
(11, 12, 18, 22);33;22
(11, 12, 19, 22);33;22
(11, 12, 20, 22);33;22
(11, 12, 21, 22);33;22
(11, 13, 14, 22);33;22
(11, 13, 15, 22);33;22
(11, 13, 16, 22);33;22
(11, 13, 17, 22);33;22
(11, 13, 18, 22);33;22
(11, 13, 19, 22);33;22
(11, 13, 20, 22);33;22
(11, 13, 21, 22);33;22
(11, 14, 15, 22);33;22
(11, 14, 16, 22);33;22
(11, 14, 17, 22);33;22
(11, 14, 18, 22);33;22
(11, 14, 19, 22);33;22
(11, 14, 20, 22);33;22
(11, 14, 21, 22);33;22
(11, 15, 16, 22);33;22
(11, 15, 17, 22);33;22
(11, 15, 18, 22);33;22
(11, 15, 19, 22);33;22
(11, 15, 20, 22);33;22
(11, 15, 21, 22);33;22
(11, 16, 17, 22);33;22
(11, 16, 18, 22);33;22
(11, 16, 19, 22);33;22
(11, 16, 20, 22);33;22
(11, 16, 21, 22);33;22
(11, 17, 18, 22);33;22
(11, 17, 19, 22);33;22
(11, 17, 20, 22);33;22
(11, 17, 21, 22);33;22
(11, 18, 19, 22);33;22
(11, 18, 20, 22);33;22
(11, 18, 21, 22);33;22
(11, 19, 20, 22);33;22
(11, 19, 21, 22);33;22
(11, 20, 21, 22);33;22
(12, 13, 14, 22);34;22
(12, 13, 15, 22);34;22
(12, 13, 16, 22);34;22
(12, 13, 17, 22);34;22
(12, 13, 18, 22);34;22
(12, 13, 19, 22);34;22
(12, 13, 20, 22);34;22
(12, 13, 21, 22);34;22
(12, 14, 15, 22);34;22
(12, 14, 16, 22);34;22
(12, 14, 17, 22);34;22
(12, 14, 18, 22);34;22
(12, 14, 19, 22);34;22
(12, 14, 20, 22);34;22
(12, 14, 21, 22);34;22
(12, 15, 16, 22);34;22
(12, 15, 17, 22);34;22
(12, 15, 18, 22);34;22
(12, 15, 19, 22);34;22
(12, 15, 20, 22);34;22
(12, 15, 21, 22);34;22
(12, 16, 17, 22);34;22
(12, 16, 18, 22);34;22
(12, 16, 19, 22);34;22
(12, 16, 20, 22);34;22
(12, 16, 21, 22);34;22
(12, 17, 18, 22);34;22
(12, 17, 19, 22);34;22
(12, 17, 20, 22);34;22
(12, 17, 21, 22);34;22
(12, 18, 19, 22);34;22
(12, 18, 20, 22);34;22
(12, 18, 21, 22);34;22
(12, 19, 20, 22);34;22
(12, 19, 21, 22);34;22
(12, 20, 21, 22);34;22
(13, 14, 15, 22);35;22
(13, 14, 16, 22);35;22
(13, 14, 17, 22);35;22
(13, 14, 18, 22);35;22
(13, 14, 19, 22);35;22
(13, 14, 20, 22);35;22
(13, 14, 21, 22);35;22
(13, 15, 16, 22);35;22
(13, 15, 17, 22);35;22
(13, 15, 18, 22);35;22
(13, 15, 19, 22);35;22
(13, 15, 20, 22);35;22
(13, 15, 21, 22);35;22
(13, 16, 17, 22);35;22
(13, 16, 18, 22);35;22
(13, 16, 19, 22);35;22
(13, 16, 20, 22);35;22
(13, 16, 21, 22);35;22
(13, 17, 18, 22);35;22
(13, 17, 19, 22);35;22
(13, 17, 20, 22);35;22
(13, 17, 21, 22);35;22
(13, 18, 19, 22);35;22
(13, 18, 20, 22);35;22
(13, 18, 21, 22);35;22
(13, 19, 20, 22);35;22
(13, 19, 21, 22);35;22
(13, 20, 21, 22);35;22
(14, 15, 16, 22);36;22
(14, 15, 17, 22);36;22
(14, 15, 18, 22);36;22
(14, 15, 19, 22);36;22
(14, 15, 20, 22);36;22
(14, 15, 21, 22);36;22
(14, 16, 17, 22);36;22
(14, 16, 18, 22);36;22
(14, 16, 19, 22);36;22
(14, 16, 20, 22);36;22
(14, 16, 21, 22);36;22
(14, 17, 18, 22);36;22
(14, 17, 19, 22);36;22
(14, 17, 20, 22);36;22
(14, 17, 21, 22);36;22
(14, 18, 19, 22);36;22
(14, 18, 20, 22);36;22
(14, 18, 21, 22);36;22
(14, 19, 20, 22);36;22
(14, 19, 21, 22);36;22
(14, 20, 21, 22);36;22
(15, 16, 17, 22);37;22
(15, 16, 18, 22);37;22
(15, 16, 19, 22);37;22
(15, 16, 20, 22);37;22
(15, 16, 21, 22);37;22
(15, 17, 18, 22);37;22
(15, 17, 19, 22);37;22
(15, 17, 20, 22);37;22
(15, 17, 21, 22);37;22
(15, 18, 19, 22);37;22
(15, 18, 20, 22);37;22
(15, 18, 21, 22);37;22
(15, 19, 20, 22);37;22
(15, 19, 21, 22);37;22
(15, 20, 21, 22);37;22
(16, 17, 18, 22);38;22
(16, 17, 19, 22);38;22
(16, 17, 20, 22);38;22
(16, 17, 21, 22);38;22
(16, 18, 19, 22);38;22
(16, 18, 20, 22);38;22
(16, 18, 21, 22);38;22
(16, 19, 20, 22);38;22
(16, 19, 21, 22);38;22
(16, 20, 21, 22);38;22
(17, 18, 19, 22);39;22
(17, 18, 20, 22);39;22
(17, 18, 21, 22);39;22
(17, 19, 20, 22);39;22
(17, 19, 21, 22);39;22
(17, 20, 21, 22);39;22
(18, 19, 20, 22);40;22
(18, 19, 21, 22);40;22
(18, 20, 21, 22);40;22
(19, 20, 21, 22);41;22
