S;p;l
(1, 2, 3, 17);4;17
(1, 2, 4, 17);3;17
(1, 2, 5, 17);3;17
(1, 2, 6, 17);18;17
(1, 2, 7, 17);3;17
(1, 2, 8, 17);3;17
(1, 2, 9, 17);18;17
(1, 2, 10, 17);3;17
(1, 2, 11, 17);3;17
(1, 2, 12, 17);32;17
(1, 2, 13, 17);3;17
(1, 2, 14, 17);3;17
(1, 2, 15, 17);16;17
(1, 2, 16, 17);3;17
(1, 3, 4, 17);7;17
(1, 3, 5, 17);2;17
(1, 3, 6, 17);9;17
(1, 3, 7, 17);2;17
(1, 3, 8, 17);20;17
(1, 3, 9, 17);2;17
(1, 3, 10, 17);20;17
(1, 3, 11, 17);2;17
(1, 3, 12, 17);24;37
(1, 3, 13, 17);2;17
(1, 3, 14, 17);28;17
(1, 3, 15, 17);2;17
(1, 3, 16, 17);32;17
(1, 4, 5, 17);8;17
(1, 4, 6, 17);23;17
(1, 4, 7, 17);8;17
(1, 4, 8, 17);21;17
(1, 4, 9, 17);18;17
(1, 4, 10, 17);27;17
(1, 4, 11, 17);28;17
(1, 4, 12, 17);13;17
(1, 4, 13, 17);118;17
(1, 4, 14, 17);18;17
(1, 4, 15, 17);16;34
(1, 4, 16, 17);33;17
(1, 5, 6, 17);11;17
(1, 5, 7, 17);2;17
(1, 5, 8, 17);22;17
(1, 5, 9, 17);2;17
(1, 5, 10, 17);22;17
(1, 5, 11, 17);2;17
(1, 5, 12, 17);24;17
(1, 5, 13, 17);2;17
(1, 5, 14, 17);28;17
(1, 5, 15, 17);2;17
(1, 5, 16, 17);32;17
(1, 6, 7, 17);12;17
(1, 6, 8, 17);23;17
(1, 6, 9, 17);23;19
(1, 6, 10, 17);16;17
(1, 6, 11, 17);28;17
(1, 6, 12, 17);18;17
(1, 6, 13, 17);30;17
(1, 6, 14, 17);20;20
(1, 6, 15, 17);23;17
(1, 6, 16, 17);54;106
(1, 7, 8, 17);38;18
(1, 7, 9, 17);2;17
(1, 7, 10, 17);20;17
(1, 7, 11, 17);2;17
(1, 7, 12, 17);24;17
(1, 7, 13, 17);2;17
(1, 7, 14, 17);28;17
(1, 7, 15, 17);2;17
(1, 7, 16, 17);32;17
(1, 8, 9, 17);16;17
(1, 8, 10, 17);9;17
(1, 8, 11, 17);3;31
(1, 8, 12, 17);29;17
(1, 8, 13, 17);30;17
(1, 8, 14, 17);31;17
(1, 8, 15, 17);16;17
(1, 8, 16, 17);33;17
(1, 9, 10, 17);20;17
(1, 9, 11, 17);2;17
(1, 9, 12, 17);24;17
(1, 9, 13, 17);2;17
(1, 9, 14, 17);28;17
(1, 9, 15, 17);2;17
(1, 9, 16, 17);32;17
(1, 10, 11, 17);20;17
(1, 10, 12, 17);29;17
(1, 10, 13, 17);34;45
(1, 10, 14, 17);31;17
(1, 10, 15, 17);25;17
(1, 10, 16, 17);33;17
(1, 11, 12, 17);24;17
(1, 11, 13, 17);2;17
(1, 11, 14, 17);28;17
(1, 11, 15, 17);2;17
(1, 11, 16, 17);32;17
(1, 12, 13, 17);24;17
(1, 12, 14, 17);31;17
(1, 12, 15, 17);27;17
(1, 12, 16, 17);33;17
(1, 13, 14, 17);28;17
(1, 13, 15, 17);2;17
(1, 13, 16, 17);32;17
(1, 14, 15, 17);28;17
(1, 14, 16, 17);33;17
(1, 15, 16, 17);32;17
(2, 3, 4, 17);19;17
(2, 3, 5, 17);7;17
(2, 3, 6, 17);23;17
(2, 3, 7, 17);5;17
(2, 3, 8, 17);5;17
(2, 3, 9, 17);19;35
(2, 3, 10, 17);19;17
(2, 3, 11, 17);14;17
(2, 3, 12, 17);5;17
(2, 3, 13, 17);5;17
(2, 3, 14, 17);31;17
(2, 3, 15, 17);48;19
(2, 3, 16, 17);19;17
(2, 4, 5, 17);7;17
(2, 4, 6, 17);8;18
(2, 4, 7, 17);30;17
(2, 4, 8, 17);3;21
(2, 4, 9, 17);19;17
(2, 4, 10, 17);19;17
(2, 4, 11, 17);13;17
(2, 4, 12, 17);14;17
(2, 4, 13, 17);71;17
(2, 4, 14, 17);3;21
(2, 4, 15, 17);19;17
(2, 4, 16, 17);19;17
(2, 5, 6, 17);11;17
(2, 5, 7, 17);22;17
(2, 5, 8, 17);19;28
(2, 5, 9, 17);22;44
(2, 5, 10, 17);15;17
(2, 5, 11, 17);19;25
(2, 5, 12, 17);29;17
(2, 5, 13, 17);22;17
(2, 5, 14, 17);19;17
(2, 5, 15, 17);52;24
(2, 5, 16, 17);11;46
(2, 6, 7, 17);23;17
(2, 6, 8, 17);14;19
(2, 6, 9, 17);15;17
(2, 6, 10, 17);27;17
(2, 6, 11, 17);50;17
(2, 6, 12, 17);23;23
(2, 6, 13, 17);19;17
(2, 6, 14, 17);31;17
(2, 6, 15, 17);31;17
(2, 6, 16, 17);23;43
(2, 7, 8, 17);5;17
(2, 7, 9, 17);15;17
(2, 7, 10, 17);24;17
(2, 7, 11, 17);28;17
(2, 7, 12, 17);19;17
(2, 7, 13, 17);5;17
(2, 7, 14, 17);24;31
(2, 7, 15, 17);32;17
(2, 7, 16, 17);33;21
(2, 8, 9, 17);26;17
(2, 8, 10, 17);43;56
(2, 8, 11, 17);19;17
(2, 8, 12, 17);5;22
(2, 8, 13, 17);5;24
(2, 8, 14, 17);19;34
(2, 8, 15, 17);85;17
(2, 8, 16, 17);24;23
(2, 9, 10, 17);19;17
(2, 9, 11, 17);42;17
(2, 9, 12, 17);29;17
(2, 9, 13, 17);26;17
(2, 9, 14, 17);23;46
(2, 9, 15, 17);114;17
(2, 9, 16, 17);33;17
(2, 10, 11, 17);27;17
(2, 10, 12, 17);23;17
(2, 10, 13, 17);23;17
(2, 10, 14, 17);31;17
(2, 10, 15, 17);31;17
(2, 10, 16, 17);27;26
(2, 11, 12, 17);28;22
(2, 11, 13, 17);23;17
(2, 11, 14, 17);28;17
(2, 11, 15, 17);32;17
(2, 11, 16, 17);28;21
(2, 12, 13, 17);5;46
(2, 12, 14, 17);50;17
(2, 12, 15, 17);32;26
(2, 12, 16, 17);33;27
(2, 13, 14, 17);27;17
(2, 13, 15, 17);58;17
(2, 13, 16, 17);33;17
(2, 14, 15, 17);31;17
(2, 14, 16, 17);31;17
(2, 15, 16, 17);31;17
(3, 4, 5, 17);22;17
(3, 4, 6, 17);20;17
(3, 4, 7, 17);10;17
(3, 4, 8, 17);7;72
(3, 4, 9, 17);13;17
(3, 4, 10, 17);7;17
(3, 4, 11, 17);7;17
(3, 4, 12, 17);29;17
(3, 4, 13, 17);7;35
(3, 4, 14, 17);74;20
(3, 4, 15, 17);32;39
(3, 4, 16, 17);20;17
(3, 5, 6, 17);20;17
(3, 5, 7, 17);10;17
(3, 5, 8, 17);11;17
(3, 5, 9, 17);2;22
(3, 5, 10, 17);22;17
(3, 5, 11, 17);22;17
(3, 5, 12, 17);22;21
(3, 5, 13, 17);2;30
(3, 5, 14, 17);94;17
(3, 5, 15, 17);20;17
(3, 5, 16, 17);20;17
(3, 6, 7, 17);10;17
(3, 6, 8, 17);11;17
(3, 6, 9, 17);12;17
(3, 6, 10, 17);20;17
(3, 6, 11, 17);58;17
(3, 6, 12, 17);23;22
(3, 6, 13, 17);39;17
(3, 6, 14, 17);20;17
(3, 6, 15, 17);20;17
(3, 6, 16, 17);20;17
(3, 7, 8, 17);5;21
(3, 7, 9, 17);2;22
(3, 7, 10, 17);66;39
(3, 7, 11, 17);14;17
(3, 7, 12, 17);5;17
(3, 7, 13, 17);10;17
(3, 7, 14, 17);10;24
(3, 7, 15, 17);2;32
(3, 7, 16, 17);19;33
(3, 8, 9, 17);25;18
(3, 8, 10, 17);20;36
(3, 8, 11, 17);54;17
(3, 8, 12, 17);20;17
(3, 8, 13, 17);5;21
(3, 8, 14, 17);31;17
(3, 8, 15, 17);25;24
(3, 8, 16, 17);25;25
(3, 9, 10, 17);26;17
(3, 9, 11, 17);20;17
(3, 9, 12, 17);66;17
(3, 9, 13, 17);26;17
(3, 9, 14, 17);90;17
(3, 9, 15, 17);32;17
(3, 9, 16, 17);26;23
(3, 10, 11, 17);7;17
(3, 10, 12, 17);20;55
(3, 10, 13, 17);94;33
(3, 10, 14, 17);59;25
(3, 10, 15, 17);32;17
(3, 10, 16, 17);33;17
(3, 11, 12, 17);29;17
(3, 11, 13, 17);2;28
(3, 11, 14, 17);26;17
(3, 11, 15, 17);26;17
(3, 11, 16, 17);27;17
(3, 12, 13, 17);5;34
(3, 12, 14, 17);26;17
(3, 12, 15, 17);26;17
(3, 12, 16, 17);82;17
(3, 13, 14, 17);31;27
(3, 13, 15, 17);2;28
(3, 13, 16, 17);82;17
(3, 14, 15, 17);31;30
(3, 14, 16, 17);31;17
(3, 15, 16, 17);32;17
(4, 5, 6, 17);21;17
(4, 5, 7, 17);11;17
(4, 5, 8, 17);12;17
(4, 5, 9, 17);13;17
(4, 5, 10, 17);22;26
(4, 5, 11, 17);22;17
(4, 5, 12, 17);151;44
(4, 5, 13, 17);30;17
(4, 5, 14, 17);31;25
(4, 5, 15, 17);21;25
(4, 5, 16, 17);21;17
(4, 6, 7, 17);11;17
(4, 6, 8, 17);12;17
(4, 6, 9, 17);13;17
(4, 6, 10, 17);7;26
(4, 6, 11, 17);81;44
(4, 6, 12, 17);18;23
(4, 6, 13, 17);30;17
(4, 6, 14, 17);31;17
(4, 6, 15, 17);21;17
(4, 6, 16, 17);21;17
(4, 7, 8, 17);12;17
(4, 7, 9, 17);13;17
(4, 7, 10, 17);27;17
(4, 7, 11, 17);3;63
(4, 7, 12, 17);24;24
(4, 7, 13, 17);10;18
(4, 7, 14, 17);21;17
(4, 7, 15, 17);11;17
(4, 7, 16, 17);11;17
(4, 8, 9, 17);13;17
(4, 8, 10, 17);39;18
(4, 8, 11, 17);3;34
(4, 8, 12, 17);21;40
(4, 8, 13, 17);21;17
(4, 8, 14, 17);22;17
(4, 8, 15, 17);23;17
(4, 8, 16, 17);12;17
(4, 9, 10, 17);13;17
(4, 9, 11, 17);20;19
(4, 9, 12, 17);21;17
(4, 9, 13, 17);92;17
(4, 9, 14, 17);31;23
(4, 9, 15, 17);8;52
(4, 9, 16, 17);13;25
(4, 10, 11, 17);21;17
(4, 10, 12, 17);29;20
(4, 10, 13, 17);135;17
(4, 10, 14, 17);92;48
(4, 10, 15, 17);27;52
(4, 10, 16, 17);20;21
(4, 11, 12, 17);29;17
(4, 11, 13, 17);30;28
(4, 11, 14, 17);28;17
(4, 11, 15, 17);106;28
(4, 11, 16, 17);27;21
(4, 12, 13, 17);29;17
(4, 12, 14, 17);29;17
(4, 12, 15, 17);29;17
(4, 12, 16, 17);29;17
(4, 13, 14, 17);29;17
(4, 13, 15, 17);29;17
(4, 13, 16, 17);29;17
(4, 14, 15, 17);29;39
(4, 14, 16, 17);31;39
(4, 15, 16, 17);21;40
(5, 6, 7, 17);12;17
(5, 6, 8, 17);25;17
(5, 6, 9, 17);26;17
(5, 6, 10, 17);15;31
(5, 6, 11, 17);104;97
(5, 6, 12, 17);11;43
(5, 6, 13, 17);11;30
(5, 6, 14, 17);31;17
(5, 6, 15, 17);32;17
(5, 6, 16, 17);11;17
(5, 7, 8, 17);25;17
(5, 7, 9, 17);26;17
(5, 7, 10, 17);74;23
(5, 7, 11, 17);2;48
(5, 7, 12, 17);22;17
(5, 7, 13, 17);2;46
(5, 7, 14, 17);42;22
(5, 7, 15, 17);22;17
(5, 7, 16, 17);23;17
(5, 8, 9, 17);26;17
(5, 8, 10, 17);22;49
(5, 8, 11, 17);22;25
(5, 8, 12, 17);22;17
(5, 8, 13, 17);22;17
(5, 8, 14, 17);22;17
(5, 8, 15, 17);23;17
(5, 8, 16, 17);24;17
(5, 9, 10, 17);7;25
(5, 9, 11, 17);2;46
(5, 9, 12, 17);22;17
(5, 9, 13, 17);22;17
(5, 9, 14, 17);22;17
(5, 9, 15, 17);2;48
(5, 9, 16, 17);11;87
(5, 10, 11, 17);22;41
(5, 10, 12, 17);22;17
(5, 10, 13, 17);22;17
(5, 10, 14, 17);22;17
(5, 10, 15, 17);22;17
(5, 10, 16, 17);48;44
(5, 11, 12, 17);22;46
(5, 11, 13, 17);2;48
(5, 11, 14, 17);22;25
(5, 11, 15, 17);2;46
(5, 11, 16, 17);116;17
(5, 12, 13, 17);29;90
(5, 12, 14, 17);80;28
(5, 12, 15, 17);82;49
(5, 12, 16, 17);53;20
(5, 13, 14, 17);30;17
(5, 13, 15, 17);30;17
(5, 13, 16, 17);30;17
(5, 14, 15, 17);31;30
(5, 14, 16, 17);31;17
(5, 15, 16, 17);32;17
(6, 7, 8, 17);25;17
(6, 7, 9, 17);26;17
(6, 7, 10, 17);24;56
(6, 7, 11, 17);23;17
(6, 7, 12, 17);23;17
(6, 7, 13, 17);23;17
(6, 7, 14, 17);44;42
(6, 7, 15, 17);22;22
(6, 7, 16, 17);23;17
(6, 8, 9, 17);26;17
(6, 8, 10, 17);16;41
(6, 8, 11, 17);23;17
(6, 8, 12, 17);23;17
(6, 8, 13, 17);23;17
(6, 8, 14, 17);23;17
(6, 8, 15, 17);23;17
(6, 8, 16, 17);24;17
(6, 9, 10, 17);19;56
(6, 9, 11, 17);23;17
(6, 9, 12, 17);23;17
(6, 9, 13, 17);23;17
(6, 9, 14, 17);23;17
(6, 9, 15, 17);23;17
(6, 9, 16, 17);48;23
(6, 10, 11, 17);23;17
(6, 10, 12, 17);23;17
(6, 10, 13, 17);23;17
(6, 10, 14, 17);23;17
(6, 10, 15, 17);23;17
(6, 10, 16, 17);23;17
(6, 11, 12, 17);23;17
(6, 11, 13, 17);23;17
(6, 11, 14, 17);23;17
(6, 11, 15, 17);23;17
(6, 11, 16, 17);23;17
(6, 12, 13, 17);23;17
(6, 12, 14, 17);23;17
(6, 12, 15, 17);23;17
(6, 12, 16, 17);23;17
(6, 13, 14, 17);27;27
(6, 13, 15, 17);30;75
(6, 13, 16, 17);11;66
(6, 14, 15, 17);31;29
(6, 14, 16, 17);31;29
(6, 15, 16, 17);32;22
(7, 8, 9, 17);26;17
(7, 8, 10, 17);24;17
(7, 8, 11, 17);24;17
(7, 8, 12, 17);24;17
(7, 8, 13, 17);24;17
(7, 8, 14, 17);24;17
(7, 8, 15, 17);24;17
(7, 8, 16, 17);24;17
(7, 9, 10, 17);24;17
(7, 9, 11, 17);24;17
(7, 9, 12, 17);24;17
(7, 9, 13, 17);24;17
(7, 9, 14, 17);24;17
(7, 9, 15, 17);24;17
(7, 9, 16, 17);24;17
(7, 10, 11, 17);24;17
(7, 10, 12, 17);24;17
(7, 10, 13, 17);24;17
(7, 10, 14, 17);24;17
(7, 10, 15, 17);24;17
(7, 10, 16, 17);24;17
(7, 11, 12, 17);24;17
(7, 11, 13, 17);24;17
(7, 11, 14, 17);24;17
(7, 11, 15, 17);24;17
(7, 11, 16, 17);24;17
(7, 12, 13, 17);24;17
(7, 12, 14, 17);24;17
(7, 12, 15, 17);24;17
(7, 12, 16, 17);24;17
(7, 13, 14, 17);24;17
(7, 13, 15, 17);24;17
(7, 13, 16, 17);24;17
(7, 14, 15, 17);24;17
(7, 14, 16, 17);24;17
(7, 15, 16, 17);22;31
(8, 9, 10, 17);25;17
(8, 9, 11, 17);25;17
(8, 9, 12, 17);25;17
(8, 9, 13, 17);25;17
(8, 9, 14, 17);25;17
(8, 9, 15, 17);25;17
(8, 9, 16, 17);25;17
(8, 10, 11, 17);25;17
(8, 10, 12, 17);25;17
(8, 10, 13, 17);25;17
(8, 10, 14, 17);25;17
(8, 10, 15, 17);25;17
(8, 10, 16, 17);25;17
(8, 11, 12, 17);25;17
(8, 11, 13, 17);25;17
(8, 11, 14, 17);25;17
(8, 11, 15, 17);25;17
(8, 11, 16, 17);25;17
(8, 12, 13, 17);25;17
(8, 12, 14, 17);25;17
(8, 12, 15, 17);25;17
(8, 12, 16, 17);25;17
(8, 13, 14, 17);25;17
(8, 13, 15, 17);25;17
(8, 13, 16, 17);25;17
(8, 14, 15, 17);25;17
(8, 14, 16, 17);25;17
(8, 15, 16, 17);25;17
(9, 10, 11, 17);26;17
(9, 10, 12, 17);26;17
(9, 10, 13, 17);26;17
(9, 10, 14, 17);26;17
(9, 10, 15, 17);26;17
(9, 10, 16, 17);26;17
(9, 11, 12, 17);26;17
(9, 11, 13, 17);26;17
(9, 11, 14, 17);26;17
(9, 11, 15, 17);26;17
(9, 11, 16, 17);26;17
(9, 12, 13, 17);26;17
(9, 12, 14, 17);26;17
(9, 12, 15, 17);26;17
(9, 12, 16, 17);26;17
(9, 13, 14, 17);26;17
(9, 13, 15, 17);26;17
(9, 13, 16, 17);26;17
(9, 14, 15, 17);26;17
(9, 14, 16, 17);26;17
(9, 15, 16, 17);26;17
(10, 11, 12, 17);27;17
(10, 11, 13, 17);27;17
(10, 11, 14, 17);27;17
(10, 11, 15, 17);27;17
(10, 11, 16, 17);27;17
(10, 12, 13, 17);27;17
(10, 12, 14, 17);27;17
(10, 12, 15, 17);27;17
(10, 12, 16, 17);27;17
(10, 13, 14, 17);27;17
(10, 13, 15, 17);27;17
(10, 13, 16, 17);27;17
(10, 14, 15, 17);27;17
(10, 14, 16, 17);27;17
(10, 15, 16, 17);27;17
(11, 12, 13, 17);28;17
(11, 12, 14, 17);28;17
(11, 12, 15, 17);28;17
(11, 12, 16, 17);28;17
(11, 13, 14, 17);28;17
(11, 13, 15, 17);28;17
(11, 13, 16, 17);28;17
(11, 14, 15, 17);28;17
(11, 14, 16, 17);28;17
(11, 15, 16, 17);28;17
(12, 13, 14, 17);29;17
(12, 13, 15, 17);29;17
(12, 13, 16, 17);29;17
(12, 14, 15, 17);29;17
(12, 14, 16, 17);29;17
(12, 15, 16, 17);29;17
(13, 14, 15, 17);30;17
(13, 14, 16, 17);30;17
(13, 15, 16, 17);30;17
(14, 15, 16, 17);31;17
