S;p;l
(1, 2, 3, 14);4;14
(1, 2, 4, 14);3;14
(1, 2, 5, 14);3;14
(1, 2, 6, 14);15;14
(1, 2, 7, 14);3;14
(1, 2, 8, 14);3;14
(1, 2, 9, 14);26;14
(1, 2, 10, 14);3;14
(1, 2, 11, 14);3;14
(1, 2, 12, 14);13;14
(1, 2, 13, 14);3;14
(1, 3, 4, 14);15;14
(1, 3, 5, 14);19;14
(1, 3, 6, 14);20;14
(1, 3, 7, 14);21;14
(1, 3, 8, 14);11;14
(1, 3, 9, 14);23;14
(1, 3, 10, 14);13;14
(1, 3, 11, 14);25;14
(1, 3, 12, 14);15;14
(1, 3, 13, 14);27;14
(1, 4, 5, 14);17;14
(1, 4, 6, 14);5;14
(1, 4, 7, 14);21;14
(1, 4, 8, 14);22;14
(1, 4, 9, 14);5;14
(1, 4, 10, 14);31;14
(1, 4, 11, 14);5;14
(1, 4, 12, 14);13;14
(1, 4, 13, 14);27;14
(1, 5, 6, 14);11;14
(1, 5, 7, 14);21;14
(1, 5, 8, 14);13;14
(1, 5, 9, 14);23;14
(1, 5, 10, 14);15;14
(1, 5, 11, 14);25;14
(1, 5, 12, 14);17;14
(1, 5, 13, 14);27;14
(1, 6, 7, 14);13;38
(1, 6, 8, 14);20;14
(1, 6, 9, 14);15;14
(1, 6, 10, 14);20;14
(1, 6, 11, 14);5;16
(1, 6, 12, 14);20;14
(1, 6, 13, 14);71;14
(1, 7, 8, 14);15;14
(1, 7, 9, 14);23;14
(1, 7, 10, 14);17;14
(1, 7, 11, 14);25;14
(1, 7, 12, 14);19;14
(1, 7, 13, 14);27;14
(1, 8, 9, 14);17;14
(1, 8, 10, 14);22;14
(1, 8, 11, 14);22;14
(1, 8, 12, 14);22;14
(1, 8, 13, 14);73;14
(1, 9, 10, 14);19;14
(1, 9, 11, 14);25;14
(1, 9, 12, 14);21;14
(1, 9, 13, 14);27;14
(1, 10, 11, 14);21;14
(1, 10, 12, 14);24;14
(1, 10, 13, 14);49;14
(1, 11, 12, 14);23;14
(1, 11, 13, 14);27;14
(1, 12, 13, 14);25;14
(2, 3, 4, 14);6;14
(2, 3, 5, 14);16;14
(2, 3, 6, 14);17;14
(2, 3, 7, 14);21;14
(2, 3, 8, 14);16;14
(2, 3, 9, 14);11;14
(2, 3, 10, 14);12;14
(2, 3, 11, 14);79;14
(2, 3, 12, 14);26;14
(2, 3, 13, 14);16;14
(2, 4, 5, 14);16;14
(2, 4, 6, 14);8;14
(2, 4, 7, 14);27;14
(2, 4, 8, 14);6;14
(2, 4, 9, 14);6;14
(2, 4, 10, 14);6;14
(2, 4, 11, 14);3;15
(2, 4, 12, 14);16;14
(2, 4, 13, 14);17;14
(2, 5, 6, 14);19;14
(2, 5, 7, 14);3;24
(2, 5, 8, 14);16;17
(2, 5, 9, 14);19;32
(2, 5, 10, 14);19;18
(2, 5, 11, 14);16;14
(2, 5, 12, 14);43;21
(2, 5, 13, 14);19;36
(2, 6, 7, 14);21;14
(2, 6, 8, 14);16;14
(2, 6, 9, 14);23;14
(2, 6, 10, 14);4;14
(2, 6, 11, 14);25;14
(2, 6, 12, 14);24;14
(2, 6, 13, 14);27;14
(2, 7, 8, 14);21;18
(2, 7, 9, 14);16;14
(2, 7, 10, 14);21;14
(2, 7, 11, 14);21;47
(2, 7, 12, 14);70;14
(2, 7, 13, 14);20;23
(2, 8, 9, 14);11;27
(2, 8, 10, 14);16;14
(2, 8, 11, 14);16;25
(2, 8, 12, 14);26;14
(2, 8, 13, 14);16;18
(2, 9, 10, 14);23;14
(2, 9, 11, 14);20;14
(2, 9, 12, 14);47;14
(2, 9, 13, 14);23;52
(2, 10, 11, 14);25;14
(2, 10, 12, 14);24;14
(2, 10, 13, 14);27;14
(2, 11, 12, 14);24;14
(2, 11, 13, 14);24;14
(2, 12, 13, 14);24;14
(3, 4, 5, 14);17;14
(3, 4, 6, 14);9;14
(3, 4, 7, 14);10;14
(3, 4, 8, 14);6;15
(3, 4, 9, 14);18;14
(3, 4, 10, 14);6;43
(3, 4, 11, 14);25;20
(3, 4, 12, 14);17;20
(3, 4, 13, 14);17;14
(3, 5, 6, 14);9;14
(3, 5, 7, 14);10;14
(3, 5, 8, 14);11;14
(3, 5, 9, 14);48;14
(3, 5, 10, 14);4;24
(3, 5, 11, 14);25;14
(3, 5, 12, 14);17;14
(3, 5, 13, 14);17;14
(3, 6, 7, 14);10;14
(3, 6, 8, 14);11;14
(3, 6, 9, 14);12;15
(3, 6, 10, 14);17;15
(3, 6, 11, 14);17;14
(3, 6, 12, 14);9;14
(3, 6, 13, 14);9;14
(3, 7, 8, 14);21;14
(3, 7, 9, 14);16;15
(3, 7, 10, 14);17;14
(3, 7, 11, 14);61;15
(3, 7, 12, 14);36;80
(3, 7, 13, 14);21;40
(3, 8, 9, 14);17;14
(3, 8, 10, 14);6;21
(3, 8, 11, 14);63;14
(3, 8, 12, 14);11;33
(3, 8, 13, 14);27;14
(3, 9, 10, 14);24;14
(3, 9, 11, 14);23;14
(3, 9, 12, 14);23;14
(3, 9, 13, 14);22;17
(3, 10, 11, 14);23;14
(3, 10, 12, 14);23;14
(3, 10, 13, 14);23;14
(3, 11, 12, 14);23;14
(3, 11, 13, 14);23;14
(3, 12, 13, 14);17;32
(4, 5, 6, 14);10;14
(4, 5, 7, 14);21;14
(4, 5, 8, 14);3;25
(4, 5, 9, 14);67;61
(4, 5, 10, 14);44;17
(4, 5, 11, 14);25;14
(4, 5, 12, 14);26;14
(4, 5, 13, 14);9;14
(4, 6, 7, 14);21;14
(4, 6, 8, 14);22;14
(4, 6, 9, 14);5;31
(4, 6, 10, 14);18;14
(4, 6, 11, 14);34;18
(4, 6, 12, 14);18;14
(4, 6, 13, 14);19;14
(4, 7, 8, 14);11;20
(4, 7, 9, 14);21;21
(4, 7, 10, 14);18;14
(4, 7, 11, 14);18;14
(4, 7, 12, 14);19;14
(4, 7, 13, 14);20;14
(4, 8, 9, 14);6;33
(4, 8, 10, 14);18;14
(4, 8, 11, 14);18;14
(4, 8, 12, 14);18;14
(4, 8, 13, 14);39;18
(4, 9, 10, 14);6;38
(4, 9, 11, 14);5;50
(4, 9, 12, 14);26;21
(4, 9, 13, 14);77;14
(4, 10, 11, 14);62;54
(4, 10, 12, 14);24;14
(4, 10, 13, 14);43;14
(4, 11, 12, 14);25;24
(4, 11, 13, 14);25;14
(4, 12, 13, 14);26;14
(5, 6, 7, 14);21;14
(5, 6, 8, 14);22;20
(5, 6, 9, 14);19;14
(5, 6, 10, 14);19;14
(5, 6, 11, 14);19;14
(5, 6, 12, 14);18;18
(5, 6, 13, 14);19;14
(5, 7, 8, 14);3;47
(5, 7, 9, 14);19;14
(5, 7, 10, 14);19;14
(5, 7, 11, 14);19;14
(5, 7, 12, 14);19;14
(5, 7, 13, 14);20;14
(5, 8, 9, 14);19;14
(5, 8, 10, 14);19;14
(5, 8, 11, 14);19;14
(5, 8, 12, 14);19;14
(5, 8, 13, 14);19;14
(5, 9, 10, 14);19;14
(5, 9, 11, 14);19;14
(5, 9, 12, 14);19;14
(5, 9, 13, 14);19;14
(5, 10, 11, 14);19;14
(5, 10, 12, 14);19;14
(5, 10, 13, 14);19;14
(5, 11, 12, 14);42;73
(5, 11, 13, 14);44;14
(5, 12, 13, 14);26;18
(6, 7, 8, 14);20;14
(6, 7, 9, 14);20;14
(6, 7, 10, 14);20;14
(6, 7, 11, 14);20;14
(6, 7, 12, 14);20;14
(6, 7, 13, 14);20;14
(6, 8, 9, 14);20;14
(6, 8, 10, 14);20;14
(6, 8, 11, 14);20;14
(6, 8, 12, 14);20;14
(6, 8, 13, 14);20;14
(6, 9, 10, 14);20;14
(6, 9, 11, 14);20;14
(6, 9, 12, 14);20;14
(6, 9, 13, 14);20;14
(6, 10, 11, 14);20;14
(6, 10, 12, 14);20;14
(6, 10, 13, 14);20;14
(6, 11, 12, 14);20;14
(6, 11, 13, 14);20;14
(6, 12, 13, 14);20;14
(7, 8, 9, 14);21;14
(7, 8, 10, 14);21;14
(7, 8, 11, 14);21;14
(7, 8, 12, 14);21;14
(7, 8, 13, 14);21;14
(7, 9, 10, 14);21;14
(7, 9, 11, 14);21;14
(7, 9, 12, 14);21;14
(7, 9, 13, 14);21;14
(7, 10, 11, 14);21;14
(7, 10, 12, 14);21;14
(7, 10, 13, 14);21;14
(7, 11, 12, 14);21;14
(7, 11, 13, 14);21;14
(7, 12, 13, 14);21;14
(8, 9, 10, 14);22;14
(8, 9, 11, 14);22;14
(8, 9, 12, 14);22;14
(8, 9, 13, 14);22;14
(8, 10, 11, 14);22;14
(8, 10, 12, 14);22;14
(8, 10, 13, 14);22;14
(8, 11, 12, 14);22;14
(8, 11, 13, 14);22;14
(8, 12, 13, 14);22;14
(9, 10, 11, 14);23;14
(9, 10, 12, 14);23;14
(9, 10, 13, 14);23;14
(9, 11, 12, 14);23;14
(9, 11, 13, 14);23;14
(9, 12, 13, 14);23;14
(10, 11, 12, 14);24;14
(10, 11, 13, 14);24;14
(10, 12, 13, 14);24;14
(11, 12, 13, 14);25;14
