S;p;l
(1, 2, 3, 13);4;13
(1, 2, 4, 13);3;13
(1, 2, 5, 13);3;13
(1, 2, 6, 13);7;13
(1, 2, 7, 13);3;13
(1, 2, 8, 13);3;13
(1, 2, 9, 13);14;13
(1, 2, 10, 13);3;13
(1, 2, 11, 13);3;13
(1, 2, 12, 13);14;13
(1, 3, 4, 13);7;13
(1, 3, 5, 13);2;13
(1, 3, 6, 13);16;13
(1, 3, 7, 13);2;13
(1, 3, 8, 13);16;13
(1, 3, 9, 13);2;13
(1, 3, 10, 13);20;13
(1, 3, 11, 13);2;13
(1, 3, 12, 13);24;13
(1, 4, 5, 13);8;13
(1, 4, 6, 13);17;13
(1, 4, 7, 13);14;15
(1, 4, 8, 13);12;13
(1, 4, 9, 13);22;13
(1, 4, 10, 13);14;13
(1, 4, 11, 13);17;13
(1, 4, 12, 13);40;13
(1, 5, 6, 13);7;14
(1, 5, 7, 13);2;13
(1, 5, 8, 13);16;13
(1, 5, 9, 13);2;13
(1, 5, 10, 13);20;13
(1, 5, 11, 13);2;13
(1, 5, 12, 13);24;13
(1, 6, 7, 13);12;13
(1, 6, 8, 13);7;13
(1, 6, 9, 13);22;13
(1, 6, 10, 13);23;13
(1, 6, 11, 13);12;13
(1, 6, 12, 13);25;13
(1, 7, 8, 13);16;13
(1, 7, 9, 13);2;13
(1, 7, 10, 13);20;13
(1, 7, 11, 13);2;13
(1, 7, 12, 13);24;13
(1, 8, 9, 13);16;13
(1, 8, 10, 13);23;13
(1, 8, 11, 13);19;13
(1, 8, 12, 13);25;13
(1, 9, 10, 13);20;13
(1, 9, 11, 13);2;13
(1, 9, 12, 13);24;13
(1, 10, 11, 13);20;13
(1, 10, 12, 13);25;13
(1, 11, 12, 13);24;13
(2, 3, 4, 13);17;13
(2, 3, 5, 13);15;13
(2, 3, 6, 13);16;21
(2, 3, 7, 13);5;13
(2, 3, 8, 13);5;13
(2, 3, 9, 13);11;13
(2, 3, 10, 13);32;44
(2, 3, 11, 13);24;13
(2, 3, 12, 13);5;13
(2, 4, 5, 13);15;13
(2, 4, 6, 13);8;13
(2, 4, 7, 13);3;13
(2, 4, 8, 13);17;13
(2, 4, 9, 13);17;13
(2, 4, 10, 13);3;14
(2, 4, 11, 13);15;13
(2, 4, 12, 13);15;13
(2, 5, 6, 13);11;13
(2, 5, 7, 13);3;33
(2, 5, 8, 13);21;13
(2, 5, 9, 13);18;13
(2, 5, 10, 13);15;13
(2, 5, 11, 13);60;13
(2, 5, 12, 13);25;13
(2, 6, 7, 13);19;13
(2, 6, 8, 13);15;13
(2, 6, 9, 13);15;13
(2, 6, 10, 13);23;13
(2, 6, 11, 13);23;13
(2, 6, 12, 13);19;18
(2, 7, 8, 13);15;13
(2, 7, 9, 13);15;13
(2, 7, 10, 13);20;13
(2, 7, 11, 13);24;13
(2, 7, 12, 13);5;17
(2, 8, 9, 13);11;26
(2, 8, 10, 13);34;13
(2, 8, 11, 13);24;18
(2, 8, 12, 13);5;19
(2, 9, 10, 13);19;13
(2, 9, 11, 13);42;13
(2, 9, 12, 13);25;13
(2, 10, 11, 13);23;13
(2, 10, 12, 13);23;13
(2, 11, 12, 13);23;13
(3, 4, 5, 13);8;13
(3, 4, 6, 13);9;13
(3, 4, 7, 13);10;13
(3, 4, 8, 13);17;13
(3, 4, 9, 13);17;51
(3, 4, 10, 13);23;13
(3, 4, 11, 13);8;19
(3, 4, 12, 13);16;13
(3, 5, 6, 13);9;13
(3, 5, 7, 13);10;13
(3, 5, 8, 13);38;31
(3, 5, 9, 13);2;18
(3, 5, 10, 13);23;13
(3, 5, 11, 13);8;13
(3, 5, 12, 13);8;13
(3, 6, 7, 13);10;13
(3, 6, 8, 13);16;21
(3, 6, 9, 13);4;30
(3, 6, 10, 13);16;13
(3, 6, 11, 13);17;13
(3, 6, 12, 13);9;13
(3, 7, 8, 13);5;13
(3, 7, 9, 13);16;13
(3, 7, 10, 13);54;13
(3, 7, 11, 13);2;18
(3, 7, 12, 13);5;19
(3, 8, 9, 13);22;13
(3, 8, 10, 13);43;37
(3, 8, 11, 13);58;13
(3, 8, 12, 13);5;16
(3, 9, 10, 13);22;13
(3, 9, 11, 13);22;13
(3, 9, 12, 13);22;13
(3, 10, 11, 13);22;13
(3, 10, 12, 13);22;13
(3, 11, 12, 13);8;30
(4, 5, 6, 13);19;13
(4, 5, 7, 13);20;13
(4, 5, 8, 13);37;18
(4, 5, 9, 13);17;13
(4, 5, 10, 13);3;41
(4, 5, 11, 13);8;17
(4, 5, 12, 13);17;13
(4, 6, 7, 13);20;13
(4, 6, 8, 13);12;19
(4, 6, 9, 13);17;13
(4, 6, 10, 13);17;13
(4, 6, 11, 13);17;13
(4, 6, 12, 13);18;13
(4, 7, 8, 13);11;20
(4, 7, 9, 13);17;13
(4, 7, 10, 13);17;13
(4, 7, 11, 13);17;13
(4, 7, 12, 13);25;38
(4, 8, 9, 13);17;13
(4, 8, 10, 13);17;13
(4, 8, 11, 13);17;13
(4, 8, 12, 13);17;13
(4, 9, 10, 13);39;39
(4, 9, 11, 13);42;20
(4, 9, 12, 13);40;13
(4, 10, 11, 13);23;13
(4, 10, 12, 13);23;13
(4, 11, 12, 13);24;13
(5, 6, 7, 13);20;13
(5, 6, 8, 13);18;13
(5, 6, 9, 13);18;13
(5, 6, 10, 13);18;13
(5, 6, 11, 13);18;13
(5, 6, 12, 13);18;13
(5, 7, 8, 13);18;13
(5, 7, 9, 13);18;13
(5, 7, 10, 13);18;13
(5, 7, 11, 13);18;13
(5, 7, 12, 13);18;13
(5, 8, 9, 13);18;13
(5, 8, 10, 13);18;13
(5, 8, 11, 13);18;13
(5, 8, 12, 13);18;13
(5, 9, 10, 13);18;13
(5, 9, 11, 13);18;13
(5, 9, 12, 13);18;13
(5, 10, 11, 13);18;13
(5, 10, 12, 13);18;13
(5, 11, 12, 13);8;23
(6, 7, 8, 13);19;13
(6, 7, 9, 13);19;13
(6, 7, 10, 13);19;13
(6, 7, 11, 13);19;13
(6, 7, 12, 13);19;13
(6, 8, 9, 13);19;13
(6, 8, 10, 13);19;13
(6, 8, 11, 13);19;13
(6, 8, 12, 13);19;13
(6, 9, 10, 13);19;13
(6, 9, 11, 13);19;13
(6, 9, 12, 13);19;13
(6, 10, 11, 13);19;13
(6, 10, 12, 13);19;13
(6, 11, 12, 13);19;13
(7, 8, 9, 13);20;13
(7, 8, 10, 13);20;13
(7, 8, 11, 13);20;13
(7, 8, 12, 13);20;13
(7, 9, 10, 13);20;13
(7, 9, 11, 13);20;13
(7, 9, 12, 13);20;13
(7, 10, 11, 13);20;13
(7, 10, 12, 13);20;13
(7, 11, 12, 13);20;13
(8, 9, 10, 13);21;13
(8, 9, 11, 13);21;13
(8, 9, 12, 13);21;13
(8, 10, 11, 13);21;13
(8, 10, 12, 13);21;13
(8, 11, 12, 13);21;13
(9, 10, 11, 13);22;13
(9, 10, 12, 13);22;13
(9, 11, 12, 13);22;13
(10, 11, 12, 13);23;13
