S;p;l
(1, 2, 3, 21);4;21
(1, 2, 4, 21);23;21
(1, 2, 5, 21);22;21
(1, 2, 6, 21);22;21
(1, 2, 7, 21);23;21
(1, 2, 8, 21);22;21
(1, 2, 9, 21);10;21
(1, 2, 10, 21);23;21
(1, 2, 11, 21);22;21
(1, 2, 12, 21);13;21
(1, 2, 13, 21);23;21
(1, 2, 14, 21);22;21
(1, 2, 15, 21);16;21
(1, 2, 16, 21);23;21
(1, 2, 17, 21);22;21
(1, 2, 18, 21);19;21
(1, 2, 19, 21);23;21
(1, 2, 20, 21);22;21
(1, 3, 4, 21);22;21
(1, 3, 5, 21);2;21
(1, 3, 6, 21);9;21
(1, 3, 7, 21);2;21
(1, 3, 8, 21);11;21
(1, 3, 9, 21);2;21
(1, 3, 10, 21);24;21
(1, 3, 11, 21);2;21
(1, 3, 12, 21);24;21
(1, 3, 13, 21);2;21
(1, 3, 14, 21);24;25
(1, 3, 15, 21);2;21
(1, 3, 16, 21);66;91
(1, 3, 17, 21);2;21
(1, 3, 18, 21);36;21
(1, 3, 19, 21);2;21
(1, 3, 20, 21);40;21
(1, 4, 5, 21);8;21
(1, 4, 6, 21);5;21
(1, 4, 7, 21);22;23
(1, 4, 8, 21);29;21
(1, 4, 9, 21);5;21
(1, 4, 10, 21);11;27
(1, 4, 11, 21);5;21
(1, 4, 12, 21);11;70
(1, 4, 13, 21);17;21
(1, 4, 14, 21);5;21
(1, 4, 15, 21);22;67
(1, 4, 16, 21);5;21
(1, 4, 17, 21);38;21
(1, 4, 18, 21);22;21
(1, 4, 19, 21);5;21
(1, 4, 20, 21);41;24
(1, 5, 6, 21);11;21
(1, 5, 7, 21);2;21
(1, 5, 8, 21);13;21
(1, 5, 9, 21);2;21
(1, 5, 10, 21);26;21
(1, 5, 11, 21);2;21
(1, 5, 12, 21);26;21
(1, 5, 13, 21);2;21
(1, 5, 14, 21);26;70
(1, 5, 15, 21);2;21
(1, 5, 16, 21);32;21
(1, 5, 17, 21);2;21
(1, 5, 18, 21);36;21
(1, 5, 19, 21);2;21
(1, 5, 20, 21);40;21
(1, 6, 7, 21);12;21
(1, 6, 8, 21);27;21
(1, 6, 9, 21);5;21
(1, 6, 10, 21);27;21
(1, 6, 11, 21);22;23
(1, 6, 12, 21);9;21
(1, 6, 13, 21);34;43
(1, 6, 14, 21);5;59
(1, 6, 15, 21);9;61
(1, 6, 16, 21);22;21
(1, 6, 17, 21);27;27
(1, 6, 18, 21);39;23
(1, 6, 19, 21);27;21
(1, 6, 20, 21);106;21
(1, 7, 8, 21);28;21
(1, 7, 9, 21);2;21
(1, 7, 10, 21);11;47
(1, 7, 11, 21);2;21
(1, 7, 12, 21);28;22
(1, 7, 13, 21);2;21
(1, 7, 14, 21);28;21
(1, 7, 15, 21);2;21
(1, 7, 16, 21);32;21
(1, 7, 17, 21);2;21
(1, 7, 18, 21);36;21
(1, 7, 19, 21);2;21
(1, 7, 20, 21);40;21
(1, 8, 9, 21);16;21
(1, 8, 10, 21);29;21
(1, 8, 11, 21);22;47
(1, 8, 12, 21);20;21
(1, 8, 13, 21);34;21
(1, 8, 14, 21);22;21
(1, 8, 15, 21);36;21
(1, 8, 16, 21);24;24
(1, 8, 17, 21);38;21
(1, 8, 18, 21);13;26
(1, 8, 19, 21);29;21
(1, 8, 20, 21);189;279
(1, 9, 10, 21);11;44
(1, 9, 11, 21);2;21
(1, 9, 12, 21);24;21
(1, 9, 13, 21);2;21
(1, 9, 14, 21);28;21
(1, 9, 15, 21);2;21
(1, 9, 16, 21);32;21
(1, 9, 17, 21);2;21
(1, 9, 18, 21);36;21
(1, 9, 19, 21);2;21
(1, 9, 20, 21);40;21
(1, 10, 11, 21);20;21
(1, 10, 12, 21);11;21
(1, 10, 13, 21);14;37
(1, 10, 14, 21);35;21
(1, 10, 15, 21);36;21
(1, 10, 16, 21);37;21
(1, 10, 17, 21);38;21
(1, 10, 18, 21);39;21
(1, 10, 19, 21);20;21
(1, 10, 20, 21);41;21
(1, 11, 12, 21);24;21
(1, 11, 13, 21);2;21
(1, 11, 14, 21);28;21
(1, 11, 15, 21);2;21
(1, 11, 16, 21);32;21
(1, 11, 17, 21);2;21
(1, 11, 18, 21);36;21
(1, 11, 19, 21);2;21
(1, 11, 20, 21);40;21
(1, 12, 13, 21);24;21
(1, 12, 14, 21);35;21
(1, 12, 15, 21);11;68
(1, 12, 16, 21);37;21
(1, 12, 17, 21);29;21
(1, 12, 18, 21);39;21
(1, 12, 19, 21);31;21
(1, 12, 20, 21);41;21
(1, 13, 14, 21);28;21
(1, 13, 15, 21);2;21
(1, 13, 16, 21);32;21
(1, 13, 17, 21);2;21
(1, 13, 18, 21);36;21
(1, 13, 19, 21);2;21
(1, 13, 20, 21);40;21
(1, 14, 15, 21);28;21
(1, 14, 16, 21);37;21
(1, 14, 17, 21);31;37
(1, 14, 18, 21);39;21
(1, 14, 19, 21);33;21
(1, 14, 20, 21);41;21
(1, 15, 16, 21);32;21
(1, 15, 17, 21);2;21
(1, 15, 18, 21);36;21
(1, 15, 19, 21);2;21
(1, 15, 20, 21);40;21
(1, 16, 17, 21);32;21
(1, 16, 18, 21);39;21
(1, 16, 19, 21);35;21
(1, 16, 20, 21);41;21
(1, 17, 18, 21);36;21
(1, 17, 19, 21);2;21
(1, 17, 20, 21);40;21
(1, 18, 19, 21);36;21
(1, 18, 20, 21);41;21
(1, 19, 20, 21);40;21
(2, 3, 4, 21);6;21
(2, 3, 5, 21);23;21
(2, 3, 6, 21);9;21
(2, 3, 7, 21);24;21
(2, 3, 8, 21);29;21
(2, 3, 9, 21);23;21
(2, 3, 10, 21);12;21
(2, 3, 11, 21);14;21
(2, 3, 12, 21);24;21
(2, 3, 13, 21);34;21
(2, 3, 14, 21);23;25
(2, 3, 15, 21);23;21
(2, 3, 16, 21);19;21
(2, 3, 17, 21);24;21
(2, 3, 18, 21);39;21
(2, 3, 19, 21);218;21
(2, 3, 20, 21);23;21
(2, 4, 5, 21);23;21
(2, 4, 6, 21);8;21
(2, 4, 7, 21);23;21
(2, 4, 8, 21);6;21
(2, 4, 9, 21);6;21
(2, 4, 10, 21);6;21
(2, 4, 11, 21);38;21
(2, 4, 12, 21);23;21
(2, 4, 13, 21);23;21
(2, 4, 14, 21);6;21
(2, 4, 15, 21);6;21
(2, 4, 16, 21);6;21
(2, 4, 17, 21);19;21
(2, 4, 18, 21);20;22
(2, 4, 19, 21);23;21
(2, 4, 20, 21);6;21
(2, 5, 6, 21);26;21
(2, 5, 7, 21);23;21
(2, 5, 8, 21);23;21
(2, 5, 9, 21);26;48
(2, 5, 10, 21);15;21
(2, 5, 11, 21);13;21
(2, 5, 12, 21);33;43
(2, 5, 13, 21);26;21
(2, 5, 14, 21);16;38
(2, 5, 15, 21);23;24
(2, 5, 16, 21);37;50
(2, 5, 17, 21);26;25
(2, 5, 18, 21);23;21
(2, 5, 19, 21);64;35
(2, 5, 20, 21);26;50
(2, 6, 7, 21);27;21
(2, 6, 8, 21);14;21
(2, 6, 9, 21);15;21
(2, 6, 10, 21);31;21
(2, 6, 11, 21);27;53
(2, 6, 12, 21);9;25
(2, 6, 13, 21);19;21
(2, 6, 14, 21);35;21
(2, 6, 15, 21);66;21
(2, 6, 16, 21);27;49
(2, 6, 17, 21);23;21
(2, 6, 18, 21);39;21
(2, 6, 19, 21);39;21
(2, 6, 20, 21);27;53
(2, 7, 8, 21);29;21
(2, 7, 9, 21);15;21
(2, 7, 10, 21);28;53
(2, 7, 11, 21);32;21
(2, 7, 12, 21);14;21
(2, 7, 13, 21);34;21
(2, 7, 14, 21);28;21
(2, 7, 15, 21);36;21
(2, 7, 16, 21);23;21
(2, 7, 17, 21);19;21
(2, 7, 18, 21);28;48
(2, 7, 19, 21);40;21
(2, 7, 20, 21);41;21
(2, 8, 9, 21);40;41
(2, 8, 10, 21);47;22
(2, 8, 11, 21);13;35
(2, 8, 12, 21);29;21
(2, 8, 13, 21);34;64
(2, 8, 14, 21);16;33
(2, 8, 15, 21);23;21
(2, 8, 16, 21);24;28
(2, 8, 17, 21);29;21
(2, 8, 18, 21);23;52
(2, 8, 19, 21);145;27
(2, 8, 20, 21);28;27
(2, 9, 10, 21);19;21
(2, 9, 11, 21);10;90
(2, 9, 12, 21);33;21
(2, 9, 13, 21);30;21
(2, 9, 14, 21);23;21
(2, 9, 15, 21);30;21
(2, 9, 16, 21);37;21
(2, 9, 17, 21);30;21
(2, 9, 18, 21);27;54
(2, 9, 19, 21);180;21
(2, 9, 20, 21);41;21
(2, 10, 11, 21);31;21
(2, 10, 12, 21);23;21
(2, 10, 13, 21);23;21
(2, 10, 14, 21);35;21
(2, 10, 15, 21);66;21
(2, 10, 16, 21);58;21
(2, 10, 17, 21);27;21
(2, 10, 18, 21);39;21
(2, 10, 19, 21);39;21
(2, 10, 20, 21);31;30
(2, 11, 12, 21);23;21
(2, 11, 13, 21);23;21
(2, 11, 14, 21);32;21
(2, 11, 15, 21);36;21
(2, 11, 16, 21);32;25
(2, 11, 17, 21);28;21
(2, 11, 18, 21);32;45
(2, 11, 19, 21);40;21
(2, 11, 20, 21);41;25
(2, 12, 13, 21);34;38
(2, 12, 14, 21);50;21
(2, 12, 15, 21);9;49
(2, 12, 16, 21);14;30
(2, 12, 17, 21);19;32
(2, 12, 18, 21);33;46
(2, 12, 19, 21);109;213
(2, 12, 20, 21);32;31
(2, 13, 14, 21);27;21
(2, 13, 15, 21);58;21
(2, 13, 16, 21);37;21
(2, 13, 17, 21);34;21
(2, 13, 18, 21);31;62
(2, 13, 19, 21);146;21
(2, 13, 20, 21);41;21
(2, 14, 15, 21);35;21
(2, 14, 16, 21);31;21
(2, 14, 17, 21);31;21
(2, 14, 18, 21);39;21
(2, 14, 19, 21);39;21
(2, 14, 20, 21);35;34
(2, 15, 16, 21);36;30
(2, 15, 17, 21);31;21
(2, 15, 18, 21);36;21
(2, 15, 19, 21);40;21
(2, 15, 20, 21);36;25
(2, 16, 17, 21);33;58
(2, 16, 18, 21);66;21
(2, 16, 19, 21);40;34
(2, 16, 20, 21);41;35
(2, 17, 18, 21);35;21
(2, 17, 19, 21);74;21
(2, 17, 20, 21);41;21
(2, 18, 19, 21);39;21
(2, 18, 20, 21);39;21
(2, 19, 20, 21);39;21
(3, 4, 5, 21);8;21
(3, 4, 6, 21);9;21
(3, 4, 7, 21);58;53
(3, 4, 8, 21);12;21
(3, 4, 9, 21);25;21
(3, 4, 10, 21);25;58
(3, 4, 11, 21);8;58
(3, 4, 12, 21);24;21
(3, 4, 13, 21);8;21
(3, 4, 14, 21);17;21
(3, 4, 15, 21);25;22
(3, 4, 16, 21);25;45
(3, 4, 17, 21);38;52
(3, 4, 18, 21);39;27
(3, 4, 19, 21);8;74
(3, 4, 20, 21);24;21
(3, 5, 6, 21);9;21
(3, 5, 7, 21);2;36
(3, 5, 8, 21);24;21
(3, 5, 9, 21);2;26
(3, 5, 10, 21);39;35
(3, 5, 11, 21);8;21
(3, 5, 12, 21);8;21
(3, 5, 13, 21);8;21
(3, 5, 14, 21);17;21
(3, 5, 15, 21);18;21
(3, 5, 16, 21);70;138
(3, 5, 17, 21);2;34
(3, 5, 18, 21);39;21
(3, 5, 19, 21);8;21
(3, 5, 20, 21);8;21
(3, 6, 7, 21);9;37
(3, 6, 8, 21);24;21
(3, 6, 9, 21);12;21
(3, 6, 10, 21);9;51
(3, 6, 11, 21);41;21
(3, 6, 12, 21);9;21
(3, 6, 13, 21);9;21
(3, 6, 14, 21);9;21
(3, 6, 15, 21);9;21
(3, 6, 16, 21);9;22
(3, 6, 17, 21);23;22
(3, 6, 18, 21);24;21
(3, 6, 19, 21);25;21
(3, 6, 20, 21);26;21
(3, 7, 8, 21);39;21
(3, 7, 9, 21);2;26
(3, 7, 10, 21);45;21
(3, 7, 11, 21);14;21
(3, 7, 12, 21);24;21
(3, 7, 13, 21);2;36
(3, 7, 14, 21);28;21
(3, 7, 15, 21);2;54
(3, 7, 16, 21);19;22
(3, 7, 17, 21);24;21
(3, 7, 18, 21);39;25
(3, 7, 19, 21);2;36
(3, 7, 20, 21);23;69
(3, 8, 9, 21);29;21
(3, 8, 10, 21);18;21
(3, 8, 11, 21);19;52
(3, 8, 12, 21);29;25
(3, 8, 13, 21);34;21
(3, 8, 14, 21);29;32
(3, 8, 15, 21);29;24
(3, 8, 16, 21);24;21
(3, 8, 17, 21);29;75
(3, 8, 18, 21);13;128
(3, 8, 19, 21);40;21
(3, 8, 20, 21);29;55
(3, 9, 10, 21);31;21
(3, 9, 11, 21);2;32
(3, 9, 12, 21);24;21
(3, 9, 13, 21);2;32
(3, 9, 14, 21);35;21
(3, 9, 15, 21);6;21
(3, 9, 16, 21);37;21
(3, 9, 17, 21);2;38
(3, 9, 18, 21);36;21
(3, 9, 19, 21);2;38
(3, 9, 20, 21);41;21
(3, 10, 11, 21);32;21
(3, 10, 12, 21);24;66
(3, 10, 13, 21);24;21
(3, 10, 14, 21);24;21
(3, 10, 15, 21);31;21
(3, 10, 16, 21);31;69
(3, 10, 17, 21);38;21
(3, 10, 18, 21);141;21
(3, 10, 19, 21);97;21
(3, 10, 20, 21);30;58
(3, 11, 12, 21);8;50
(3, 11, 13, 21);24;21
(3, 11, 14, 21);24;21
(3, 11, 15, 21);2;32
(3, 11, 16, 21);32;21
(3, 11, 17, 21);2;78
(3, 11, 18, 21);144;21
(3, 11, 19, 21);2;64
(3, 11, 20, 21);8;38
(3, 12, 13, 21);8;40
(3, 12, 14, 21);24;75
(3, 12, 15, 21);24;21
(3, 12, 16, 21);19;75
(3, 12, 17, 21);24;64
(3, 12, 18, 21);39;21
(3, 12, 19, 21);8;66
(3, 12, 20, 21);24;27
(3, 13, 14, 21);34;21
(3, 13, 15, 21);2;32
(3, 13, 16, 21);84;21
(3, 13, 17, 21);2;56
(3, 13, 18, 21);180;21
(3, 13, 19, 21);2;82
(3, 13, 20, 21);34;83
(3, 14, 15, 21);35;21
(3, 14, 16, 21);30;21
(3, 14, 17, 21);96;21
(3, 14, 18, 21);71;21
(3, 14, 19, 21);40;21
(3, 14, 20, 21);35;79
(3, 15, 16, 21);37;21
(3, 15, 17, 21);2;38
(3, 15, 18, 21);36;21
(3, 15, 19, 21);2;38
(3, 15, 20, 21);41;21
(3, 16, 17, 21);38;21
(3, 16, 18, 21);36;21
(3, 16, 19, 21);36;21
(3, 16, 20, 21);36;21
(3, 17, 18, 21);36;21
(3, 17, 19, 21);36;21
(3, 17, 20, 21);36;21
(3, 18, 19, 21);36;21
(3, 18, 20, 21);36;21
(3, 19, 20, 21);40;21
(4, 5, 6, 21);27;21
(4, 5, 7, 21);25;21
(4, 5, 8, 21);25;21
(4, 5, 9, 21);13;21
(4, 5, 10, 21);52;53
(4, 5, 11, 21);16;21
(4, 5, 12, 21);17;21
(4, 5, 13, 21);26;21
(4, 5, 14, 21);35;21
(4, 5, 15, 21);36;21
(4, 5, 16, 21);37;53
(4, 5, 17, 21);226;21
(4, 5, 18, 21);59;59
(4, 5, 19, 21);8;73
(4, 5, 20, 21);25;21
(4, 6, 7, 21);25;21
(4, 6, 8, 21);25;21
(4, 6, 9, 21);13;21
(4, 6, 10, 21);14;21
(4, 6, 11, 21);5;27
(4, 6, 12, 21);9;21
(4, 6, 13, 21);27;21
(4, 6, 14, 21);27;78
(4, 6, 15, 21);9;82
(4, 6, 16, 21);5;57
(4, 6, 17, 21);243;28
(4, 6, 18, 21);25;47
(4, 6, 19, 21);25;21
(4, 6, 20, 21);25;21
(4, 7, 8, 21);25;21
(4, 7, 9, 21);13;21
(4, 7, 10, 21);14;21
(4, 7, 11, 21);15;21
(4, 7, 12, 21);33;47
(4, 7, 13, 21);17;40
(4, 7, 14, 21);28;21
(4, 7, 15, 21);36;38
(4, 7, 16, 21);37;79
(4, 7, 17, 21);25;29
(4, 7, 18, 21);25;21
(4, 7, 19, 21);25;21
(4, 7, 20, 21);25;21
(4, 8, 9, 21);13;21
(4, 8, 10, 21);14;21
(4, 8, 11, 21);15;21
(4, 8, 12, 21);16;21
(4, 8, 13, 21);77;21
(4, 8, 14, 21);47;25
(4, 8, 15, 21);6;29
(4, 8, 16, 21);12;29
(4, 8, 17, 21);25;21
(4, 8, 18, 21);25;21
(4, 8, 19, 21);25;21
(4, 8, 20, 21);25;21
(4, 9, 10, 21);44;36
(4, 9, 11, 21);15;37
(4, 9, 12, 21);48;21
(4, 9, 13, 21);76;21
(4, 9, 14, 21);18;21
(4, 9, 15, 21);25;21
(4, 9, 16, 21);25;21
(4, 9, 17, 21);38;21
(4, 9, 18, 21);52;21
(4, 9, 19, 21);5;64
(4, 9, 20, 21);24;59
(4, 10, 11, 21);31;21
(4, 10, 12, 21);31;21
(4, 10, 13, 21);17;40
(4, 10, 14, 21);6;133
(4, 10, 15, 21);25;21
(4, 10, 16, 21);25;42
(4, 10, 17, 21);103;21
(4, 10, 18, 21);14;70
(4, 10, 19, 21);31;34
(4, 10, 20, 21);31;21
(4, 11, 12, 21);32;21
(4, 11, 13, 21);8;48
(4, 11, 14, 21);25;21
(4, 11, 15, 21);108;21
(4, 11, 16, 21);32;21
(4, 11, 17, 21);138;21
(4, 11, 18, 21);39;21
(4, 11, 19, 21);8;108
(4, 11, 20, 21);32;32
(4, 12, 13, 21);25;21
(4, 12, 14, 21);26;22
(4, 12, 15, 21);33;96
(4, 12, 16, 21);124;21
(4, 12, 17, 21);140;21
(4, 12, 18, 21);33;39
(4, 12, 19, 21);40;21
(4, 12, 20, 21);41;21
(4, 13, 14, 21);35;21
(4, 13, 15, 21);36;21
(4, 13, 16, 21);37;105
(4, 13, 17, 21);33;21
(4, 13, 18, 21);31;91
(4, 13, 19, 21);8;64
(4, 13, 20, 21);33;21
(4, 14, 15, 21);36;21
(4, 14, 16, 21);5;65
(4, 14, 17, 21);33;21
(4, 14, 18, 21);33;21
(4, 14, 19, 21);33;21
(4, 14, 20, 21);34;21
(4, 15, 16, 21);25;80
(4, 15, 17, 21);33;21
(4, 15, 18, 21);33;21
(4, 15, 19, 21);33;21
(4, 15, 20, 21);41;74
(4, 16, 17, 21);33;21
(4, 16, 18, 21);33;21
(4, 16, 19, 21);33;21
(4, 16, 20, 21);33;21
(4, 17, 18, 21);71;71
(4, 17, 19, 21);74;36
(4, 17, 20, 21);72;21
(4, 18, 19, 21);39;21
(4, 18, 20, 21);39;21
(4, 19, 20, 21);40;21
(5, 6, 7, 21);26;21
(5, 6, 8, 21);13;21
(5, 6, 9, 21);14;21
(5, 6, 10, 21);15;21
(5, 6, 11, 21);16;21
(5, 6, 12, 21);9;32
(5, 6, 13, 21);27;21
(5, 6, 14, 21);27;43
(5, 6, 15, 21);92;119
(5, 6, 16, 21);37;21
(5, 6, 17, 21);38;31
(5, 6, 18, 21);13;31
(5, 6, 19, 21);26;31
(5, 6, 20, 21);26;21
(5, 7, 8, 21);13;21
(5, 7, 9, 21);14;21
(5, 7, 10, 21);15;21
(5, 7, 11, 21);16;21
(5, 7, 12, 21);61;22
(5, 7, 13, 21);2;56
(5, 7, 14, 21);28;21
(5, 7, 15, 21);2;40
(5, 7, 16, 21);37;21
(5, 7, 17, 21);38;21
(5, 7, 18, 21);13;31
(5, 7, 19, 21);26;21
(5, 7, 20, 21);26;21
(5, 8, 9, 21);14;21
(5, 8, 10, 21);15;21
(5, 8, 11, 21);16;21
(5, 8, 12, 21);33;21
(5, 8, 13, 21);106;50
(5, 8, 14, 21);35;60
(5, 8, 15, 21);36;29
(5, 8, 16, 21);37;21
(5, 8, 17, 21);38;21
(5, 8, 18, 21);13;21
(5, 8, 19, 21);13;21
(5, 8, 20, 21);13;21
(5, 9, 10, 21);15;21
(5, 9, 11, 21);16;21
(5, 9, 12, 21);33;21
(5, 9, 13, 21);2;64
(5, 9, 14, 21);19;162
(5, 9, 15, 21);2;54
(5, 9, 16, 21);25;22
(5, 9, 17, 21);26;21
(5, 9, 18, 21);27;21
(5, 9, 19, 21);14;21
(5, 9, 20, 21);14;21
(5, 10, 11, 21);16;21
(5, 10, 12, 21);48;22
(5, 10, 13, 21);15;42
(5, 10, 14, 21);50;61
(5, 10, 15, 21);26;50
(5, 10, 16, 21);26;21
(5, 10, 17, 21);27;21
(5, 10, 18, 21);28;21
(5, 10, 19, 21);29;21
(5, 10, 20, 21);15;21
(5, 11, 12, 21);16;21
(5, 11, 13, 21);8;23
(5, 11, 14, 21);25;23
(5, 11, 15, 21);26;21
(5, 11, 16, 21);140;21
(5, 11, 17, 21);2;56
(5, 11, 18, 21);29;29
(5, 11, 19, 21);2;60
(5, 11, 20, 21);16;31
(5, 12, 13, 21);17;21
(5, 12, 14, 21);26;21
(5, 12, 15, 21);9;51
(5, 12, 16, 21);235;87
(5, 12, 17, 21);150;59
(5, 12, 18, 21);33;96
(5, 12, 19, 21);8;66
(5, 12, 20, 21);25;26
(5, 13, 14, 21);35;27
(5, 13, 15, 21);36;21
(5, 13, 16, 21);106;60
(5, 13, 17, 21);2;64
(5, 13, 18, 21);154;21
(5, 13, 19, 21);2;62
(5, 13, 20, 21);25;26
(5, 14, 15, 21);36;21
(5, 14, 16, 21);37;35
(5, 14, 17, 21);35;32
(5, 14, 18, 21);35;33
(5, 14, 19, 21);166;35
(5, 14, 20, 21);34;26
(5, 15, 16, 21);36;21
(5, 15, 17, 21);36;21
(5, 15, 18, 21);36;21
(5, 15, 19, 21);36;21
(5, 15, 20, 21);36;21
(5, 16, 17, 21);36;21
(5, 16, 18, 21);36;21
(5, 16, 19, 21);36;21
(5, 16, 20, 21);36;21
(5, 17, 18, 21);36;48
(5, 17, 19, 21);2;102
(5, 17, 20, 21);38;48
(5, 18, 19, 21);13;49
(5, 18, 20, 21);13;49
(5, 19, 20, 21);26;50
(6, 7, 8, 21);14;21
(6, 7, 9, 21);15;21
(6, 7, 10, 21);31;21
(6, 7, 11, 21);32;21
(6, 7, 12, 21);9;37
(6, 7, 13, 21);28;25
(6, 7, 14, 21);28;21
(6, 7, 15, 21);66;25
(6, 7, 16, 21);27;36
(6, 7, 17, 21);38;21
(6, 7, 18, 21);39;21
(6, 7, 19, 21);40;21
(6, 7, 20, 21);27;21
(6, 8, 9, 21);15;21
(6, 8, 10, 21);31;21
(6, 8, 11, 21);32;21
(6, 8, 12, 21);47;75
(6, 8, 13, 21);15;132
(6, 8, 14, 21);20;182
(6, 8, 15, 21);53;52
(6, 8, 16, 21);51;161
(6, 8, 17, 21);38;39
(6, 8, 18, 21);13;25
(6, 8, 19, 21);27;21
(6, 8, 20, 21);14;21
(6, 9, 10, 21);31;21
(6, 9, 11, 21);32;21
(6, 9, 12, 21);33;21
(6, 9, 13, 21);15;30
(6, 9, 14, 21);23;91
(6, 9, 15, 21);27;21
(6, 9, 16, 21);5;92
(6, 9, 17, 21);78;27
(6, 9, 18, 21);27;21
(6, 9, 19, 21);28;21
(6, 9, 20, 21);29;21
(6, 10, 11, 21);32;21
(6, 10, 12, 21);49;46
(6, 10, 13, 21);23;39
(6, 10, 14, 21);35;59
(6, 10, 15, 21);27;21
(6, 10, 16, 21);27;21
(6, 10, 17, 21);27;21
(6, 10, 18, 21);28;21
(6, 10, 19, 21);29;21
(6, 10, 20, 21);30;21
(6, 11, 12, 21);17;30
(6, 11, 13, 21);17;25
(6, 11, 14, 21);5;76
(6, 11, 15, 21);27;21
(6, 11, 16, 21);27;21
(6, 11, 17, 21);27;21
(6, 11, 18, 21);39;58
(6, 11, 19, 21);5;134
(6, 11, 20, 21);27;98
(6, 12, 13, 21);9;49
(6, 12, 14, 21);9;76
(6, 12, 15, 21);27;21
(6, 12, 16, 21);27;21
(6, 12, 17, 21);27;21
(6, 12, 18, 21);27;21
(6, 12, 19, 21);9;80
(6, 12, 20, 21);59;83
(6, 13, 14, 21);27;21
(6, 13, 15, 21);9;84
(6, 13, 16, 21);34;88
(6, 13, 17, 21);19;54
(6, 13, 18, 21);31;54
(6, 13, 19, 21);32;113
(6, 13, 20, 21);26;27
(6, 14, 15, 21);101;94
(6, 14, 16, 21);5;112
(6, 14, 17, 21);31;61
(6, 14, 18, 21);39;67
(6, 14, 19, 21);63;21
(6, 14, 20, 21);91;21
(6, 15, 16, 21);9;225
(6, 15, 17, 21);66;62
(6, 15, 18, 21);36;21
(6, 15, 19, 21);66;98
(6, 15, 20, 21);65;21
(6, 16, 17, 21);37;35
(6, 16, 18, 21);37;72
(6, 16, 19, 21);37;21
(6, 16, 20, 21);37;21
(6, 17, 18, 21);38;36
(6, 17, 19, 21);38;21
(6, 17, 20, 21);38;21
(6, 18, 19, 21);39;21
(6, 18, 20, 21);39;21
(6, 19, 20, 21);40;33
(7, 8, 9, 21);30;21
(7, 8, 10, 21);31;21
(7, 8, 11, 21);32;21
(7, 8, 12, 21);29;58
(7, 8, 13, 21);60;73
(7, 8, 14, 21);28;21
(7, 8, 15, 21);28;21
(7, 8, 16, 21);24;109
(7, 8, 17, 21);53;96
(7, 8, 18, 21);13;27
(7, 8, 19, 21);27;27
(7, 8, 20, 21);28;21
(7, 9, 10, 21);31;21
(7, 9, 11, 21);32;21
(7, 9, 12, 21);33;45
(7, 9, 13, 21);2;60
(7, 9, 14, 21);28;21
(7, 9, 15, 21);28;21
(7, 9, 16, 21);28;21
(7, 9, 17, 21);2;86
(7, 9, 18, 21);27;50
(7, 9, 19, 21);28;21
(7, 9, 20, 21);29;28
(7, 10, 11, 21);32;21
(7, 10, 12, 21);11;56
(7, 10, 13, 21);34;34
(7, 10, 14, 21);28;21
(7, 10, 15, 21);28;21
(7, 10, 16, 21);28;21
(7, 10, 17, 21);28;21
(7, 10, 18, 21);28;21
(7, 10, 19, 21);29;56
(7, 10, 20, 21);30;28
(7, 11, 12, 21);23;54
(7, 11, 13, 21);2;58
(7, 11, 14, 21);28;21
(7, 11, 15, 21);28;21
(7, 11, 16, 21);28;21
(7, 11, 17, 21);28;21
(7, 11, 18, 21);28;21
(7, 11, 19, 21);2;90
(7, 11, 20, 21);59;21
(7, 12, 13, 21);25;108
(7, 12, 14, 21);28;21
(7, 12, 15, 21);28;21
(7, 12, 16, 21);28;21
(7, 12, 17, 21);28;21
(7, 12, 18, 21);28;21
(7, 12, 19, 21);28;21
(7, 12, 20, 21);32;123
(7, 13, 14, 21);28;21
(7, 13, 15, 21);28;21
(7, 13, 16, 21);28;21
(7, 13, 17, 21);28;21
(7, 13, 18, 21);28;21
(7, 13, 19, 21);28;21
(7, 13, 20, 21);28;21
(7, 14, 15, 21);28;21
(7, 14, 16, 21);28;21
(7, 14, 17, 21);28;21
(7, 14, 18, 21);28;21
(7, 14, 19, 21);28;21
(7, 14, 20, 21);28;21
(7, 15, 16, 21);31;180
(7, 15, 17, 21);2;62
(7, 15, 18, 21);36;33
(7, 15, 19, 21);2;60
(7, 15, 20, 21);41;99
(7, 16, 17, 21);33;94
(7, 16, 18, 21);34;67
(7, 16, 19, 21);40;177
(7, 16, 20, 21);41;76
(7, 17, 18, 21);38;21
(7, 17, 19, 21);38;21
(7, 17, 20, 21);38;21
(7, 18, 19, 21);39;21
(7, 18, 20, 21);39;21
(7, 19, 20, 21);40;21
(8, 9, 10, 21);31;21
(8, 9, 11, 21);32;21
(8, 9, 12, 21);30;90
(8, 9, 13, 21);29;21
(8, 9, 14, 21);29;21
(8, 9, 15, 21);29;21
(8, 9, 16, 21);29;21
(8, 9, 17, 21);29;21
(8, 9, 18, 21);56;54
(8, 9, 19, 21);28;28
(8, 9, 20, 21);29;21
(8, 10, 11, 21);32;21
(8, 10, 12, 21);20;56
(8, 10, 13, 21);29;21
(8, 10, 14, 21);29;21
(8, 10, 15, 21);29;21
(8, 10, 16, 21);29;21
(8, 10, 17, 21);29;21
(8, 10, 18, 21);29;21
(8, 10, 19, 21);29;21
(8, 10, 20, 21);30;21
(8, 11, 12, 21);42;107
(8, 11, 13, 21);29;21
(8, 11, 14, 21);29;21
(8, 11, 15, 21);29;21
(8, 11, 16, 21);29;21
(8, 11, 17, 21);29;21
(8, 11, 18, 21);29;21
(8, 11, 19, 21);29;21
(8, 11, 20, 21);60;21
(8, 12, 13, 21);29;21
(8, 12, 14, 21);29;21
(8, 12, 15, 21);29;21
(8, 12, 16, 21);29;21
(8, 12, 17, 21);29;21
(8, 12, 18, 21);29;21
(8, 12, 19, 21);29;21
(8, 12, 20, 21);29;21
(8, 13, 14, 21);29;21
(8, 13, 15, 21);29;21
(8, 13, 16, 21);29;21
(8, 13, 17, 21);29;21
(8, 13, 18, 21);29;21
(8, 13, 19, 21);29;21
(8, 13, 20, 21);29;21
(8, 14, 15, 21);29;21
(8, 14, 16, 21);29;21
(8, 14, 17, 21);29;21
(8, 14, 18, 21);29;21
(8, 14, 19, 21);29;21
(8, 14, 20, 21);29;21
(8, 15, 16, 21);29;21
(8, 15, 17, 21);29;21
(8, 15, 18, 21);29;21
(8, 15, 19, 21);29;21
(8, 15, 20, 21);29;21
(8, 16, 17, 21);29;21
(8, 16, 18, 21);29;21
(8, 16, 19, 21);29;21
(8, 16, 20, 21);29;21
(8, 17, 18, 21);35;84
(8, 17, 19, 21);38;124
(8, 17, 20, 21);41;170
(8, 18, 19, 21);13;37
(8, 18, 20, 21);13;37
(8, 19, 20, 21);27;29
(9, 10, 11, 21);32;21
(9, 10, 12, 21);30;21
(9, 10, 13, 21);30;21
(9, 10, 14, 21);30;21
(9, 10, 15, 21);30;21
(9, 10, 16, 21);30;21
(9, 10, 17, 21);30;21
(9, 10, 18, 21);30;21
(9, 10, 19, 21);30;21
(9, 10, 20, 21);30;21
(9, 11, 12, 21);30;21
(9, 11, 13, 21);30;21
(9, 11, 14, 21);30;21
(9, 11, 15, 21);30;21
(9, 11, 16, 21);30;21
(9, 11, 17, 21);30;21
(9, 11, 18, 21);30;21
(9, 11, 19, 21);30;21
(9, 11, 20, 21);30;21
(9, 12, 13, 21);30;21
(9, 12, 14, 21);30;21
(9, 12, 15, 21);30;21
(9, 12, 16, 21);30;21
(9, 12, 17, 21);30;21
(9, 12, 18, 21);30;21
(9, 12, 19, 21);30;21
(9, 12, 20, 21);30;21
(9, 13, 14, 21);30;21
(9, 13, 15, 21);30;21
(9, 13, 16, 21);30;21
(9, 13, 17, 21);30;21
(9, 13, 18, 21);30;21
(9, 13, 19, 21);30;21
(9, 13, 20, 21);30;21
(9, 14, 15, 21);30;21
(9, 14, 16, 21);30;21
(9, 14, 17, 21);30;21
(9, 14, 18, 21);30;21
(9, 14, 19, 21);30;21
(9, 14, 20, 21);30;21
(9, 15, 16, 21);30;21
(9, 15, 17, 21);30;21
(9, 15, 18, 21);30;21
(9, 15, 19, 21);30;21
(9, 15, 20, 21);30;21
(9, 16, 17, 21);30;21
(9, 16, 18, 21);30;21
(9, 16, 19, 21);30;21
(9, 16, 20, 21);30;21
(9, 17, 18, 21);30;21
(9, 17, 19, 21);30;21
(9, 17, 20, 21);30;21
(9, 18, 19, 21);30;21
(9, 18, 20, 21);30;21
(9, 19, 20, 21);28;39
(10, 11, 12, 21);31;21
(10, 11, 13, 21);31;21
(10, 11, 14, 21);31;21
(10, 11, 15, 21);31;21
(10, 11, 16, 21);31;21
(10, 11, 17, 21);31;21
(10, 11, 18, 21);31;21
(10, 11, 19, 21);31;21
(10, 11, 20, 21);31;21
(10, 12, 13, 21);31;21
(10, 12, 14, 21);31;21
(10, 12, 15, 21);31;21
(10, 12, 16, 21);31;21
(10, 12, 17, 21);31;21
(10, 12, 18, 21);31;21
(10, 12, 19, 21);31;21
(10, 12, 20, 21);31;21
(10, 13, 14, 21);31;21
(10, 13, 15, 21);31;21
(10, 13, 16, 21);31;21
(10, 13, 17, 21);31;21
(10, 13, 18, 21);31;21
(10, 13, 19, 21);31;21
(10, 13, 20, 21);31;21
(10, 14, 15, 21);31;21
(10, 14, 16, 21);31;21
(10, 14, 17, 21);31;21
(10, 14, 18, 21);31;21
(10, 14, 19, 21);31;21
(10, 14, 20, 21);31;21
(10, 15, 16, 21);31;21
(10, 15, 17, 21);31;21
(10, 15, 18, 21);31;21
(10, 15, 19, 21);31;21
(10, 15, 20, 21);31;21
(10, 16, 17, 21);31;21
(10, 16, 18, 21);31;21
(10, 16, 19, 21);31;21
(10, 16, 20, 21);31;21
(10, 17, 18, 21);31;21
(10, 17, 19, 21);31;21
(10, 17, 20, 21);31;21
(10, 18, 19, 21);31;21
(10, 18, 20, 21);31;21
(10, 19, 20, 21);31;21
(11, 12, 13, 21);32;21
(11, 12, 14, 21);32;21
(11, 12, 15, 21);32;21
(11, 12, 16, 21);32;21
(11, 12, 17, 21);32;21
(11, 12, 18, 21);32;21
(11, 12, 19, 21);32;21
(11, 12, 20, 21);32;21
(11, 13, 14, 21);32;21
(11, 13, 15, 21);32;21
(11, 13, 16, 21);32;21
(11, 13, 17, 21);32;21
(11, 13, 18, 21);32;21
(11, 13, 19, 21);32;21
(11, 13, 20, 21);32;21
(11, 14, 15, 21);32;21
(11, 14, 16, 21);32;21
(11, 14, 17, 21);32;21
(11, 14, 18, 21);32;21
(11, 14, 19, 21);32;21
(11, 14, 20, 21);32;21
(11, 15, 16, 21);32;21
(11, 15, 17, 21);32;21
(11, 15, 18, 21);32;21
(11, 15, 19, 21);32;21
(11, 15, 20, 21);32;21
(11, 16, 17, 21);32;21
(11, 16, 18, 21);32;21
(11, 16, 19, 21);32;21
(11, 16, 20, 21);32;21
(11, 17, 18, 21);32;21
(11, 17, 19, 21);32;21
(11, 17, 20, 21);32;21
(11, 18, 19, 21);32;21
(11, 18, 20, 21);32;21
(11, 19, 20, 21);32;21
(12, 13, 14, 21);33;21
(12, 13, 15, 21);33;21
(12, 13, 16, 21);33;21
(12, 13, 17, 21);33;21
(12, 13, 18, 21);33;21
(12, 13, 19, 21);33;21
(12, 13, 20, 21);33;21
(12, 14, 15, 21);33;21
(12, 14, 16, 21);33;21
(12, 14, 17, 21);33;21
(12, 14, 18, 21);33;21
(12, 14, 19, 21);33;21
(12, 14, 20, 21);33;21
(12, 15, 16, 21);33;21
(12, 15, 17, 21);33;21
(12, 15, 18, 21);33;21
(12, 15, 19, 21);33;21
(12, 15, 20, 21);33;21
(12, 16, 17, 21);33;21
(12, 16, 18, 21);33;21
(12, 16, 19, 21);33;21
(12, 16, 20, 21);33;21
(12, 17, 18, 21);33;21
(12, 17, 19, 21);33;21
(12, 17, 20, 21);33;21
(12, 18, 19, 21);33;21
(12, 18, 20, 21);33;21
(12, 19, 20, 21);33;21
(13, 14, 15, 21);34;21
(13, 14, 16, 21);34;21
(13, 14, 17, 21);34;21
(13, 14, 18, 21);34;21
(13, 14, 19, 21);34;21
(13, 14, 20, 21);34;21
(13, 15, 16, 21);34;21
(13, 15, 17, 21);34;21
(13, 15, 18, 21);34;21
(13, 15, 19, 21);34;21
(13, 15, 20, 21);34;21
(13, 16, 17, 21);34;21
(13, 16, 18, 21);34;21
(13, 16, 19, 21);34;21
(13, 16, 20, 21);34;21
(13, 17, 18, 21);34;21
(13, 17, 19, 21);34;21
(13, 17, 20, 21);34;21
(13, 18, 19, 21);34;21
(13, 18, 20, 21);34;21
(13, 19, 20, 21);34;21
(14, 15, 16, 21);35;21
(14, 15, 17, 21);35;21
(14, 15, 18, 21);35;21
(14, 15, 19, 21);35;21
(14, 15, 20, 21);35;21
(14, 16, 17, 21);35;21
(14, 16, 18, 21);35;21
(14, 16, 19, 21);35;21
(14, 16, 20, 21);35;21
(14, 17, 18, 21);35;21
(14, 17, 19, 21);35;21
(14, 17, 20, 21);35;21
(14, 18, 19, 21);35;21
(14, 18, 20, 21);35;21
(14, 19, 20, 21);35;21
(15, 16, 17, 21);36;21
(15, 16, 18, 21);36;21
(15, 16, 19, 21);36;21
(15, 16, 20, 21);36;21
(15, 17, 18, 21);36;21
(15, 17, 19, 21);36;21
(15, 17, 20, 21);36;21
(15, 18, 19, 21);36;21
(15, 18, 20, 21);36;21
(15, 19, 20, 21);36;21
(16, 17, 18, 21);37;21
(16, 17, 19, 21);37;21
(16, 17, 20, 21);37;21
(16, 18, 19, 21);37;21
(16, 18, 20, 21);37;21
(16, 19, 20, 21);37;21
(17, 18, 19, 21);38;21
(17, 18, 20, 21);38;21
(17, 19, 20, 21);38;21
(18, 19, 20, 21);39;21
