S;p;l
(1, 2, 3, 23);4;23
(1, 2, 4, 23);3;23
(1, 2, 5, 23);3;23
(1, 2, 6, 23);7;23
(1, 2, 7, 23);3;23
(1, 2, 8, 23);3;23
(1, 2, 9, 23);24;23
(1, 2, 10, 23);3;23
(1, 2, 11, 23);3;23
(1, 2, 12, 23);24;23
(1, 2, 13, 23);3;23
(1, 2, 14, 23);3;23
(1, 2, 15, 23);41;23
(1, 2, 16, 23);3;23
(1, 2, 17, 23);3;23
(1, 2, 18, 23);44;23
(1, 2, 19, 23);3;23
(1, 2, 20, 23);3;23
(1, 2, 21, 23);22;23
(1, 2, 22, 23);3;23
(1, 3, 4, 23);26;23
(1, 3, 5, 23);2;23
(1, 3, 6, 23);29;23
(1, 3, 7, 23);2;23
(1, 3, 8, 23);11;23
(1, 3, 9, 23);2;23
(1, 3, 10, 23);13;23
(1, 3, 11, 23);2;23
(1, 3, 12, 23);26;23
(1, 3, 13, 23);2;23
(1, 3, 14, 23);26;25
(1, 3, 15, 23);2;23
(1, 3, 16, 23);13;29
(1, 3, 17, 23);2;23
(1, 3, 18, 23);36;46
(1, 3, 19, 23);2;23
(1, 3, 20, 23);40;23
(1, 3, 21, 23);2;23
(1, 3, 22, 23);44;23
(1, 4, 5, 23);8;23
(1, 4, 6, 23);27;23
(1, 4, 7, 23);8;23
(1, 4, 8, 23);12;23
(1, 4, 9, 23);32;23
(1, 4, 10, 23);11;35
(1, 4, 11, 23);27;23
(1, 4, 12, 23);24;25
(1, 4, 13, 23);17;23
(1, 4, 14, 23);37;23
(1, 4, 15, 23);8;40
(1, 4, 16, 23);27;23
(1, 4, 17, 23);8;47
(1, 4, 18, 23);22;23
(1, 4, 19, 23);42;23
(1, 4, 20, 23);24;23
(1, 4, 21, 23);27;23
(1, 4, 22, 23);70;23
(1, 5, 6, 23);11;23
(1, 5, 7, 23);2;23
(1, 5, 8, 23);13;23
(1, 5, 9, 23);2;23
(1, 5, 10, 23);28;23
(1, 5, 11, 23);2;23
(1, 5, 12, 23);28;23
(1, 5, 13, 23);2;23
(1, 5, 14, 23);28;23
(1, 5, 15, 23);2;23
(1, 5, 16, 23);28;81
(1, 5, 17, 23);2;23
(1, 5, 18, 23);36;23
(1, 5, 19, 23);2;23
(1, 5, 20, 23);40;23
(1, 5, 21, 23);2;23
(1, 5, 22, 23);44;23
(1, 6, 7, 23);12;23
(1, 6, 8, 23);31;23
(1, 6, 9, 23);32;23
(1, 6, 10, 23);29;23
(1, 6, 11, 23);12;23
(1, 6, 12, 23);29;23
(1, 6, 13, 23);12;32
(1, 6, 14, 23);37;23
(1, 6, 15, 23);38;23
(1, 6, 16, 23);17;23
(1, 6, 17, 23);29;63
(1, 6, 18, 23);24;23
(1, 6, 19, 23);29;56
(1, 6, 20, 23);43;25
(1, 6, 21, 23);22;52
(1, 6, 22, 23);45;23
(1, 7, 8, 23);15;23
(1, 7, 9, 23);2;23
(1, 7, 10, 23);30;23
(1, 7, 11, 23);2;23
(1, 7, 12, 23);8;51
(1, 7, 13, 23);2;23
(1, 7, 14, 23);30;23
(1, 7, 15, 23);2;23
(1, 7, 16, 23);32;23
(1, 7, 17, 23);2;23
(1, 7, 18, 23);36;23
(1, 7, 19, 23);2;23
(1, 7, 20, 23);40;23
(1, 7, 21, 23);2;23
(1, 7, 22, 23);44;23
(1, 8, 9, 23);16;23
(1, 8, 10, 23);31;23
(1, 8, 11, 23);31;25
(1, 8, 12, 23);31;23
(1, 8, 13, 23);31;73
(1, 8, 14, 23);22;23
(1, 8, 15, 23);38;23
(1, 8, 16, 23);24;23
(1, 8, 17, 23);40;23
(1, 8, 18, 23);26;26
(1, 8, 19, 23);31;31
(1, 8, 20, 23);3;86
(1, 8, 21, 23);31;23
(1, 8, 22, 23);118;350
(1, 9, 10, 23);37;24
(1, 9, 11, 23);2;23
(1, 9, 12, 23);8;81
(1, 9, 13, 23);2;23
(1, 9, 14, 23);28;23
(1, 9, 15, 23);2;23
(1, 9, 16, 23);32;23
(1, 9, 17, 23);2;23
(1, 9, 18, 23);36;23
(1, 9, 19, 23);2;23
(1, 9, 20, 23);40;23
(1, 9, 21, 23);2;23
(1, 9, 22, 23);44;23
(1, 10, 11, 23);20;23
(1, 10, 12, 23);11;23
(1, 10, 13, 23);62;34
(1, 10, 14, 23);24;23
(1, 10, 15, 23);38;23
(1, 10, 16, 23);13;26
(1, 10, 17, 23);40;23
(1, 10, 18, 23);41;28
(1, 10, 19, 23);42;23
(1, 10, 20, 23);43;30
(1, 10, 21, 23);11;23
(1, 10, 22, 23);45;32
(1, 11, 12, 23);24;23
(1, 11, 13, 23);2;23
(1, 11, 14, 23);28;23
(1, 11, 15, 23);2;23
(1, 11, 16, 23);32;23
(1, 11, 17, 23);2;23
(1, 11, 18, 23);36;23
(1, 11, 19, 23);2;23
(1, 11, 20, 23);40;23
(1, 11, 21, 23);2;23
(1, 11, 22, 23);44;23
(1, 12, 13, 23);24;23
(1, 12, 14, 23);37;23
(1, 12, 15, 23);8;64
(1, 12, 16, 23);39;23
(1, 12, 17, 23);8;73
(1, 12, 18, 23);41;23
(1, 12, 19, 23);42;23
(1, 12, 20, 23);43;23
(1, 12, 21, 23);11;23
(1, 12, 22, 23);45;23
(1, 13, 14, 23);28;23
(1, 13, 15, 23);2;23
(1, 13, 16, 23);32;23
(1, 13, 17, 23);2;23
(1, 13, 18, 23);36;23
(1, 13, 19, 23);2;23
(1, 13, 20, 23);40;23
(1, 13, 21, 23);2;23
(1, 13, 22, 23);44;23
(1, 14, 15, 23);28;23
(1, 14, 16, 23);39;23
(1, 14, 17, 23);3;95
(1, 14, 18, 23);41;23
(1, 14, 19, 23);33;23
(1, 14, 20, 23);43;23
(1, 14, 21, 23);35;23
(1, 14, 22, 23);45;23
(1, 15, 16, 23);32;23
(1, 15, 17, 23);2;23
(1, 15, 18, 23);36;23
(1, 15, 19, 23);2;23
(1, 15, 20, 23);40;23
(1, 15, 21, 23);2;23
(1, 15, 22, 23);44;23
(1, 16, 17, 23);32;23
(1, 16, 18, 23);41;23
(1, 16, 19, 23);35;41
(1, 16, 20, 23);43;23
(1, 16, 21, 23);37;23
(1, 16, 22, 23);45;23
(1, 17, 18, 23);36;23
(1, 17, 19, 23);2;23
(1, 17, 20, 23);40;23
(1, 17, 21, 23);2;23
(1, 17, 22, 23);44;23
(1, 18, 19, 23);36;23
(1, 18, 20, 23);43;23
(1, 18, 21, 23);39;23
(1, 18, 22, 23);45;23
(1, 19, 20, 23);40;23
(1, 19, 21, 23);2;23
(1, 19, 22, 23);44;23
(1, 20, 21, 23);40;23
(1, 20, 22, 23);45;23
(1, 21, 22, 23);44;23
(2, 3, 4, 23);25;23
(2, 3, 5, 23);7;23
(2, 3, 6, 23);26;23
(2, 3, 7, 23);5;23
(2, 3, 8, 23);5;23
(2, 3, 9, 23);32;23
(2, 3, 10, 23);25;23
(2, 3, 11, 23);26;45
(2, 3, 12, 23);5;23
(2, 3, 13, 23);5;23
(2, 3, 14, 23);37;23
(2, 3, 15, 23);26;43
(2, 3, 16, 23);44;42
(2, 3, 17, 23);5;23
(2, 3, 18, 23);5;23
(2, 3, 19, 23);21;23
(2, 3, 20, 23);62;51
(2, 3, 21, 23);44;23
(2, 3, 22, 23);5;23
(2, 4, 5, 23);7;23
(2, 4, 6, 23);25;23
(2, 4, 7, 23);36;23
(2, 4, 8, 23);3;27
(2, 4, 9, 23);25;23
(2, 4, 10, 23);25;23
(2, 4, 11, 23);13;23
(2, 4, 12, 23);25;30
(2, 4, 13, 23);42;41
(2, 4, 14, 23);3;27
(2, 4, 15, 23);25;23
(2, 4, 16, 23);25;23
(2, 4, 17, 23);19;23
(2, 4, 18, 23);20;23
(2, 4, 19, 23);143;23
(2, 4, 20, 23);3;27
(2, 4, 21, 23);25;23
(2, 4, 22, 23);25;23
(2, 5, 6, 23);29;23
(2, 5, 7, 23);3;67
(2, 5, 8, 23);31;23
(2, 5, 9, 23);7;23
(2, 5, 10, 23);7;96
(2, 5, 11, 23);25;66
(2, 5, 12, 23);7;23
(2, 5, 13, 23);18;23
(2, 5, 14, 23);25;47
(2, 5, 15, 23);38;23
(2, 5, 16, 23);7;23
(2, 5, 17, 23);40;46
(2, 5, 18, 23);7;48
(2, 5, 19, 23);7;23
(2, 5, 20, 23);25;23
(2, 5, 21, 23);68;35
(2, 5, 22, 23);45;23
(2, 6, 7, 23);30;23
(2, 6, 8, 23);29;23
(2, 6, 9, 23);29;26
(2, 6, 10, 23);33;23
(2, 6, 11, 23);17;23
(2, 6, 12, 23);18;26
(2, 6, 13, 23);29;113
(2, 6, 14, 23);37;23
(2, 6, 15, 23);21;23
(2, 6, 16, 23);29;50
(2, 6, 17, 23);74;23
(2, 6, 18, 23);41;23
(2, 6, 19, 23);25;23
(2, 6, 20, 23);29;54
(2, 6, 21, 23);86;23
(2, 6, 22, 23);45;23
(2, 7, 8, 23);5;27
(2, 7, 9, 23);15;23
(2, 7, 10, 23);17;23
(2, 7, 11, 23);30;89
(2, 7, 12, 23);5;66
(2, 7, 13, 23);5;27
(2, 7, 14, 23);21;23
(2, 7, 15, 23);30;23
(2, 7, 16, 23);39;23
(2, 7, 17, 23);34;23
(2, 7, 18, 23);25;23
(2, 7, 19, 23);30;23
(2, 7, 20, 23);43;91
(2, 7, 21, 23);115;31
(2, 7, 22, 23);29;70
(2, 8, 9, 23);32;23
(2, 8, 10, 23);16;23
(2, 8, 11, 23);25;47
(2, 8, 12, 23);5;29
(2, 8, 13, 23);5;23
(2, 8, 14, 23);37;34
(2, 8, 15, 23);47;82
(2, 8, 16, 23);31;31
(2, 8, 17, 23);25;23
(2, 8, 18, 23);5;23
(2, 8, 19, 23);21;46
(2, 8, 20, 23);25;107
(2, 8, 21, 23);44;28
(2, 8, 22, 23);5;39
(2, 9, 10, 23);32;23
(2, 9, 11, 23);38;23
(2, 9, 12, 23);7;23
(2, 9, 13, 23);36;23
(2, 9, 14, 23);32;86
(2, 9, 15, 23);42;42
(2, 9, 16, 23);25;23
(2, 9, 17, 23);40;23
(2, 9, 18, 23);32;40
(2, 9, 19, 23);7;54
(2, 9, 20, 23);43;26
(2, 9, 21, 23);44;23
(2, 9, 22, 23);32;74
(2, 10, 11, 23);21;23
(2, 10, 12, 23);25;74
(2, 10, 13, 23);33;23
(2, 10, 14, 23);37;23
(2, 10, 15, 23);25;23
(2, 10, 16, 23);25;96
(2, 10, 17, 23);74;23
(2, 10, 18, 23);41;23
(2, 10, 19, 23);29;23
(2, 10, 20, 23);33;62
(2, 10, 21, 23);86;23
(2, 10, 22, 23);45;23
(2, 11, 12, 23);35;23
(2, 11, 13, 23);25;23
(2, 11, 14, 23);25;23
(2, 11, 15, 23);34;23
(2, 11, 16, 23);39;23
(2, 11, 17, 23);34;23
(2, 11, 18, 23);29;42
(2, 11, 19, 23);34;23
(2, 11, 20, 23);43;23
(2, 11, 21, 23);242;23
(2, 11, 22, 23);33;65
(2, 12, 13, 23);25;23
(2, 12, 14, 23);25;23
(2, 12, 15, 23);38;70
(2, 12, 16, 23);7;68
(2, 12, 17, 23);5;66
(2, 12, 18, 23);5;39
(2, 12, 19, 23);7;66
(2, 12, 20, 23);32;32
(2, 12, 21, 23);205;23
(2, 12, 22, 23);5;76
(2, 13, 14, 23);36;23
(2, 13, 15, 23);54;23
(2, 13, 16, 23);36;26
(2, 13, 17, 23);40;23
(2, 13, 18, 23);36;23
(2, 13, 19, 23);32;23
(2, 13, 20, 23);36;26
(2, 13, 21, 23);44;23
(2, 13, 22, 23);36;50
(2, 14, 15, 23);29;23
(2, 14, 16, 23);62;23
(2, 14, 17, 23);37;23
(2, 14, 18, 23);41;23
(2, 14, 19, 23);33;23
(2, 14, 20, 23);37;70
(2, 14, 21, 23);86;23
(2, 14, 22, 23);45;23
(2, 15, 16, 23);39;23
(2, 15, 17, 23);33;23
(2, 15, 18, 23);33;23
(2, 15, 19, 23);38;23
(2, 15, 20, 23);43;23
(2, 15, 21, 23);162;23
(2, 15, 22, 23);37;110
(2, 16, 17, 23);40;33
(2, 16, 18, 23);33;23
(2, 16, 19, 23);7;100
(2, 16, 20, 23);43;75
(2, 16, 21, 23);86;156
(2, 16, 22, 23);39;26
(2, 17, 18, 23);40;23
(2, 17, 19, 23);70;23
(2, 17, 20, 23);40;26
(2, 17, 21, 23);44;23
(2, 17, 22, 23);40;40
(2, 18, 19, 23);37;23
(2, 18, 20, 23);78;23
(2, 18, 21, 23);86;23
(2, 18, 22, 23);45;23
(2, 19, 20, 23);43;23
(2, 19, 21, 23);41;23
(2, 19, 22, 23);41;23
(2, 20, 21, 23);41;23
(2, 20, 22, 23);41;23
(2, 21, 22, 23);44;23
(3, 4, 5, 23);26;23
(3, 4, 6, 23);9;23
(3, 4, 7, 23);10;23
(3, 4, 8, 23);38;25
(3, 4, 9, 23);13;23
(3, 4, 10, 23);27;23
(3, 4, 11, 23);34;23
(3, 4, 12, 23);35;86
(3, 4, 13, 23);26;23
(3, 4, 14, 23);26;23
(3, 4, 15, 23);19;23
(3, 4, 16, 23);20;23
(3, 4, 17, 23);27;23
(3, 4, 18, 23);41;23
(3, 4, 19, 23);42;23
(3, 4, 20, 23);144;23
(3, 4, 21, 23);26;101
(3, 4, 22, 23);26;23
(3, 5, 6, 23);9;23
(3, 5, 7, 23);10;23
(3, 5, 8, 23);26;41
(3, 5, 9, 23);2;28
(3, 5, 10, 23);28;23
(3, 5, 11, 23);2;44
(3, 5, 12, 23);26;29
(3, 5, 13, 23);26;23
(3, 5, 14, 23);26;23
(3, 5, 15, 23);18;23
(3, 5, 16, 23);19;23
(3, 5, 17, 23);2;56
(3, 5, 18, 23);186;23
(3, 5, 19, 23);2;44
(3, 5, 20, 23);43;29
(3, 5, 21, 23);26;23
(3, 5, 22, 23);26;23
(3, 6, 7, 23);10;23
(3, 6, 8, 23);121;23
(3, 6, 9, 23);26;23
(3, 6, 10, 23);13;23
(3, 6, 11, 23);26;23
(3, 6, 12, 23);9;23
(3, 6, 13, 23);9;23
(3, 6, 14, 23);9;23
(3, 6, 15, 23);9;23
(3, 6, 16, 23);19;23
(3, 6, 17, 23);20;23
(3, 6, 18, 23);21;24
(3, 6, 19, 23);26;24
(3, 6, 20, 23);26;23
(3, 6, 21, 23);9;23
(3, 6, 22, 23);9;23
(3, 7, 8, 23);5;23
(3, 7, 9, 23);2;28
(3, 7, 10, 23);58;23
(3, 7, 11, 23);2;42
(3, 7, 12, 23);5;29
(3, 7, 13, 23);10;23
(3, 7, 14, 23);21;66
(3, 7, 15, 23);2;38
(3, 7, 16, 23);10;39
(3, 7, 17, 23);10;23
(3, 7, 18, 23);5;23
(3, 7, 19, 23);26;23
(3, 7, 20, 23);94;30
(3, 7, 21, 23);2;38
(3, 7, 22, 23);5;39
(3, 8, 9, 23);31;30
(3, 8, 10, 23);31;23
(3, 8, 11, 23);54;23
(3, 8, 12, 23);5;23
(3, 8, 13, 23);26;27
(3, 8, 14, 23);37;23
(3, 8, 15, 23);31;85
(3, 8, 16, 23);31;93
(3, 8, 17, 23);5;72
(3, 8, 18, 23);26;23
(3, 8, 19, 23);42;27
(3, 8, 20, 23);43;23
(3, 8, 21, 23);11;84
(3, 8, 22, 23);31;102
(3, 9, 10, 23);32;23
(3, 9, 11, 23);20;23
(3, 9, 12, 23);21;50
(3, 9, 13, 23);2;60
(3, 9, 14, 23);102;23
(3, 9, 15, 23);38;23
(3, 9, 16, 23);32;23
(3, 9, 17, 23);26;23
(3, 9, 18, 23);32;65
(3, 9, 19, 23);2;72
(3, 9, 20, 23);126;23
(3, 9, 21, 23);44;23
(3, 9, 22, 23);32;35
(3, 10, 11, 23);34;23
(3, 10, 12, 23);13;46
(3, 10, 13, 23);146;401
(3, 10, 14, 23);13;37
(3, 10, 15, 23);38;23
(3, 10, 16, 23);13;23
(3, 10, 17, 23);20;23
(3, 10, 18, 23);41;23
(3, 10, 19, 23);22;79
(3, 10, 20, 23);123;71
(3, 10, 21, 23);44;23
(3, 10, 22, 23);45;23
(3, 11, 12, 23);35;23
(3, 11, 13, 23);2;34
(3, 11, 14, 23);26;23
(3, 11, 15, 23);26;23
(3, 11, 16, 23);27;23
(3, 11, 17, 23);34;23
(3, 11, 18, 23);41;33
(3, 11, 19, 23);2;42
(3, 11, 20, 23);222;23
(3, 11, 21, 23);2;74
(3, 11, 22, 23);33;112
(3, 12, 13, 23);5;57
(3, 12, 14, 23);26;23
(3, 12, 15, 23);26;23
(3, 12, 16, 23);13;53
(3, 12, 17, 23);5;104
(3, 12, 18, 23);5;102
(3, 12, 19, 23);31;63
(3, 12, 20, 23);187;23
(3, 12, 21, 23);24;74
(3, 12, 22, 23);60;76
(3, 13, 14, 23);37;27
(3, 13, 15, 23);2;34
(3, 13, 16, 23);166;41
(3, 13, 17, 23);2;54
(3, 13, 18, 23);26;27
(3, 13, 19, 23);42;23
(3, 13, 20, 23);42;36
(3, 13, 21, 23);2;70
(3, 13, 22, 23);26;68
(3, 14, 15, 23);37;23
(3, 14, 16, 23);13;167
(3, 14, 17, 23);90;23
(3, 14, 18, 23);37;63
(3, 14, 19, 23);37;27
(3, 14, 20, 23);43;23
(3, 14, 21, 23);37;52
(3, 14, 22, 23);37;52
(3, 15, 16, 23);38;23
(3, 15, 17, 23);32;23
(3, 15, 18, 23);102;23
(3, 15, 19, 23);38;23
(3, 15, 20, 23);126;23
(3, 15, 21, 23);44;23
(3, 15, 22, 23);38;29
(3, 16, 17, 23);33;23
(3, 16, 18, 23);87;79
(3, 16, 19, 23);142;51
(3, 16, 20, 23);83;37
(3, 16, 21, 23);44;23
(3, 16, 22, 23);45;23
(3, 17, 18, 23);41;23
(3, 17, 19, 23);2;40
(3, 17, 20, 23);38;23
(3, 17, 21, 23);38;23
(3, 17, 22, 23);39;23
(3, 18, 19, 23);42;46
(3, 18, 20, 23);38;23
(3, 18, 21, 23);38;23
(3, 18, 22, 23);158;23
(3, 19, 20, 23);43;39
(3, 19, 21, 23);2;40
(3, 19, 22, 23);118;23
(3, 20, 21, 23);43;42
(3, 20, 22, 23);43;23
(3, 21, 22, 23);44;23
(4, 5, 6, 23);29;23
(4, 5, 7, 23);30;28
(4, 5, 8, 23);27;23
(4, 5, 9, 23);27;23
(4, 5, 10, 23);28;23
(4, 5, 11, 23);3;70
(4, 5, 12, 23);35;23
(4, 5, 13, 23);9;23
(4, 5, 14, 23);9;23
(4, 5, 15, 23);19;23
(4, 5, 16, 23);39;23
(4, 5, 17, 23);3;52
(4, 5, 18, 23);130;83
(4, 5, 19, 23);80;35
(4, 5, 20, 23);43;23
(4, 5, 21, 23);44;23
(4, 5, 22, 23);9;23
(4, 6, 7, 23);40;26
(4, 6, 8, 23);27;23
(4, 6, 9, 23);27;23
(4, 6, 10, 23);14;23
(4, 6, 11, 23);27;30
(4, 6, 12, 23);18;23
(4, 6, 13, 23);19;23
(4, 6, 14, 23);29;23
(4, 6, 15, 23);29;23
(4, 6, 16, 23);39;23
(4, 6, 17, 23);40;23
(4, 6, 18, 23);22;39
(4, 6, 19, 23);227;27
(4, 6, 20, 23);27;37
(4, 6, 21, 23);27;23
(4, 6, 22, 23);28;23
(4, 7, 8, 23);27;23
(4, 7, 9, 23);27;23
(4, 7, 10, 23);14;23
(4, 7, 11, 23);15;23
(4, 7, 12, 23);19;29
(4, 7, 13, 23);36;23
(4, 7, 14, 23);30;23
(4, 7, 15, 23);30;23
(4, 7, 16, 23);30;28
(4, 7, 17, 23);8;113
(4, 7, 18, 23);41;41
(4, 7, 19, 23);154;23
(4, 7, 20, 23);27;23
(4, 7, 21, 23);27;23
(4, 7, 22, 23);27;23
(4, 8, 9, 23);27;23
(4, 8, 10, 23);14;23
(4, 8, 11, 23);15;23
(4, 8, 12, 23);16;23
(4, 8, 13, 23);27;23
(4, 8, 14, 23);3;71
(4, 8, 15, 23);109;23
(4, 8, 16, 23);31;29
(4, 8, 17, 23);3;52
(4, 8, 18, 23);53;23
(4, 8, 19, 23);27;23
(4, 8, 20, 23);27;23
(4, 8, 21, 23);27;23
(4, 8, 22, 23);27;23
(4, 9, 10, 23);13;23
(4, 9, 11, 23);47;62
(4, 9, 12, 23);16;29
(4, 9, 13, 23);22;81
(4, 9, 14, 23);37;23
(4, 9, 15, 23);19;54
(4, 9, 16, 23);13;27
(4, 9, 17, 23);13;27
(4, 9, 18, 23);27;23
(4, 9, 19, 23);27;32
(4, 9, 20, 23);16;58
(4, 9, 21, 23);57;23
(4, 9, 22, 23);13;40
(4, 10, 11, 23);34;28
(4, 10, 12, 23);11;51
(4, 10, 13, 23);53;69
(4, 10, 14, 23);53;88
(4, 10, 15, 23);19;43
(4, 10, 16, 23);20;23
(4, 10, 17, 23);27;23
(4, 10, 18, 23);41;23
(4, 10, 19, 23);42;33
(4, 10, 20, 23);30;74
(4, 10, 21, 23);11;111
(4, 10, 22, 23);26;45
(4, 11, 12, 23);34;24
(4, 11, 13, 23);34;23
(4, 11, 14, 23);3;106
(4, 11, 15, 23);100;23
(4, 11, 16, 23);27;23
(4, 11, 17, 23);34;28
(4, 11, 18, 23);41;28
(4, 11, 19, 23);42;23
(4, 11, 20, 23);3;196
(4, 11, 21, 23);34;33
(4, 11, 22, 23);34;34
(4, 12, 13, 23);35;23
(4, 12, 14, 23);35;25
(4, 12, 15, 23);27;23
(4, 12, 16, 23);116;23
(4, 12, 17, 23);35;23
(4, 12, 18, 23);35;27
(4, 12, 19, 23);164;23
(4, 12, 20, 23);43;23
(4, 12, 21, 23);35;74
(4, 12, 22, 23);35;31
(4, 13, 14, 23);27;23
(4, 13, 15, 23);28;23
(4, 13, 16, 23);46;130
(4, 13, 17, 23);153;60
(4, 13, 18, 23);36;23
(4, 13, 19, 23);32;112
(4, 13, 20, 23);43;23
(4, 13, 21, 23);44;23
(4, 13, 22, 23);9;31
(4, 14, 15, 23);19;23
(4, 14, 16, 23);39;36
(4, 14, 17, 23);55;79
(4, 14, 18, 23);124;96
(4, 14, 19, 23);273;23
(4, 14, 20, 23);43;33
(4, 14, 21, 23);44;34
(4, 14, 22, 23);9;35
(4, 15, 16, 23);39;23
(4, 15, 17, 23);8;113
(4, 15, 18, 23);41;38
(4, 15, 19, 23);35;23
(4, 15, 20, 23);35;23
(4, 15, 21, 23);36;23
(4, 15, 22, 23);37;23
(4, 16, 17, 23);20;45
(4, 16, 18, 23);34;46
(4, 16, 19, 23);35;23
(4, 16, 20, 23);35;23
(4, 16, 21, 23);37;71
(4, 16, 22, 23);111;23
(4, 17, 18, 23);35;46
(4, 17, 19, 23);42;36
(4, 17, 20, 23);40;37
(4, 17, 21, 23);38;108
(4, 17, 22, 23);66;160
(4, 18, 19, 23);42;79
(4, 18, 20, 23);38;40
(4, 18, 21, 23);44;160
(4, 18, 22, 23);77;23
(4, 19, 20, 23);42;40
(4, 19, 21, 23);42;23
(4, 19, 22, 23);42;23
(4, 20, 21, 23);43;23
(4, 20, 22, 23);43;23
(4, 21, 22, 23);44;31
(5, 6, 7, 23);28;23
(5, 6, 8, 23);28;23
(5, 6, 9, 23);14;23
(5, 6, 10, 23);15;23
(5, 6, 11, 23);16;23
(5, 6, 12, 23);18;23
(5, 6, 13, 23);38;24
(5, 6, 14, 23);29;23
(5, 6, 15, 23);29;29
(5, 6, 16, 23);39;69
(5, 6, 17, 23);40;23
(5, 6, 18, 23);106;71
(5, 6, 19, 23);25;120
(5, 6, 20, 23);28;53
(5, 6, 21, 23);28;54
(5, 6, 22, 23);28;23
(5, 7, 8, 23);28;23
(5, 7, 9, 23);14;23
(5, 7, 10, 23);15;23
(5, 7, 11, 23);16;23
(5, 7, 12, 23);17;23
(5, 7, 13, 23);2;50
(5, 7, 14, 23);30;23
(5, 7, 15, 23);30;23
(5, 7, 16, 23);30;89
(5, 7, 17, 23);2;84
(5, 7, 18, 23);41;33
(5, 7, 19, 23);14;33
(5, 7, 20, 23);28;33
(5, 7, 21, 23);28;23
(5, 7, 22, 23);28;23
(5, 8, 9, 23);14;23
(5, 8, 10, 23);15;23
(5, 8, 11, 23);16;23
(5, 8, 12, 23);17;23
(5, 8, 13, 23);18;23
(5, 8, 14, 23);28;60
(5, 8, 15, 23);140;23
(5, 8, 16, 23);52;52
(5, 8, 17, 23);53;40
(5, 8, 18, 23);41;23
(5, 8, 19, 23);14;33
(5, 8, 20, 23);28;23
(5, 8, 21, 23);28;23
(5, 8, 22, 23);28;23
(5, 9, 10, 23);15;23
(5, 9, 11, 23);16;23
(5, 9, 12, 23);17;23
(5, 9, 13, 23);18;23
(5, 9, 14, 23);104;91
(5, 9, 15, 23);2;50
(5, 9, 16, 23);7;31
(5, 9, 17, 23);2;72
(5, 9, 18, 23);41;23
(5, 9, 19, 23);14;23
(5, 9, 20, 23);14;23
(5, 9, 21, 23);14;23
(5, 9, 22, 23);14;23
(5, 10, 11, 23);16;23
(5, 10, 12, 23);17;23
(5, 10, 13, 23);18;23
(5, 10, 14, 23);28;111
(5, 10, 15, 23);20;25
(5, 10, 16, 23);7;46
(5, 10, 17, 23);28;25
(5, 10, 18, 23);28;23
(5, 10, 19, 23);29;23
(5, 10, 20, 23);15;23
(5, 10, 21, 23);15;23
(5, 10, 22, 23);15;23
(5, 11, 12, 23);34;23
(5, 11, 13, 23);2;66
(5, 11, 14, 23);28;46
(5, 11, 15, 23);2;58
(5, 11, 16, 23);7;102
(5, 11, 17, 23);28;23
(5, 11, 18, 23);128;53
(5, 11, 19, 23);2;76
(5, 11, 20, 23);28;65
(5, 11, 21, 23);2;80
(5, 11, 22, 23);34;23
(5, 12, 13, 23);35;23
(5, 12, 14, 23);35;23
(5, 12, 15, 23);27;25
(5, 12, 16, 23);28;23
(5, 12, 17, 23);150;23
(5, 12, 18, 23);28;126
(5, 12, 19, 23);7;103
(5, 12, 20, 23);60;81
(5, 12, 21, 23);35;49
(5, 12, 22, 23);35;67
(5, 13, 14, 23);9;23
(5, 13, 15, 23);28;23
(5, 13, 16, 23);58;34
(5, 13, 17, 23);2;70
(5, 13, 18, 23);170;23
(5, 13, 19, 23);2;68
(5, 13, 20, 23);18;75
(5, 13, 21, 23);44;23
(5, 13, 22, 23);9;33
(5, 14, 15, 23);38;23
(5, 14, 16, 23);39;23
(5, 14, 17, 23);28;69
(5, 14, 18, 23);113;101
(5, 14, 19, 23);176;23
(5, 14, 20, 23);28;55
(5, 14, 21, 23);44;27
(5, 14, 22, 23);9;28
(5, 15, 16, 23);39;23
(5, 15, 17, 23);2;80
(5, 15, 18, 23);38;23
(5, 15, 19, 23);38;23
(5, 15, 20, 23);38;23
(5, 15, 21, 23);2;78
(5, 15, 22, 23);37;28
(5, 16, 17, 23);40;23
(5, 16, 18, 23);38;23
(5, 16, 19, 23);38;23
(5, 16, 20, 23);38;23
(5, 16, 21, 23);38;23
(5, 16, 22, 23);38;23
(5, 17, 18, 23);38;23
(5, 17, 19, 23);38;23
(5, 17, 20, 23);38;23
(5, 17, 21, 23);38;23
(5, 17, 22, 23);38;23
(5, 18, 19, 23);38;23
(5, 18, 20, 23);38;23
(5, 18, 21, 23);38;23
(5, 18, 22, 23);38;23
(5, 19, 20, 23);39;91
(5, 19, 21, 23);2;70
(5, 19, 22, 23);45;113
(5, 20, 21, 23);28;53
(5, 20, 22, 23);28;53
(5, 21, 22, 23);44;43
(6, 7, 8, 23);29;23
(6, 7, 9, 23);15;23
(6, 7, 10, 23);16;23
(6, 7, 11, 23);17;23
(6, 7, 12, 23);35;23
(6, 7, 13, 23);10;59
(6, 7, 14, 23);30;60
(6, 7, 15, 23);30;23
(6, 7, 16, 23);267;172
(6, 7, 17, 23);40;38
(6, 7, 18, 23);41;23
(6, 7, 19, 23);42;23
(6, 7, 20, 23);43;35
(6, 7, 21, 23);29;35
(6, 7, 22, 23);29;23
(6, 8, 9, 23);15;23
(6, 8, 10, 23);16;23
(6, 8, 11, 23);17;23
(6, 8, 12, 23);35;23
(6, 8, 13, 23);31;79
(6, 8, 14, 23);20;67
(6, 8, 15, 23);171;471
(6, 8, 16, 23);7;92
(6, 8, 17, 23);40;65
(6, 8, 18, 23);41;23
(6, 8, 19, 23);42;23
(6, 8, 20, 23);43;23
(6, 8, 21, 23);29;23
(6, 8, 22, 23);29;23
(6, 9, 10, 23);16;23
(6, 9, 11, 23);17;23
(6, 9, 12, 23);35;23
(6, 9, 13, 23);36;23
(6, 9, 14, 23);280;95
(6, 9, 15, 23);29;170
(6, 9, 16, 23);29;53
(6, 9, 17, 23);368;27
(6, 9, 18, 23);41;25
(6, 9, 19, 23);14;26
(6, 9, 20, 23);29;23
(6, 9, 21, 23);15;23
(6, 9, 22, 23);15;23
(6, 10, 11, 23);17;23
(6, 10, 12, 23);35;23
(6, 10, 13, 23);36;23
(6, 10, 14, 23);37;72
(6, 10, 15, 23);25;77
(6, 10, 16, 23);33;146
(6, 10, 17, 23);202;55
(6, 10, 18, 23);28;25
(6, 10, 19, 23);29;23
(6, 10, 20, 23);30;23
(6, 10, 21, 23);31;23
(6, 10, 22, 23);16;23
(6, 11, 12, 23);35;23
(6, 11, 13, 23);12;97
(6, 11, 14, 23);25;92
(6, 11, 15, 23);17;59
(6, 11, 16, 23);39;61
(6, 11, 17, 23);29;23
(6, 11, 18, 23);29;23
(6, 11, 19, 23);30;23
(6, 11, 20, 23);31;23
(6, 11, 21, 23);32;23
(6, 11, 22, 23);33;23
(6, 12, 13, 23);18;25
(6, 12, 14, 23);9;26
(6, 12, 15, 23);9;54
(6, 12, 16, 23);28;54
(6, 12, 17, 23);29;23
(6, 12, 18, 23);29;23
(6, 12, 19, 23);29;82
(6, 12, 20, 23);18;93
(6, 12, 21, 23);29;90
(6, 12, 22, 23);63;34
(6, 13, 14, 23);19;24
(6, 13, 15, 23);19;49
(6, 13, 16, 23);29;23
(6, 13, 17, 23);10;87
(6, 13, 18, 23);36;62
(6, 13, 19, 23);29;72
(6, 13, 20, 23);29;72
(6, 13, 21, 23);17;60
(6, 13, 22, 23);28;29
(6, 14, 15, 23);29;23
(6, 14, 16, 23);39;60
(6, 14, 17, 23);40;30
(6, 14, 18, 23);41;84
(6, 14, 19, 23);33;62
(6, 14, 20, 23);67;119
(6, 14, 21, 23);27;80
(6, 14, 22, 23);28;29
(6, 15, 16, 23);39;46
(6, 15, 17, 23);40;71
(6, 15, 18, 23);33;99
(6, 15, 19, 23);21;65
(6, 15, 20, 23);38;292
(6, 15, 21, 23);68;23
(6, 15, 22, 23);28;53
(6, 16, 17, 23);40;153
(6, 16, 18, 23);34;77
(6, 16, 19, 23);39;75
(6, 16, 20, 23);39;23
(6, 16, 21, 23);44;113
(6, 16, 22, 23);109;23
(6, 17, 18, 23);40;36
(6, 17, 19, 23);40;37
(6, 17, 20, 23);40;23
(6, 17, 21, 23);40;39
(6, 17, 22, 23);40;23
(6, 18, 19, 23);41;23
(6, 18, 20, 23);41;23
(6, 18, 21, 23);41;23
(6, 18, 22, 23);41;23
(6, 19, 20, 23);42;35
(6, 19, 21, 23);42;35
(6, 19, 22, 23);42;35
(6, 20, 21, 23);43;35
(6, 20, 22, 23);43;35
(6, 21, 22, 23);29;35
(7, 8, 9, 23);16;23
(7, 8, 10, 23);33;23
(7, 8, 11, 23);34;23
(7, 8, 12, 23);35;23
(7, 8, 13, 23);5;41
(7, 8, 14, 23);3;116
(7, 8, 15, 23);202;193
(7, 8, 16, 23);15;89
(7, 8, 17, 23);5;107
(7, 8, 18, 23);5;60
(7, 8, 19, 23);42;23
(7, 8, 20, 23);43;23
(7, 8, 21, 23);44;23
(7, 8, 22, 23);15;23
(7, 9, 10, 23);33;23
(7, 9, 11, 23);34;23
(7, 9, 12, 23);35;23
(7, 9, 13, 23);2;68
(7, 9, 14, 23);65;32
(7, 9, 15, 23);2;96
(7, 9, 16, 23);30;23
(7, 9, 17, 23);2;92
(7, 9, 18, 23);27;100
(7, 9, 19, 23);14;30
(7, 9, 20, 23);58;30
(7, 9, 21, 23);30;23
(7, 9, 22, 23);31;23
(7, 10, 11, 23);34;23
(7, 10, 12, 23);35;23
(7, 10, 13, 23);36;23
(7, 10, 14, 23);21;61
(7, 10, 15, 23);33;66
(7, 10, 16, 23);30;23
(7, 10, 17, 23);30;23
(7, 10, 18, 23);58;140
(7, 10, 19, 23);29;82
(7, 10, 20, 23);30;23
(7, 10, 21, 23);31;23
(7, 10, 22, 23);32;23
(7, 11, 12, 23);35;23
(7, 11, 13, 23);18;33
(7, 11, 14, 23);3;61
(7, 11, 15, 23);30;34
(7, 11, 16, 23);30;23
(7, 11, 17, 23);30;23
(7, 11, 18, 23);30;23
(7, 11, 19, 23);30;23
(7, 11, 20, 23);31;23
(7, 11, 21, 23);32;23
(7, 11, 22, 23);33;23
(7, 12, 13, 23);55;33
(7, 12, 14, 23);19;35
(7, 12, 15, 23);19;82
(7, 12, 16, 23);30;23
(7, 12, 17, 23);30;23
(7, 12, 18, 23);30;23
(7, 12, 19, 23);30;23
(7, 12, 20, 23);62;60
(7, 12, 21, 23);11;98
(7, 12, 22, 23);5;131
(7, 13, 14, 23);10;55
(7, 13, 15, 23);2;92
(7, 13, 16, 23);30;23
(7, 13, 17, 23);30;23
(7, 13, 18, 23);30;23
(7, 13, 19, 23);30;23
(7, 13, 20, 23);30;23
(7, 13, 21, 23);2;96
(7, 13, 22, 23);5;63
(7, 14, 15, 23);30;57
(7, 14, 16, 23);30;23
(7, 14, 17, 23);30;23
(7, 14, 18, 23);30;23
(7, 14, 19, 23);30;23
(7, 14, 20, 23);30;23
(7, 14, 21, 23);30;23
(7, 14, 22, 23);66;120
(7, 15, 16, 23);30;62
(7, 15, 17, 23);2;96
(7, 15, 18, 23);41;91
(7, 15, 19, 23);30;34
(7, 15, 20, 23);27;113
(7, 15, 21, 23);2;92
(7, 15, 22, 23);218;23
(7, 16, 17, 23);164;183
(7, 16, 18, 23);69;123
(7, 16, 19, 23);39;195
(7, 16, 20, 23);104;91
(7, 16, 21, 23);71;98
(7, 16, 22, 23);102;23
(7, 17, 18, 23);5;137
(7, 17, 19, 23);2;76
(7, 17, 20, 23);40;23
(7, 17, 21, 23);2;76
(7, 17, 22, 23);5;128
(7, 18, 19, 23);41;23
(7, 18, 20, 23);41;23
(7, 18, 21, 23);41;23
(7, 18, 22, 23);41;23
(7, 19, 20, 23);42;23
(7, 19, 21, 23);42;23
(7, 19, 22, 23);42;23
(7, 20, 21, 23);43;42
(7, 20, 22, 23);43;23
(7, 21, 22, 23);44;23
(8, 9, 10, 23);33;23
(8, 9, 11, 23);34;23
(8, 9, 12, 23);35;23
(8, 9, 13, 23);32;114
(8, 9, 14, 23);65;26
(8, 9, 15, 23);31;23
(8, 9, 16, 23);31;23
(8, 9, 17, 23);31;23
(8, 9, 18, 23);32;115
(8, 9, 19, 23);59;84
(8, 9, 20, 23);29;30
(8, 9, 21, 23);30;30
(8, 9, 22, 23);31;23
(8, 10, 11, 23);34;23
(8, 10, 12, 23);35;23
(8, 10, 13, 23);36;32
(8, 10, 14, 23);22;88
(8, 10, 15, 23);31;23
(8, 10, 16, 23);31;23
(8, 10, 17, 23);31;23
(8, 10, 18, 23);31;23
(8, 10, 19, 23);31;125
(8, 10, 20, 23);30;56
(8, 10, 21, 23);31;23
(8, 10, 22, 23);32;23
(8, 11, 12, 23);35;23
(8, 11, 13, 23);31;101
(8, 11, 14, 23);31;37
(8, 11, 15, 23);31;23
(8, 11, 16, 23);31;23
(8, 11, 17, 23);31;23
(8, 11, 18, 23);31;23
(8, 11, 19, 23);31;23
(8, 11, 20, 23);31;23
(8, 11, 21, 23);32;23
(8, 11, 22, 23);33;31
(8, 12, 13, 23);5;77
(8, 12, 14, 23);22;81
(8, 12, 15, 23);31;23
(8, 12, 16, 23);31;23
(8, 12, 17, 23);31;23
(8, 12, 18, 23);31;23
(8, 12, 19, 23);31;23
(8, 12, 20, 23);31;23
(8, 12, 21, 23);31;117
(8, 12, 22, 23);65;27
(8, 13, 14, 23);37;64
(8, 13, 15, 23);31;23
(8, 13, 16, 23);31;23
(8, 13, 17, 23);31;23
(8, 13, 18, 23);31;23
(8, 13, 19, 23);31;23
(8, 13, 20, 23);31;23
(8, 13, 21, 23);31;23
(8, 13, 22, 23);5;120
(8, 14, 15, 23);31;23
(8, 14, 16, 23);31;23
(8, 14, 17, 23);31;23
(8, 14, 18, 23);31;23
(8, 14, 19, 23);31;23
(8, 14, 20, 23);31;23
(8, 14, 21, 23);31;23
(8, 14, 22, 23);31;23
(8, 15, 16, 23);31;23
(8, 15, 17, 23);31;23
(8, 15, 18, 23);31;23
(8, 15, 19, 23);31;23
(8, 15, 20, 23);31;23
(8, 15, 21, 23);31;23
(8, 15, 22, 23);31;23
(8, 16, 17, 23);31;23
(8, 16, 18, 23);31;23
(8, 16, 19, 23);31;23
(8, 16, 20, 23);31;23
(8, 16, 21, 23);31;23
(8, 16, 22, 23);31;23
(8, 17, 18, 23);5;102
(8, 17, 19, 23);40;116
(8, 17, 20, 23);31;37
(8, 17, 21, 23);69;220
(8, 17, 22, 23);5;109
(8, 18, 19, 23);42;105
(8, 18, 20, 23);69;193
(8, 18, 21, 23);113;23
(8, 18, 22, 23);5;107
(8, 19, 20, 23);42;39
(8, 19, 21, 23);42;39
(8, 19, 22, 23);42;39
(8, 20, 21, 23);43;29
(8, 20, 22, 23);43;29
(8, 21, 22, 23);44;30
(9, 10, 11, 23);34;23
(9, 10, 12, 23);35;23
(9, 10, 13, 23);33;163
(9, 10, 14, 23);32;23
(9, 10, 15, 23);32;23
(9, 10, 16, 23);32;23
(9, 10, 17, 23);32;23
(9, 10, 18, 23);32;23
(9, 10, 19, 23);32;23
(9, 10, 20, 23);62;60
(9, 10, 21, 23);31;31
(9, 10, 22, 23);32;23
(9, 11, 12, 23);35;23
(9, 11, 13, 23);2;72
(9, 11, 14, 23);32;23
(9, 11, 15, 23);32;23
(9, 11, 16, 23);32;23
(9, 11, 17, 23);32;23
(9, 11, 18, 23);32;23
(9, 11, 19, 23);32;23
(9, 11, 20, 23);32;23
(9, 11, 21, 23);32;23
(9, 11, 22, 23);33;23
(9, 12, 13, 23);50;71
(9, 12, 14, 23);32;23
(9, 12, 15, 23);32;23
(9, 12, 16, 23);32;23
(9, 12, 17, 23);32;23
(9, 12, 18, 23);32;23
(9, 12, 19, 23);32;23
(9, 12, 20, 23);32;23
(9, 12, 21, 23);32;23
(9, 12, 22, 23);66;23
(9, 13, 14, 23);32;23
(9, 13, 15, 23);32;23
(9, 13, 16, 23);32;23
(9, 13, 17, 23);32;23
(9, 13, 18, 23);32;23
(9, 13, 19, 23);32;23
(9, 13, 20, 23);32;23
(9, 13, 21, 23);32;23
(9, 13, 22, 23);32;23
(9, 14, 15, 23);32;23
(9, 14, 16, 23);32;23
(9, 14, 17, 23);32;23
(9, 14, 18, 23);32;23
(9, 14, 19, 23);32;23
(9, 14, 20, 23);32;23
(9, 14, 21, 23);32;23
(9, 14, 22, 23);32;23
(9, 15, 16, 23);32;23
(9, 15, 17, 23);32;23
(9, 15, 18, 23);32;23
(9, 15, 19, 23);32;23
(9, 15, 20, 23);32;23
(9, 15, 21, 23);32;23
(9, 15, 22, 23);32;23
(9, 16, 17, 23);32;23
(9, 16, 18, 23);32;23
(9, 16, 19, 23);32;23
(9, 16, 20, 23);32;23
(9, 16, 21, 23);32;23
(9, 16, 22, 23);32;23
(9, 17, 18, 23);32;23
(9, 17, 19, 23);32;23
(9, 17, 20, 23);32;23
(9, 17, 21, 23);32;23
(9, 17, 22, 23);32;23
(9, 18, 19, 23);32;23
(9, 18, 20, 23);32;23
(9, 18, 21, 23);32;23
(9, 18, 22, 23);32;23
(9, 19, 20, 23);39;103
(9, 19, 21, 23);2;68
(9, 19, 22, 23);45;102
(9, 20, 21, 23);29;41
(9, 20, 22, 23);29;41
(9, 21, 22, 23);30;32
(10, 11, 12, 23);35;23
(10, 11, 13, 23);33;23
(10, 11, 14, 23);33;23
(10, 11, 15, 23);33;23
(10, 11, 16, 23);33;23
(10, 11, 17, 23);33;23
(10, 11, 18, 23);33;23
(10, 11, 19, 23);33;23
(10, 11, 20, 23);33;23
(10, 11, 21, 23);33;23
(10, 11, 22, 23);33;23
(10, 12, 13, 23);33;23
(10, 12, 14, 23);33;23
(10, 12, 15, 23);33;23
(10, 12, 16, 23);33;23
(10, 12, 17, 23);33;23
(10, 12, 18, 23);33;23
(10, 12, 19, 23);33;23
(10, 12, 20, 23);33;23
(10, 12, 21, 23);33;23
(10, 12, 22, 23);33;23
(10, 13, 14, 23);33;23
(10, 13, 15, 23);33;23
(10, 13, 16, 23);33;23
(10, 13, 17, 23);33;23
(10, 13, 18, 23);33;23
(10, 13, 19, 23);33;23
(10, 13, 20, 23);33;23
(10, 13, 21, 23);33;23
(10, 13, 22, 23);33;23
(10, 14, 15, 23);33;23
(10, 14, 16, 23);33;23
(10, 14, 17, 23);33;23
(10, 14, 18, 23);33;23
(10, 14, 19, 23);33;23
(10, 14, 20, 23);33;23
(10, 14, 21, 23);33;23
(10, 14, 22, 23);33;23
(10, 15, 16, 23);33;23
(10, 15, 17, 23);33;23
(10, 15, 18, 23);33;23
(10, 15, 19, 23);33;23
(10, 15, 20, 23);33;23
(10, 15, 21, 23);33;23
(10, 15, 22, 23);33;23
(10, 16, 17, 23);33;23
(10, 16, 18, 23);33;23
(10, 16, 19, 23);33;23
(10, 16, 20, 23);33;23
(10, 16, 21, 23);33;23
(10, 16, 22, 23);33;23
(10, 17, 18, 23);33;23
(10, 17, 19, 23);33;23
(10, 17, 20, 23);33;23
(10, 17, 21, 23);33;23
(10, 17, 22, 23);33;23
(10, 18, 19, 23);33;23
(10, 18, 20, 23);33;23
(10, 18, 21, 23);33;23
(10, 18, 22, 23);33;23
(10, 19, 20, 23);33;23
(10, 19, 21, 23);33;23
(10, 19, 22, 23);33;23
(10, 20, 21, 23);33;23
(10, 20, 22, 23);33;23
(10, 21, 22, 23);31;43
(11, 12, 13, 23);34;23
(11, 12, 14, 23);34;23
(11, 12, 15, 23);34;23
(11, 12, 16, 23);34;23
(11, 12, 17, 23);34;23
(11, 12, 18, 23);34;23
(11, 12, 19, 23);34;23
(11, 12, 20, 23);34;23
(11, 12, 21, 23);34;23
(11, 12, 22, 23);34;23
(11, 13, 14, 23);34;23
(11, 13, 15, 23);34;23
(11, 13, 16, 23);34;23
(11, 13, 17, 23);34;23
(11, 13, 18, 23);34;23
(11, 13, 19, 23);34;23
(11, 13, 20, 23);34;23
(11, 13, 21, 23);34;23
(11, 13, 22, 23);34;23
(11, 14, 15, 23);34;23
(11, 14, 16, 23);34;23
(11, 14, 17, 23);34;23
(11, 14, 18, 23);34;23
(11, 14, 19, 23);34;23
(11, 14, 20, 23);34;23
(11, 14, 21, 23);34;23
(11, 14, 22, 23);34;23
(11, 15, 16, 23);34;23
(11, 15, 17, 23);34;23
(11, 15, 18, 23);34;23
(11, 15, 19, 23);34;23
(11, 15, 20, 23);34;23
(11, 15, 21, 23);34;23
(11, 15, 22, 23);34;23
(11, 16, 17, 23);34;23
(11, 16, 18, 23);34;23
(11, 16, 19, 23);34;23
(11, 16, 20, 23);34;23
(11, 16, 21, 23);34;23
(11, 16, 22, 23);34;23
(11, 17, 18, 23);34;23
(11, 17, 19, 23);34;23
(11, 17, 20, 23);34;23
(11, 17, 21, 23);34;23
(11, 17, 22, 23);34;23
(11, 18, 19, 23);34;23
(11, 18, 20, 23);34;23
(11, 18, 21, 23);34;23
(11, 18, 22, 23);34;23
(11, 19, 20, 23);34;23
(11, 19, 21, 23);34;23
(11, 19, 22, 23);34;23
(11, 20, 21, 23);34;23
(11, 20, 22, 23);34;23
(11, 21, 22, 23);34;23
(12, 13, 14, 23);35;23
(12, 13, 15, 23);35;23
(12, 13, 16, 23);35;23
(12, 13, 17, 23);35;23
(12, 13, 18, 23);35;23
(12, 13, 19, 23);35;23
(12, 13, 20, 23);35;23
(12, 13, 21, 23);35;23
(12, 13, 22, 23);35;23
(12, 14, 15, 23);35;23
(12, 14, 16, 23);35;23
(12, 14, 17, 23);35;23
(12, 14, 18, 23);35;23
(12, 14, 19, 23);35;23
(12, 14, 20, 23);35;23
(12, 14, 21, 23);35;23
(12, 14, 22, 23);35;23
(12, 15, 16, 23);35;23
(12, 15, 17, 23);35;23
(12, 15, 18, 23);35;23
(12, 15, 19, 23);35;23
(12, 15, 20, 23);35;23
(12, 15, 21, 23);35;23
(12, 15, 22, 23);35;23
(12, 16, 17, 23);35;23
(12, 16, 18, 23);35;23
(12, 16, 19, 23);35;23
(12, 16, 20, 23);35;23
(12, 16, 21, 23);35;23
(12, 16, 22, 23);35;23
(12, 17, 18, 23);35;23
(12, 17, 19, 23);35;23
(12, 17, 20, 23);35;23
(12, 17, 21, 23);35;23
(12, 17, 22, 23);35;23
(12, 18, 19, 23);35;23
(12, 18, 20, 23);35;23
(12, 18, 21, 23);35;23
(12, 18, 22, 23);35;23
(12, 19, 20, 23);35;23
(12, 19, 21, 23);35;23
(12, 19, 22, 23);35;23
(12, 20, 21, 23);35;23
(12, 20, 22, 23);35;23
(12, 21, 22, 23);35;23
(13, 14, 15, 23);36;23
(13, 14, 16, 23);36;23
(13, 14, 17, 23);36;23
(13, 14, 18, 23);36;23
(13, 14, 19, 23);36;23
(13, 14, 20, 23);36;23
(13, 14, 21, 23);36;23
(13, 14, 22, 23);36;23
(13, 15, 16, 23);36;23
(13, 15, 17, 23);36;23
(13, 15, 18, 23);36;23
(13, 15, 19, 23);36;23
(13, 15, 20, 23);36;23
(13, 15, 21, 23);36;23
(13, 15, 22, 23);36;23
(13, 16, 17, 23);36;23
(13, 16, 18, 23);36;23
(13, 16, 19, 23);36;23
(13, 16, 20, 23);36;23
(13, 16, 21, 23);36;23
(13, 16, 22, 23);36;23
(13, 17, 18, 23);36;23
(13, 17, 19, 23);36;23
(13, 17, 20, 23);36;23
(13, 17, 21, 23);36;23
(13, 17, 22, 23);36;23
(13, 18, 19, 23);36;23
(13, 18, 20, 23);36;23
(13, 18, 21, 23);36;23
(13, 18, 22, 23);36;23
(13, 19, 20, 23);36;23
(13, 19, 21, 23);36;23
(13, 19, 22, 23);36;23
(13, 20, 21, 23);36;23
(13, 20, 22, 23);36;23
(13, 21, 22, 23);36;23
(14, 15, 16, 23);37;23
(14, 15, 17, 23);37;23
(14, 15, 18, 23);37;23
(14, 15, 19, 23);37;23
(14, 15, 20, 23);37;23
(14, 15, 21, 23);37;23
(14, 15, 22, 23);37;23
(14, 16, 17, 23);37;23
(14, 16, 18, 23);37;23
(14, 16, 19, 23);37;23
(14, 16, 20, 23);37;23
(14, 16, 21, 23);37;23
(14, 16, 22, 23);37;23
(14, 17, 18, 23);37;23
(14, 17, 19, 23);37;23
(14, 17, 20, 23);37;23
(14, 17, 21, 23);37;23
(14, 17, 22, 23);37;23
(14, 18, 19, 23);37;23
(14, 18, 20, 23);37;23
(14, 18, 21, 23);37;23
(14, 18, 22, 23);37;23
(14, 19, 20, 23);37;23
(14, 19, 21, 23);37;23
(14, 19, 22, 23);37;23
(14, 20, 21, 23);37;23
(14, 20, 22, 23);37;23
(14, 21, 22, 23);37;23
(15, 16, 17, 23);38;23
(15, 16, 18, 23);38;23
(15, 16, 19, 23);38;23
(15, 16, 20, 23);38;23
(15, 16, 21, 23);38;23
(15, 16, 22, 23);38;23
(15, 17, 18, 23);38;23
(15, 17, 19, 23);38;23
(15, 17, 20, 23);38;23
(15, 17, 21, 23);38;23
(15, 17, 22, 23);38;23
(15, 18, 19, 23);38;23
(15, 18, 20, 23);38;23
(15, 18, 21, 23);38;23
(15, 18, 22, 23);38;23
(15, 19, 20, 23);38;23
(15, 19, 21, 23);38;23
(15, 19, 22, 23);38;23
(15, 20, 21, 23);38;23
(15, 20, 22, 23);38;23
(15, 21, 22, 23);38;23
(16, 17, 18, 23);39;23
(16, 17, 19, 23);39;23
(16, 17, 20, 23);39;23
(16, 17, 21, 23);39;23
(16, 17, 22, 23);39;23
(16, 18, 19, 23);39;23
(16, 18, 20, 23);39;23
(16, 18, 21, 23);39;23
(16, 18, 22, 23);39;23
(16, 19, 20, 23);39;23
(16, 19, 21, 23);39;23
(16, 19, 22, 23);39;23
(16, 20, 21, 23);39;23
(16, 20, 22, 23);39;23
(16, 21, 22, 23);39;23
(17, 18, 19, 23);40;23
(17, 18, 20, 23);40;23
(17, 18, 21, 23);40;23
(17, 18, 22, 23);40;23
(17, 19, 20, 23);40;23
(17, 19, 21, 23);40;23
(17, 19, 22, 23);40;23
(17, 20, 21, 23);40;23
(17, 20, 22, 23);40;23
(17, 21, 22, 23);40;23
(18, 19, 20, 23);41;23
(18, 19, 21, 23);41;23
(18, 19, 22, 23);41;23
(18, 20, 21, 23);41;23
(18, 20, 22, 23);41;23
(18, 21, 22, 23);41;23
(19, 20, 21, 23);42;23
(19, 20, 22, 23);42;23
(19, 21, 22, 23);42;23
(20, 21, 22, 23);43;23
