S;p;l
(1, 2, 3, 15);4;15
(1, 2, 4, 15);17;15
(1, 2, 5, 15);16;15
(1, 2, 6, 15);7;15
(1, 2, 7, 15);17;15
(1, 2, 8, 15);16;15
(1, 2, 9, 15);10;15
(1, 2, 10, 15);17;15
(1, 2, 11, 15);16;15
(1, 2, 12, 15);13;15
(1, 2, 13, 15);17;15
(1, 2, 14, 15);16;15
(1, 3, 4, 15);7;15
(1, 3, 5, 15);2;15
(1, 3, 6, 15);9;15
(1, 3, 7, 15);2;15
(1, 3, 8, 15);18;15
(1, 3, 9, 15);2;15
(1, 3, 10, 15);18;31
(1, 3, 11, 15);2;15
(1, 3, 12, 15);24;15
(1, 3, 13, 15);2;15
(1, 3, 14, 15);28;15
(1, 4, 5, 15);8;15
(1, 4, 6, 15);19;15
(1, 4, 7, 15);8;15
(1, 4, 8, 15);19;15
(1, 4, 9, 15);8;31
(1, 4, 10, 15);11;27
(1, 4, 11, 15);19;19
(1, 4, 12, 15);16;15
(1, 4, 13, 15);19;15
(1, 4, 14, 15);46;15
(1, 5, 6, 15);20;15
(1, 5, 7, 15);2;15
(1, 5, 8, 15);16;41
(1, 5, 9, 15);2;15
(1, 5, 10, 15);20;15
(1, 5, 11, 15);2;15
(1, 5, 12, 15);24;15
(1, 5, 13, 15);2;15
(1, 5, 14, 15);28;15
(1, 6, 7, 15);12;15
(1, 6, 8, 15);7;15
(1, 6, 9, 15);24;15
(1, 6, 10, 15);16;15
(1, 6, 11, 15);26;15
(1, 6, 12, 15);9;18
(1, 6, 13, 15);7;15
(1, 6, 14, 15);29;20
(1, 7, 8, 15);16;15
(1, 7, 9, 15);2;15
(1, 7, 10, 15);20;15
(1, 7, 11, 15);2;15
(1, 7, 12, 15);24;15
(1, 7, 13, 15);2;15
(1, 7, 14, 15);28;15
(1, 8, 9, 15);16;15
(1, 8, 10, 15);25;15
(1, 8, 11, 15);16;32
(1, 8, 12, 15);27;15
(1, 8, 13, 15);7;15
(1, 8, 14, 15);29;15
(1, 9, 10, 15);20;15
(1, 9, 11, 15);2;15
(1, 9, 12, 15);24;15
(1, 9, 13, 15);2;15
(1, 9, 14, 15);28;15
(1, 10, 11, 15);20;15
(1, 10, 12, 15);27;15
(1, 10, 13, 15);23;15
(1, 10, 14, 15);29;15
(1, 11, 12, 15);24;15
(1, 11, 13, 15);2;15
(1, 11, 14, 15);28;15
(1, 12, 13, 15);24;15
(1, 12, 14, 15);29;15
(1, 13, 14, 15);28;15
(2, 3, 4, 15);6;15
(2, 3, 5, 15);24;20
(2, 3, 6, 15);9;15
(2, 3, 7, 15);18;35
(2, 3, 8, 15);17;19
(2, 3, 9, 15);17;15
(2, 3, 10, 15);12;15
(2, 3, 11, 15);18;15
(2, 3, 12, 15);9;37
(2, 3, 13, 15);28;19
(2, 3, 14, 15);17;15
(2, 4, 5, 15);26;15
(2, 4, 6, 15);17;15
(2, 4, 7, 15);17;15
(2, 4, 8, 15);6;15
(2, 4, 9, 15);6;15
(2, 4, 10, 15);6;15
(2, 4, 11, 15);13;15
(2, 4, 12, 15);14;16
(2, 4, 13, 15);17;15
(2, 4, 14, 15);6;15
(2, 5, 6, 15);20;15
(2, 5, 7, 15);22;15
(2, 5, 8, 15);10;15
(2, 5, 9, 15);24;15
(2, 5, 10, 15);20;15
(2, 5, 11, 15);13;15
(2, 5, 12, 15);17;15
(2, 5, 13, 15);28;15
(2, 5, 14, 15);20;46
(2, 6, 7, 15);13;15
(2, 6, 8, 15);7;33
(2, 6, 9, 15);21;15
(2, 6, 10, 15);25;15
(2, 6, 11, 15);17;15
(2, 6, 12, 15);21;38
(2, 6, 13, 15);54;15
(2, 6, 14, 15);29;15
(2, 7, 8, 15);23;15
(2, 7, 9, 15);17;15
(2, 7, 10, 15);17;15
(2, 7, 11, 15);22;15
(2, 7, 12, 15);27;15
(2, 7, 13, 15);98;15
(2, 7, 14, 15);21;41
(2, 8, 9, 15);17;15
(2, 8, 10, 15);17;15
(2, 8, 11, 15);13;29
(2, 8, 12, 15);10;21
(2, 8, 13, 15);75;15
(2, 8, 14, 15);17;33
(2, 9, 10, 15);24;15
(2, 9, 11, 15);38;15
(2, 9, 12, 15);24;18
(2, 9, 13, 15);28;15
(2, 9, 14, 15);24;34
(2, 10, 11, 15);21;15
(2, 10, 12, 15);46;15
(2, 10, 13, 15);54;15
(2, 10, 14, 15);29;15
(2, 11, 12, 15);27;15
(2, 11, 13, 15);25;15
(2, 11, 14, 15);25;15
(2, 12, 13, 15);25;15
(2, 12, 14, 15);25;15
(2, 13, 14, 15);28;15
(3, 4, 5, 15);18;15
(3, 4, 6, 15);9;15
(3, 4, 7, 15);10;15
(3, 4, 8, 15);12;15
(3, 4, 9, 15);19;15
(3, 4, 10, 15);19;20
(3, 4, 11, 15);26;15
(3, 4, 12, 15);43;20
(3, 4, 13, 15);18;34
(3, 4, 14, 15);18;15
(3, 5, 6, 15);9;15
(3, 5, 7, 15);10;15
(3, 5, 8, 15);11;15
(3, 5, 9, 15);2;20
(3, 5, 10, 15);20;15
(3, 5, 11, 15);2;28
(3, 5, 12, 15);9;21
(3, 5, 13, 15);18;15
(3, 5, 14, 15);18;15
(3, 6, 7, 15);10;15
(3, 6, 8, 15);11;15
(3, 6, 9, 15);12;15
(3, 6, 10, 15);13;15
(3, 6, 11, 15);9;15
(3, 6, 12, 15);9;15
(3, 6, 13, 15);9;15
(3, 6, 14, 15);9;15
(3, 7, 8, 15);22;15
(3, 7, 9, 15);2;20
(3, 7, 10, 15);13;52
(3, 7, 11, 15);18;15
(3, 7, 12, 15);46;15
(3, 7, 13, 15);2;30
(3, 7, 14, 15);22;15
(3, 8, 9, 15);23;15
(3, 8, 10, 15);18;15
(3, 8, 11, 15);60;15
(3, 8, 12, 15);47;15
(3, 8, 13, 15);28;15
(3, 8, 14, 15);23;26
(3, 9, 10, 15);25;15
(3, 9, 11, 15);2;26
(3, 9, 12, 15);24;15
(3, 9, 13, 15);2;26
(3, 9, 14, 15);29;15
(3, 10, 11, 15);26;15
(3, 10, 12, 15);24;15
(3, 10, 13, 15);24;15
(3, 10, 14, 15);24;15
(3, 11, 12, 15);24;15
(3, 11, 13, 15);24;15
(3, 11, 14, 15);24;15
(3, 12, 13, 15);24;15
(3, 12, 14, 15);24;15
(3, 13, 14, 15);28;15
(4, 5, 6, 15);10;15
(4, 5, 7, 15);11;15
(4, 5, 8, 15);23;15
(4, 5, 9, 15);20;33
(4, 5, 10, 15);20;15
(4, 5, 11, 15);19;17
(4, 5, 12, 15);27;15
(4, 5, 13, 15);28;15
(4, 5, 14, 15);19;15
(4, 6, 7, 15);11;15
(4, 6, 8, 15);23;15
(4, 6, 9, 15);21;38
(4, 6, 10, 15);14;79
(4, 6, 11, 15);113;18
(4, 6, 12, 15);9;17
(4, 6, 13, 15);19;15
(4, 6, 14, 15);10;15
(4, 7, 8, 15);23;15
(4, 7, 9, 15);8;41
(4, 7, 10, 15);25;22
(4, 7, 11, 15);19;15
(4, 7, 12, 15);19;15
(4, 7, 13, 15);20;15
(4, 7, 14, 15);21;15
(4, 8, 9, 15);6;17
(4, 8, 10, 15);6;36
(4, 8, 11, 15);19;15
(4, 8, 12, 15);19;15
(4, 8, 13, 15);19;35
(4, 8, 14, 15);41;15
(4, 9, 10, 15);19;15
(4, 9, 11, 15);26;20
(4, 9, 12, 15);24;21
(4, 9, 13, 15);22;60
(4, 9, 14, 15);18;19
(4, 10, 11, 15);26;47
(4, 10, 12, 15);22;24
(4, 10, 13, 15);28;96
(4, 10, 14, 15);45;15
(4, 11, 12, 15);26;24
(4, 11, 13, 15);26;15
(4, 11, 14, 15);26;15
(4, 12, 13, 15);27;15
(4, 12, 14, 15);27;15
(4, 13, 14, 15);28;23
(5, 6, 7, 15);22;15
(5, 6, 8, 15);23;15
(5, 6, 9, 15);21;21
(5, 6, 10, 15);20;15
(5, 6, 11, 15);20;15
(5, 6, 12, 15);38;36
(5, 6, 13, 15);19;19
(5, 6, 14, 15);20;15
(5, 7, 8, 15);23;15
(5, 7, 9, 15);2;24
(5, 7, 10, 15);20;15
(5, 7, 11, 15);20;15
(5, 7, 12, 15);20;15
(5, 7, 13, 15);20;15
(5, 7, 14, 15);21;20
(5, 8, 9, 15);17;23
(5, 8, 10, 15);20;15
(5, 8, 11, 15);20;15
(5, 8, 12, 15);20;15
(5, 8, 13, 15);20;15
(5, 8, 14, 15);42;20
(5, 9, 10, 15);20;15
(5, 9, 11, 15);20;15
(5, 9, 12, 15);20;15
(5, 9, 13, 15);20;15
(5, 9, 14, 15);20;15
(5, 10, 11, 15);20;15
(5, 10, 12, 15);20;15
(5, 10, 13, 15);20;15
(5, 10, 14, 15);20;15
(5, 11, 12, 15);23;23
(5, 11, 13, 15);2;24
(5, 11, 14, 15);29;71
(5, 12, 13, 15);27;15
(5, 12, 14, 15);27;15
(5, 13, 14, 15);28;15
(6, 7, 8, 15);23;15
(6, 7, 9, 15);21;15
(6, 7, 10, 15);21;15
(6, 7, 11, 15);21;15
(6, 7, 12, 15);21;15
(6, 7, 13, 15);21;15
(6, 7, 14, 15);21;15
(6, 8, 9, 15);21;15
(6, 8, 10, 15);21;15
(6, 8, 11, 15);21;15
(6, 8, 12, 15);21;15
(6, 8, 13, 15);21;15
(6, 8, 14, 15);21;15
(6, 9, 10, 15);21;15
(6, 9, 11, 15);21;15
(6, 9, 12, 15);21;15
(6, 9, 13, 15);21;15
(6, 9, 14, 15);21;15
(6, 10, 11, 15);21;15
(6, 10, 12, 15);21;15
(6, 10, 13, 15);21;15
(6, 10, 14, 15);21;15
(6, 11, 12, 15);21;15
(6, 11, 13, 15);21;15
(6, 11, 14, 15);21;15
(6, 12, 13, 15);21;15
(6, 12, 14, 15);21;15
(6, 13, 14, 15);19;27
(7, 8, 9, 15);22;15
(7, 8, 10, 15);22;15
(7, 8, 11, 15);22;15
(7, 8, 12, 15);22;15
(7, 8, 13, 15);22;15
(7, 8, 14, 15);22;15
(7, 9, 10, 15);22;15
(7, 9, 11, 15);22;15
(7, 9, 12, 15);22;15
(7, 9, 13, 15);22;15
(7, 9, 14, 15);22;15
(7, 10, 11, 15);22;15
(7, 10, 12, 15);22;15
(7, 10, 13, 15);22;15
(7, 10, 14, 15);22;15
(7, 11, 12, 15);22;15
(7, 11, 13, 15);22;15
(7, 11, 14, 15);22;15
(7, 12, 13, 15);22;15
(7, 12, 14, 15);22;15
(7, 13, 14, 15);22;15
(8, 9, 10, 15);23;15
(8, 9, 11, 15);23;15
(8, 9, 12, 15);23;15
(8, 9, 13, 15);23;15
(8, 9, 14, 15);23;15
(8, 10, 11, 15);23;15
(8, 10, 12, 15);23;15
(8, 10, 13, 15);23;15
(8, 10, 14, 15);23;15
(8, 11, 12, 15);23;15
(8, 11, 13, 15);23;15
(8, 11, 14, 15);23;15
(8, 12, 13, 15);23;15
(8, 12, 14, 15);23;15
(8, 13, 14, 15);23;15
(9, 10, 11, 15);24;15
(9, 10, 12, 15);24;15
(9, 10, 13, 15);24;15
(9, 10, 14, 15);24;15
(9, 11, 12, 15);24;15
(9, 11, 13, 15);24;15
(9, 11, 14, 15);24;15
(9, 12, 13, 15);24;15
(9, 12, 14, 15);24;15
(9, 13, 14, 15);24;15
(10, 11, 12, 15);25;15
(10, 11, 13, 15);25;15
(10, 11, 14, 15);25;15
(10, 12, 13, 15);25;15
(10, 12, 14, 15);25;15
(10, 13, 14, 15);25;15
(11, 12, 13, 15);26;15
(11, 12, 14, 15);26;15
(11, 13, 14, 15);26;15
(12, 13, 14, 15);27;15
