S;p;l
(1, 2, 3, 20);21;20
(1, 2, 4, 20);3;20
(1, 2, 5, 20);3;20
(1, 2, 6, 20);7;20
(1, 2, 7, 20);3;20
(1, 2, 8, 20);3;20
(1, 2, 9, 20);21;20
(1, 2, 10, 20);3;20
(1, 2, 11, 20);3;20
(1, 2, 12, 20);35;20
(1, 2, 13, 20);3;20
(1, 2, 14, 20);3;20
(1, 2, 15, 20);38;20
(1, 2, 16, 20);3;20
(1, 2, 17, 20);3;20
(1, 2, 18, 20);19;20
(1, 2, 19, 20);3;20
(1, 3, 4, 20);7;20
(1, 3, 5, 20);25;20
(1, 3, 6, 20);23;20
(1, 3, 7, 20);27;20
(1, 3, 8, 20);23;33
(1, 3, 9, 20);29;20
(1, 3, 10, 20);30;20
(1, 3, 11, 20);31;20
(1, 3, 12, 20);32;20
(1, 3, 13, 20);33;20
(1, 3, 14, 20);17;20
(1, 3, 15, 20);35;20
(1, 3, 16, 20);19;20
(1, 3, 17, 20);37;20
(1, 3, 18, 20);21;20
(1, 3, 19, 20);39;20
(1, 4, 5, 20);8;20
(1, 4, 6, 20);24;20
(1, 4, 7, 20);8;20
(1, 4, 8, 20);12;20
(1, 4, 9, 20);21;36
(1, 4, 10, 20);30;32
(1, 4, 11, 20);24;24
(1, 4, 12, 20);21;20
(1, 4, 13, 20);24;20
(1, 4, 14, 20);34;41
(1, 4, 15, 20);16;37
(1, 4, 16, 20);12;29
(1, 4, 17, 20);21;20
(1, 4, 18, 20);24;20
(1, 4, 19, 20);61;20
(1, 5, 6, 20);23;20
(1, 5, 7, 20);27;20
(1, 5, 8, 20);28;20
(1, 5, 9, 20);29;20
(1, 5, 10, 20);15;20
(1, 5, 11, 20);31;20
(1, 5, 12, 20);17;20
(1, 5, 13, 20);33;20
(1, 5, 14, 20);19;20
(1, 5, 15, 20);35;20
(1, 5, 16, 20);21;20
(1, 5, 17, 20);37;20
(1, 5, 18, 20);23;20
(1, 5, 19, 20);39;20
(1, 6, 7, 20);25;20
(1, 6, 8, 20);7;20
(1, 6, 9, 20);29;20
(1, 6, 10, 20);30;20
(1, 6, 11, 20);31;20
(1, 6, 12, 20);7;35
(1, 6, 13, 20);7;20
(1, 6, 14, 20);71;20
(1, 6, 15, 20);7;20
(1, 6, 16, 20);36;20
(1, 6, 17, 20);37;20
(1, 6, 18, 20);19;20
(1, 6, 19, 20);39;20
(1, 7, 8, 20);15;20
(1, 7, 9, 20);29;20
(1, 7, 10, 20);17;20
(1, 7, 11, 20);31;20
(1, 7, 12, 20);19;20
(1, 7, 13, 20);33;20
(1, 7, 14, 20);21;20
(1, 7, 15, 20);35;20
(1, 7, 16, 20);23;20
(1, 7, 17, 20);37;20
(1, 7, 18, 20);25;20
(1, 7, 19, 20);39;20
(1, 8, 9, 20);45;21
(1, 8, 10, 20);30;20
(1, 8, 11, 20);19;20
(1, 8, 12, 20);28;20
(1, 8, 13, 20);21;20
(1, 8, 14, 20);28;20
(1, 8, 15, 20);7;22
(1, 8, 16, 20);28;20
(1, 8, 17, 20);37;22
(1, 8, 18, 20);26;48
(1, 8, 19, 20);39;20
(1, 9, 10, 20);19;20
(1, 9, 11, 20);31;20
(1, 9, 12, 20);21;20
(1, 9, 13, 20);33;20
(1, 9, 14, 20);23;20
(1, 9, 15, 20);35;20
(1, 9, 16, 20);25;20
(1, 9, 17, 20);37;20
(1, 9, 18, 20);27;20
(1, 9, 19, 20);39;20
(1, 10, 11, 20);21;20
(1, 10, 12, 20);30;20
(1, 10, 13, 20);30;41
(1, 10, 14, 20);30;20
(1, 10, 15, 20);30;32
(1, 10, 16, 20);30;20
(1, 10, 17, 20);32;61
(1, 10, 18, 20);30;20
(1, 10, 19, 20);181;20
(1, 11, 12, 20);23;20
(1, 11, 13, 20);33;20
(1, 11, 14, 20);25;20
(1, 11, 15, 20);35;20
(1, 11, 16, 20);27;20
(1, 11, 17, 20);37;20
(1, 11, 18, 20);29;20
(1, 11, 19, 20);39;20
(1, 12, 13, 20);25;20
(1, 12, 14, 20);32;20
(1, 12, 15, 20);32;27
(1, 12, 16, 20);32;20
(1, 12, 17, 20);34;29
(1, 12, 18, 20);32;20
(1, 12, 19, 20);145;20
(1, 13, 14, 20);27;20
(1, 13, 15, 20);35;20
(1, 13, 16, 20);29;20
(1, 13, 17, 20);37;20
(1, 13, 18, 20);31;20
(1, 13, 19, 20);39;20
(1, 14, 15, 20);29;20
(1, 14, 16, 20);34;20
(1, 14, 17, 20);34;20
(1, 14, 18, 20);34;20
(1, 14, 19, 20);109;20
(1, 15, 16, 20);31;20
(1, 15, 17, 20);37;20
(1, 15, 18, 20);33;20
(1, 15, 19, 20);39;20
(1, 16, 17, 20);33;20
(1, 16, 18, 20);36;20
(1, 16, 19, 20);73;20
(1, 17, 18, 20);35;20
(1, 17, 19, 20);39;20
(1, 18, 19, 20);37;20
(2, 3, 4, 20);6;20
(2, 3, 5, 20);22;20
(2, 3, 6, 20);9;20
(2, 3, 7, 20);23;33
(2, 3, 8, 20);22;24
(2, 3, 9, 20);11;20
(2, 3, 10, 20);6;26
(2, 3, 11, 20);23;20
(2, 3, 12, 20);23;47
(2, 3, 13, 20);11;29
(2, 3, 14, 20);22;20
(2, 3, 15, 20);17;20
(2, 3, 16, 20);23;20
(2, 3, 17, 20);37;47
(2, 3, 18, 20);38;24
(2, 3, 19, 20);22;20
(2, 4, 5, 20);22;20
(2, 4, 6, 20);8;20
(2, 4, 7, 20);33;20
(2, 4, 8, 20);6;20
(2, 4, 9, 20);6;20
(2, 4, 10, 20);6;20
(2, 4, 11, 20);22;20
(2, 4, 12, 20);22;20
(2, 4, 13, 20);39;20
(2, 4, 14, 20);6;20
(2, 4, 15, 20);6;20
(2, 4, 16, 20);6;20
(2, 4, 17, 20);3;21
(2, 4, 18, 20);22;20
(2, 4, 19, 20);23;20
(2, 5, 6, 20);11;20
(2, 5, 7, 20);22;20
(2, 5, 8, 20);22;31
(2, 5, 9, 20);25;20
(2, 5, 10, 20);15;20
(2, 5, 11, 20);22;23
(2, 5, 12, 20);32;20
(2, 5, 13, 20);18;20
(2, 5, 14, 20);22;28
(2, 5, 15, 20);35;20
(2, 5, 16, 20);25;20
(2, 5, 17, 20);22;20
(2, 5, 18, 20);95;20
(2, 5, 19, 20);39;20
(2, 6, 7, 20);13;20
(2, 6, 8, 20);14;20
(2, 6, 9, 20);26;20
(2, 6, 10, 20);30;20
(2, 6, 11, 20);26;20
(2, 6, 12, 20);18;20
(2, 6, 13, 20);26;20
(2, 6, 14, 20);34;20
(2, 6, 15, 20);26;24
(2, 6, 16, 20);22;20
(2, 6, 17, 20);26;27
(2, 6, 18, 20);38;20
(2, 6, 19, 20);13;32
(2, 7, 8, 20);28;20
(2, 7, 9, 20);41;21
(2, 7, 10, 20);30;20
(2, 7, 11, 20);9;20
(2, 7, 12, 20);32;20
(2, 7, 13, 20);59;68
(2, 7, 14, 20);3;61
(2, 7, 15, 20);22;20
(2, 7, 16, 20);9;20
(2, 7, 17, 20);37;20
(2, 7, 18, 20);61;61
(2, 7, 19, 20);13;26
(2, 8, 9, 20);11;32
(2, 8, 10, 20);6;34
(2, 8, 11, 20);22;31
(2, 8, 12, 20);28;20
(2, 8, 13, 20);11;37
(2, 8, 14, 20);22;20
(2, 8, 15, 20);17;78
(2, 8, 16, 20);28;20
(2, 8, 17, 20);22;69
(2, 8, 18, 20);62;20
(2, 8, 19, 20);22;69
(2, 9, 10, 20);30;20
(2, 9, 11, 20);101;149
(2, 9, 12, 20);32;20
(2, 9, 13, 20);11;20
(2, 9, 14, 20);11;33
(2, 9, 15, 20);17;40
(2, 9, 16, 20);18;20
(2, 9, 17, 20);37;20
(2, 9, 18, 20);37;29
(2, 9, 19, 20);39;39
(2, 10, 11, 20);30;20
(2, 10, 12, 20);22;20
(2, 10, 13, 20);30;20
(2, 10, 14, 20);34;20
(2, 10, 15, 20);30;20
(2, 10, 16, 20);26;20
(2, 10, 17, 20);30;23
(2, 10, 18, 20);38;20
(2, 10, 19, 20);30;28
(2, 11, 12, 20);32;20
(2, 11, 13, 20);119;57
(2, 11, 14, 20);34;20
(2, 11, 15, 20);35;20
(2, 11, 16, 20);9;20
(2, 11, 17, 20);22;47
(2, 11, 18, 20);74;30
(2, 11, 19, 20);39;20
(2, 12, 13, 20);25;25
(2, 12, 14, 20);26;20
(2, 12, 15, 20);27;26
(2, 12, 16, 20);32;20
(2, 12, 17, 20);29;79
(2, 12, 18, 20);66;20
(2, 12, 19, 20);31;84
(2, 13, 14, 20);34;20
(2, 13, 15, 20);111;40
(2, 13, 16, 20);29;20
(2, 13, 17, 20);37;20
(2, 13, 18, 20);37;33
(2, 13, 19, 20);11;145
(2, 14, 15, 20);34;20
(2, 14, 16, 20);30;20
(2, 14, 17, 20);34;20
(2, 14, 18, 20);38;20
(2, 14, 19, 20);34;24
(2, 15, 16, 20);31;20
(2, 15, 17, 20);95;47
(2, 15, 18, 20);38;20
(2, 15, 19, 20);39;20
(2, 16, 17, 20);33;33
(2, 16, 18, 20);34;20
(2, 16, 19, 20);35;20
(2, 17, 18, 20);38;20
(2, 17, 19, 20);71;20
(2, 18, 19, 20);38;20
(3, 4, 5, 20);8;20
(3, 4, 6, 20);26;20
(3, 4, 7, 20);23;20
(3, 4, 8, 20);12;20
(3, 4, 9, 20);24;31
(3, 4, 10, 20);30;20
(3, 4, 11, 20);23;26
(3, 4, 12, 20);23;20
(3, 4, 13, 20);16;20
(3, 4, 14, 20);17;20
(3, 4, 15, 20);24;24
(3, 4, 16, 20);55;79
(3, 4, 17, 20);37;20
(3, 4, 18, 20);38;26
(3, 4, 19, 20);23;20
(3, 5, 6, 20);26;20
(3, 5, 7, 20);23;20
(3, 5, 8, 20);23;20
(3, 5, 9, 20);29;32
(3, 5, 10, 20);15;20
(3, 5, 11, 20);8;20
(3, 5, 12, 20);8;20
(3, 5, 13, 20);8;20
(3, 5, 14, 20);17;20
(3, 5, 15, 20);35;20
(3, 5, 16, 20);21;52
(3, 5, 17, 20);37;21
(3, 5, 18, 20);23;20
(3, 5, 19, 20);8;20
(3, 6, 7, 20);23;20
(3, 6, 8, 20);23;20
(3, 6, 9, 20);12;20
(3, 6, 10, 20);39;20
(3, 6, 11, 20);9;20
(3, 6, 12, 20);26;20
(3, 6, 13, 20);26;20
(3, 6, 14, 20);26;20
(3, 6, 15, 20);9;21
(3, 6, 16, 20);9;22
(3, 6, 17, 20);23;20
(3, 6, 18, 20);23;20
(3, 6, 19, 20);48;20
(3, 7, 8, 20);27;20
(3, 7, 9, 20);40;20
(3, 7, 10, 20);13;34
(3, 7, 11, 20);23;26
(3, 7, 12, 20);23;36
(3, 7, 13, 20);27;75
(3, 7, 14, 20);27;26
(3, 7, 15, 20);18;49
(3, 7, 16, 20);23;20
(3, 7, 17, 20);85;30
(3, 7, 18, 20);25;77
(3, 7, 19, 20);27;36
(3, 8, 9, 20);17;20
(3, 8, 10, 20);6;21
(3, 8, 11, 20);28;75
(3, 8, 12, 20);28;54
(3, 8, 13, 20);33;20
(3, 8, 14, 20);28;20
(3, 8, 15, 20);23;20
(3, 8, 16, 20);47;46
(3, 8, 17, 20);161;20
(3, 8, 18, 20);38;20
(3, 8, 19, 20);39;20
(3, 9, 10, 20);30;20
(3, 9, 11, 20);53;45
(3, 9, 12, 20);23;20
(3, 9, 13, 20);11;23
(3, 9, 14, 20);23;20
(3, 9, 15, 20);35;20
(3, 9, 16, 20);36;20
(3, 9, 17, 20);35;20
(3, 9, 18, 20);27;92
(3, 9, 19, 20);28;29
(3, 10, 11, 20);30;36
(3, 10, 12, 20);30;26
(3, 10, 13, 20);23;20
(3, 10, 14, 20);6;46
(3, 10, 15, 20);30;20
(3, 10, 16, 20);6;133
(3, 10, 17, 20);137;20
(3, 10, 18, 20);30;123
(3, 10, 19, 20);29;33
(3, 11, 12, 20);23;20
(3, 11, 13, 20);8;62
(3, 11, 14, 20);23;20
(3, 11, 15, 20);18;93
(3, 11, 16, 20);23;46
(3, 11, 17, 20);37;20
(3, 11, 18, 20);38;26
(3, 11, 19, 20);23;26
(3, 12, 13, 20);8;39
(3, 12, 14, 20);32;81
(3, 12, 15, 20);75;20
(3, 12, 16, 20);32;46
(3, 12, 17, 20);37;27
(3, 12, 18, 20);38;28
(3, 12, 19, 20);23;26
(3, 13, 14, 20);33;20
(3, 13, 15, 20);28;27
(3, 13, 16, 20);29;20
(3, 13, 17, 20);30;71
(3, 13, 18, 20);54;60
(3, 13, 19, 20);33;97
(3, 14, 15, 20);29;20
(3, 14, 16, 20);6;58
(3, 14, 17, 20);99;20
(3, 14, 18, 20);17;51
(3, 14, 19, 20);39;20
(3, 15, 16, 20);36;20
(3, 15, 17, 20);35;20
(3, 15, 18, 20);35;20
(3, 15, 19, 20);34;23
(3, 16, 17, 20);35;20
(3, 16, 18, 20);35;20
(3, 16, 19, 20);35;20
(3, 17, 18, 20);35;20
(3, 17, 19, 20);35;20
(3, 18, 19, 20);38;70
(4, 5, 6, 20);24;20
(4, 5, 7, 20);24;20
(4, 5, 8, 20);12;20
(4, 5, 9, 20);13;20
(4, 5, 10, 20);15;20
(4, 5, 11, 20);16;20
(4, 5, 12, 20);25;20
(4, 5, 13, 20);25;26
(4, 5, 14, 20);34;20
(4, 5, 15, 20);35;20
(4, 5, 16, 20);57;59
(4, 5, 17, 20);56;65
(4, 5, 18, 20);24;33
(4, 5, 19, 20);24;20
(4, 6, 7, 20);24;20
(4, 6, 8, 20);12;20
(4, 6, 9, 20);13;20
(4, 6, 10, 20);14;20
(4, 6, 11, 20);24;36
(4, 6, 12, 20);26;20
(4, 6, 13, 20);26;20
(4, 6, 14, 20);26;46
(4, 6, 15, 20);19;135
(4, 6, 16, 20);12;28
(4, 6, 17, 20);24;28
(4, 6, 18, 20);24;20
(4, 6, 19, 20);24;20
(4, 7, 8, 20);12;20
(4, 7, 9, 20);13;20
(4, 7, 10, 20);14;20
(4, 7, 11, 20);15;20
(4, 7, 12, 20);27;27
(4, 7, 13, 20);95;20
(4, 7, 14, 20);11;44
(4, 7, 15, 20);27;63
(4, 7, 16, 20);12;28
(4, 7, 17, 20);24;20
(4, 7, 18, 20);24;20
(4, 7, 19, 20);24;20
(4, 8, 9, 20);13;20
(4, 8, 10, 20);14;20
(4, 8, 11, 20);15;20
(4, 8, 12, 20);16;20
(4, 8, 13, 20);17;20
(4, 8, 14, 20);6;20
(4, 8, 15, 20);12;20
(4, 8, 16, 20);12;20
(4, 8, 17, 20);12;20
(4, 8, 18, 20);12;20
(4, 8, 19, 20);12;20
(4, 9, 10, 20);43;42
(4, 9, 11, 20);15;27
(4, 9, 12, 20);29;26
(4, 9, 13, 20);17;45
(4, 9, 14, 20);6;39
(4, 9, 15, 20);24;20
(4, 9, 16, 20);61;20
(4, 9, 17, 20);29;70
(4, 9, 18, 20);27;158
(4, 9, 19, 20);39;46
(4, 10, 11, 20);30;20
(4, 10, 12, 20);30;20
(4, 10, 13, 20);23;21
(4, 10, 14, 20);24;20
(4, 10, 15, 20);6;65
(4, 10, 16, 20);62;20
(4, 10, 17, 20);51;145
(4, 10, 18, 20);30;34
(4, 10, 19, 20);30;72
(4, 11, 12, 20);31;20
(4, 11, 13, 20);24;20
(4, 11, 14, 20);25;24
(4, 11, 15, 20);56;20
(4, 11, 16, 20);63;20
(4, 11, 17, 20);37;43
(4, 11, 18, 20);38;20
(4, 11, 19, 20);31;35
(4, 12, 13, 20);33;20
(4, 12, 14, 20);34;20
(4, 12, 15, 20);35;35
(4, 12, 16, 20);32;20
(4, 12, 17, 20);37;34
(4, 12, 18, 20);38;20
(4, 12, 19, 20);39;20
(4, 13, 14, 20);34;20
(4, 13, 15, 20);35;58
(4, 13, 16, 20);32;20
(4, 13, 17, 20);32;20
(4, 13, 18, 20);31;29
(4, 13, 19, 20);32;20
(4, 14, 15, 20);29;87
(4, 14, 16, 20);32;20
(4, 14, 17, 20);32;20
(4, 14, 18, 20);32;20
(4, 14, 19, 20);33;32
(4, 15, 16, 20);32;20
(4, 15, 17, 20);32;20
(4, 15, 18, 20);32;20
(4, 15, 19, 20);32;20
(4, 16, 17, 20);32;20
(4, 16, 18, 20);32;20
(4, 16, 19, 20);32;20
(4, 17, 18, 20);35;102
(4, 17, 19, 20);39;36
(4, 18, 19, 20);38;20
(5, 6, 7, 20);25;20
(5, 6, 8, 20);13;20
(5, 6, 9, 20);14;20
(5, 6, 10, 20);15;20
(5, 6, 11, 20);17;31
(5, 6, 12, 20);26;48
(5, 6, 13, 20);26;20
(5, 6, 14, 20);115;142
(5, 6, 15, 20);35;20
(5, 6, 16, 20);36;20
(5, 6, 17, 20);37;30
(5, 6, 18, 20);25;30
(5, 6, 19, 20);25;20
(5, 7, 8, 20);13;20
(5, 7, 9, 20);14;20
(5, 7, 10, 20);15;20
(5, 7, 11, 20);31;20
(5, 7, 12, 20);79;59
(5, 7, 13, 20);122;207
(5, 7, 14, 20);3;67
(5, 7, 15, 20);35;20
(5, 7, 16, 20);36;20
(5, 7, 17, 20);37;20
(5, 7, 18, 20);25;20
(5, 7, 19, 20);25;20
(5, 8, 9, 20);14;20
(5, 8, 10, 20);15;20
(5, 8, 11, 20);31;20
(5, 8, 12, 20);28;75
(5, 8, 13, 20);7;123
(5, 8, 14, 20);25;28
(5, 8, 15, 20);35;21
(5, 8, 16, 20);12;22
(5, 8, 17, 20);25;20
(5, 8, 18, 20);13;20
(5, 8, 19, 20);13;20
(5, 9, 10, 20);15;20
(5, 9, 11, 20);31;20
(5, 9, 12, 20);32;71
(5, 9, 13, 20);18;33
(5, 9, 14, 20);23;87
(5, 9, 15, 20);24;21
(5, 9, 16, 20);25;20
(5, 9, 17, 20);26;20
(5, 9, 18, 20);27;20
(5, 9, 19, 20);14;20
(5, 10, 11, 20);15;21
(5, 10, 12, 20);15;22
(5, 10, 13, 20);23;22
(5, 10, 14, 20);24;21
(5, 10, 15, 20);25;20
(5, 10, 16, 20);26;20
(5, 10, 17, 20);27;20
(5, 10, 18, 20);28;20
(5, 10, 19, 20);29;20
(5, 11, 12, 20);8;20
(5, 11, 13, 20);8;42
(5, 11, 14, 20);25;20
(5, 11, 15, 20);26;50
(5, 11, 16, 20);27;104
(5, 11, 17, 20);25;28
(5, 11, 18, 20);54;47
(5, 11, 19, 20);8;30
(5, 12, 13, 20);25;20
(5, 12, 14, 20);34;26
(5, 12, 15, 20);35;25
(5, 12, 16, 20);32;87
(5, 12, 17, 20);57;53
(5, 12, 18, 20);17;144
(5, 12, 19, 20);24;25
(5, 13, 14, 20);34;26
(5, 13, 15, 20);35;20
(5, 13, 16, 20);18;81
(5, 13, 17, 20);22;110
(5, 13, 18, 20);149;20
(5, 13, 19, 20);8;38
(5, 14, 15, 20);35;20
(5, 14, 16, 20);34;31
(5, 14, 17, 20);34;20
(5, 14, 18, 20);34;33
(5, 14, 19, 20);161;20
(5, 15, 16, 20);35;20
(5, 15, 17, 20);35;20
(5, 15, 18, 20);35;20
(5, 15, 19, 20);35;20
(5, 16, 17, 20);36;30
(5, 16, 18, 20);36;30
(5, 16, 19, 20);36;30
(5, 17, 18, 20);37;30
(5, 17, 19, 20);37;30
(5, 18, 19, 20);25;30
(6, 7, 8, 20);14;20
(6, 7, 9, 20);29;20
(6, 7, 10, 20);30;20
(6, 7, 11, 20);13;40
(6, 7, 12, 20);18;54
(6, 7, 13, 20);149;141
(6, 7, 14, 20);90;51
(6, 7, 15, 20);13;35
(6, 7, 16, 20);36;20
(6, 7, 17, 20);37;20
(6, 7, 18, 20);38;20
(6, 7, 19, 20);13;20
(6, 8, 9, 20);29;20
(6, 8, 10, 20);30;20
(6, 8, 11, 20);31;20
(6, 8, 12, 20);14;28
(6, 8, 13, 20);7;71
(6, 8, 14, 20);26;20
(6, 8, 15, 20);7;81
(6, 8, 16, 20);12;26
(6, 8, 17, 20);50;26
(6, 8, 18, 20);26;20
(6, 8, 19, 20);27;20
(6, 9, 10, 20);30;20
(6, 9, 11, 20);31;20
(6, 9, 12, 20);18;61
(6, 9, 13, 20);26;66
(6, 9, 14, 20);26;20
(6, 9, 15, 20);26;20
(6, 9, 16, 20);25;71
(6, 9, 17, 20);26;20
(6, 9, 18, 20);27;20
(6, 9, 19, 20);28;20
(6, 10, 11, 20);47;37
(6, 10, 12, 20);8;30
(6, 10, 13, 20);30;83
(6, 10, 14, 20);26;20
(6, 10, 15, 20);26;20
(6, 10, 16, 20);26;20
(6, 10, 17, 20);27;20
(6, 10, 18, 20);28;20
(6, 10, 19, 20);29;20
(6, 11, 12, 20);17;30
(6, 11, 13, 20);31;55
(6, 11, 14, 20);26;20
(6, 11, 15, 20);26;20
(6, 11, 16, 20);26;20
(6, 11, 17, 20);26;20
(6, 11, 18, 20);31;86
(6, 11, 19, 20);13;54
(6, 12, 13, 20);26;49
(6, 12, 14, 20);26;20
(6, 12, 15, 20);26;20
(6, 12, 16, 20);26;20
(6, 12, 17, 20);26;20
(6, 12, 18, 20);26;20
(6, 12, 19, 20);57;78
(6, 13, 14, 20);26;54
(6, 13, 15, 20);7;98
(6, 13, 16, 20);22;72
(6, 13, 17, 20);26;83
(6, 13, 18, 20);38;55
(6, 13, 19, 20);163;20
(6, 14, 15, 20);34;97
(6, 14, 16, 20);30;60
(6, 14, 17, 20);34;68
(6, 14, 18, 20);62;24
(6, 14, 19, 20);62;20
(6, 15, 16, 20);22;85
(6, 15, 17, 20);35;20
(6, 15, 18, 20);35;20
(6, 15, 19, 20);98;94
(6, 16, 17, 20);36;20
(6, 16, 18, 20);36;20
(6, 16, 19, 20);36;20
(6, 17, 18, 20);37;36
(6, 17, 19, 20);37;20
(6, 18, 19, 20);38;20
(7, 8, 9, 20);29;20
(7, 8, 10, 20);30;20
(7, 8, 11, 20);31;28
(7, 8, 12, 20);28;23
(7, 8, 13, 20);27;20
(7, 8, 14, 20);27;20
(7, 8, 15, 20);27;20
(7, 8, 16, 20);51;134
(7, 8, 17, 20);25;26
(7, 8, 18, 20);26;26
(7, 8, 19, 20);27;20
(7, 9, 10, 20);30;20
(7, 9, 11, 20);31;20
(7, 9, 12, 20);8;66
(7, 9, 13, 20);27;20
(7, 9, 14, 20);27;20
(7, 9, 15, 20);27;20
(7, 9, 16, 20);27;20
(7, 9, 17, 20);26;49
(7, 9, 18, 20);27;20
(7, 9, 19, 20);28;20
(7, 10, 11, 20);30;66
(7, 10, 12, 20);30;108
(7, 10, 13, 20);27;20
(7, 10, 14, 20);27;20
(7, 10, 15, 20);27;20
(7, 10, 16, 20);27;20
(7, 10, 17, 20);27;20
(7, 10, 18, 20);28;20
(7, 10, 19, 20);29;27
(7, 11, 12, 20);32;62
(7, 11, 13, 20);27;20
(7, 11, 14, 20);27;20
(7, 11, 15, 20);27;20
(7, 11, 16, 20);27;20
(7, 11, 17, 20);27;20
(7, 11, 18, 20);27;20
(7, 11, 19, 20);57;54
(7, 12, 13, 20);27;20
(7, 12, 14, 20);27;20
(7, 12, 15, 20);27;20
(7, 12, 16, 20);27;20
(7, 12, 17, 20);27;20
(7, 12, 18, 20);27;20
(7, 12, 19, 20);27;20
(7, 13, 14, 20);27;20
(7, 13, 15, 20);27;20
(7, 13, 16, 20);27;20
(7, 13, 17, 20);27;20
(7, 13, 18, 20);27;20
(7, 13, 19, 20);27;20
(7, 14, 15, 20);27;20
(7, 14, 16, 20);27;20
(7, 14, 17, 20);27;20
(7, 14, 18, 20);27;20
(7, 14, 19, 20);27;20
(7, 15, 16, 20);31;54
(7, 15, 17, 20);8;104
(7, 15, 18, 20);38;73
(7, 15, 19, 20);13;77
(7, 16, 17, 20);60;78
(7, 16, 18, 20);36;33
(7, 16, 19, 20);99;20
(7, 17, 18, 20);37;25
(7, 17, 19, 20);37;25
(7, 18, 19, 20);38;26
(8, 9, 10, 20);30;20
(8, 9, 11, 20);31;39
(8, 9, 12, 20);28;20
(8, 9, 13, 20);28;20
(8, 9, 14, 20);28;20
(8, 9, 15, 20);28;20
(8, 9, 16, 20);28;20
(8, 9, 17, 20);28;20
(8, 9, 18, 20);27;27
(8, 9, 19, 20);28;20
(8, 10, 11, 20);3;119
(8, 10, 12, 20);28;20
(8, 10, 13, 20);28;20
(8, 10, 14, 20);28;20
(8, 10, 15, 20);28;20
(8, 10, 16, 20);28;20
(8, 10, 17, 20);28;20
(8, 10, 18, 20);28;20
(8, 10, 19, 20);29;20
(8, 11, 12, 20);28;20
(8, 11, 13, 20);28;20
(8, 11, 14, 20);28;20
(8, 11, 15, 20);28;20
(8, 11, 16, 20);28;20
(8, 11, 17, 20);28;20
(8, 11, 18, 20);28;20
(8, 11, 19, 20);28;20
(8, 12, 13, 20);28;20
(8, 12, 14, 20);28;20
(8, 12, 15, 20);28;20
(8, 12, 16, 20);28;20
(8, 12, 17, 20);28;20
(8, 12, 18, 20);28;20
(8, 12, 19, 20);28;20
(8, 13, 14, 20);28;20
(8, 13, 15, 20);28;20
(8, 13, 16, 20);28;20
(8, 13, 17, 20);28;20
(8, 13, 18, 20);28;20
(8, 13, 19, 20);28;20
(8, 14, 15, 20);28;20
(8, 14, 16, 20);28;20
(8, 14, 17, 20);28;20
(8, 14, 18, 20);28;20
(8, 14, 19, 20);28;20
(8, 15, 16, 20);28;20
(8, 15, 17, 20);28;20
(8, 15, 18, 20);28;20
(8, 15, 19, 20);28;20
(8, 16, 17, 20);28;20
(8, 16, 18, 20);28;20
(8, 16, 19, 20);28;20
(8, 17, 18, 20);63;90
(8, 17, 19, 20);25;101
(8, 18, 19, 20);26;28
(9, 10, 11, 20);29;20
(9, 10, 12, 20);29;20
(9, 10, 13, 20);29;20
(9, 10, 14, 20);29;20
(9, 10, 15, 20);29;20
(9, 10, 16, 20);29;20
(9, 10, 17, 20);29;20
(9, 10, 18, 20);29;20
(9, 10, 19, 20);29;20
(9, 11, 12, 20);29;20
(9, 11, 13, 20);29;20
(9, 11, 14, 20);29;20
(9, 11, 15, 20);29;20
(9, 11, 16, 20);29;20
(9, 11, 17, 20);29;20
(9, 11, 18, 20);29;20
(9, 11, 19, 20);29;20
(9, 12, 13, 20);29;20
(9, 12, 14, 20);29;20
(9, 12, 15, 20);29;20
(9, 12, 16, 20);29;20
(9, 12, 17, 20);29;20
(9, 12, 18, 20);29;20
(9, 12, 19, 20);29;20
(9, 13, 14, 20);29;20
(9, 13, 15, 20);29;20
(9, 13, 16, 20);29;20
(9, 13, 17, 20);29;20
(9, 13, 18, 20);29;20
(9, 13, 19, 20);29;20
(9, 14, 15, 20);29;20
(9, 14, 16, 20);29;20
(9, 14, 17, 20);29;20
(9, 14, 18, 20);29;20
(9, 14, 19, 20);29;20
(9, 15, 16, 20);29;20
(9, 15, 17, 20);29;20
(9, 15, 18, 20);29;20
(9, 15, 19, 20);29;20
(9, 16, 17, 20);29;20
(9, 16, 18, 20);29;20
(9, 16, 19, 20);29;20
(9, 17, 18, 20);29;20
(9, 17, 19, 20);29;20
(9, 18, 19, 20);29;20
(10, 11, 12, 20);30;20
(10, 11, 13, 20);30;20
(10, 11, 14, 20);30;20
(10, 11, 15, 20);30;20
(10, 11, 16, 20);30;20
(10, 11, 17, 20);30;20
(10, 11, 18, 20);30;20
(10, 11, 19, 20);30;20
(10, 12, 13, 20);30;20
(10, 12, 14, 20);30;20
(10, 12, 15, 20);30;20
(10, 12, 16, 20);30;20
(10, 12, 17, 20);30;20
(10, 12, 18, 20);30;20
(10, 12, 19, 20);30;20
(10, 13, 14, 20);30;20
(10, 13, 15, 20);30;20
(10, 13, 16, 20);30;20
(10, 13, 17, 20);30;20
(10, 13, 18, 20);30;20
(10, 13, 19, 20);30;20
(10, 14, 15, 20);30;20
(10, 14, 16, 20);30;20
(10, 14, 17, 20);30;20
(10, 14, 18, 20);30;20
(10, 14, 19, 20);30;20
(10, 15, 16, 20);30;20
(10, 15, 17, 20);30;20
(10, 15, 18, 20);30;20
(10, 15, 19, 20);30;20
(10, 16, 17, 20);30;20
(10, 16, 18, 20);30;20
(10, 16, 19, 20);30;20
(10, 17, 18, 20);30;20
(10, 17, 19, 20);30;20
(10, 18, 19, 20);30;20
(11, 12, 13, 20);31;20
(11, 12, 14, 20);31;20
(11, 12, 15, 20);31;20
(11, 12, 16, 20);31;20
(11, 12, 17, 20);31;20
(11, 12, 18, 20);31;20
(11, 12, 19, 20);31;20
(11, 13, 14, 20);31;20
(11, 13, 15, 20);31;20
(11, 13, 16, 20);31;20
(11, 13, 17, 20);31;20
(11, 13, 18, 20);31;20
(11, 13, 19, 20);31;20
(11, 14, 15, 20);31;20
(11, 14, 16, 20);31;20
(11, 14, 17, 20);31;20
(11, 14, 18, 20);31;20
(11, 14, 19, 20);31;20
(11, 15, 16, 20);31;20
(11, 15, 17, 20);31;20
(11, 15, 18, 20);31;20
(11, 15, 19, 20);31;20
(11, 16, 17, 20);31;20
(11, 16, 18, 20);31;20
(11, 16, 19, 20);31;20
(11, 17, 18, 20);31;20
(11, 17, 19, 20);31;20
(11, 18, 19, 20);31;20
(12, 13, 14, 20);32;20
(12, 13, 15, 20);32;20
(12, 13, 16, 20);32;20
(12, 13, 17, 20);32;20
(12, 13, 18, 20);32;20
(12, 13, 19, 20);32;20
(12, 14, 15, 20);32;20
(12, 14, 16, 20);32;20
(12, 14, 17, 20);32;20
(12, 14, 18, 20);32;20
(12, 14, 19, 20);32;20
(12, 15, 16, 20);32;20
(12, 15, 17, 20);32;20
(12, 15, 18, 20);32;20
(12, 15, 19, 20);32;20
(12, 16, 17, 20);32;20
(12, 16, 18, 20);32;20
(12, 16, 19, 20);32;20
(12, 17, 18, 20);32;20
(12, 17, 19, 20);32;20
(12, 18, 19, 20);32;20
(13, 14, 15, 20);33;20
(13, 14, 16, 20);33;20
(13, 14, 17, 20);33;20
(13, 14, 18, 20);33;20
(13, 14, 19, 20);33;20
(13, 15, 16, 20);33;20
(13, 15, 17, 20);33;20
(13, 15, 18, 20);33;20
(13, 15, 19, 20);33;20
(13, 16, 17, 20);33;20
(13, 16, 18, 20);33;20
(13, 16, 19, 20);33;20
(13, 17, 18, 20);33;20
(13, 17, 19, 20);33;20
(13, 18, 19, 20);33;20
(14, 15, 16, 20);34;20
(14, 15, 17, 20);34;20
(14, 15, 18, 20);34;20
(14, 15, 19, 20);34;20
(14, 16, 17, 20);34;20
(14, 16, 18, 20);34;20
(14, 16, 19, 20);34;20
(14, 17, 18, 20);34;20
(14, 17, 19, 20);34;20
(14, 18, 19, 20);34;20
(15, 16, 17, 20);35;20
(15, 16, 18, 20);35;20
(15, 16, 19, 20);35;20
(15, 17, 18, 20);35;20
(15, 17, 19, 20);35;20
(15, 18, 19, 20);35;20
(16, 17, 18, 20);36;20
(16, 17, 19, 20);36;20
(16, 18, 19, 20);36;20
(17, 18, 19, 20);37;20
