S;p;l
(1, 2, 3, 19);4;19
(1, 2, 4, 19);3;19
(1, 2, 5, 19);3;19
(1, 2, 6, 19);7;19
(1, 2, 7, 19);3;19
(1, 2, 8, 19);3;19
(1, 2, 9, 19);10;19
(1, 2, 10, 19);3;19
(1, 2, 11, 19);3;19
(1, 2, 12, 19);20;19
(1, 2, 13, 19);3;19
(1, 2, 14, 19);3;19
(1, 2, 15, 19);20;19
(1, 2, 16, 19);3;19
(1, 2, 17, 19);3;19
(1, 2, 18, 19);20;19
(1, 3, 4, 19);22;19
(1, 3, 5, 19);2;19
(1, 3, 6, 19);9;19
(1, 3, 7, 19);2;19
(1, 3, 8, 19);11;19
(1, 3, 9, 19);2;19
(1, 3, 10, 19);22;19
(1, 3, 11, 19);2;19
(1, 3, 12, 19);22;21
(1, 3, 13, 19);2;19
(1, 3, 14, 19);60;25
(1, 3, 15, 19);2;19
(1, 3, 16, 19);32;19
(1, 3, 17, 19);2;19
(1, 3, 18, 19);36;19
(1, 4, 5, 19);8;19
(1, 4, 6, 19);5;19
(1, 4, 7, 19);26;19
(1, 4, 8, 19);23;28
(1, 4, 9, 19);5;19
(1, 4, 10, 19);20;46
(1, 4, 11, 19);5;19
(1, 4, 12, 19);31;19
(1, 4, 13, 19);32;19
(1, 4, 14, 19);5;19
(1, 4, 15, 19);46;19
(1, 4, 16, 19);5;19
(1, 4, 17, 19);18;19
(1, 4, 18, 19);37;19
(1, 5, 6, 19);11;19
(1, 5, 7, 19);2;19
(1, 5, 8, 19);24;19
(1, 5, 9, 19);2;19
(1, 5, 10, 19);24;19
(1, 5, 11, 19);2;19
(1, 5, 12, 19);24;19
(1, 5, 13, 19);2;19
(1, 5, 14, 19);28;19
(1, 5, 15, 19);2;19
(1, 5, 16, 19);32;19
(1, 5, 17, 19);2;19
(1, 5, 18, 19);36;19
(1, 6, 7, 19);12;19
(1, 6, 8, 19);25;19
(1, 6, 9, 19);5;21
(1, 6, 10, 19);25;19
(1, 6, 11, 19);5;53
(1, 6, 12, 19);18;19
(1, 6, 13, 19);32;19
(1, 6, 14, 19);20;19
(1, 6, 15, 19);25;25
(1, 6, 16, 19);5;44
(1, 6, 17, 19);25;19
(1, 6, 18, 19);96;19
(1, 7, 8, 19);29;20
(1, 7, 9, 19);2;19
(1, 7, 10, 19);20;34
(1, 7, 11, 19);2;19
(1, 7, 12, 19);24;19
(1, 7, 13, 19);2;19
(1, 7, 14, 19);28;19
(1, 7, 15, 19);2;19
(1, 7, 16, 19);32;19
(1, 7, 17, 19);2;19
(1, 7, 18, 19);36;19
(1, 8, 9, 19);16;19
(1, 8, 10, 19);9;19
(1, 8, 11, 19);52;34
(1, 8, 12, 19);20;19
(1, 8, 13, 19);32;19
(1, 8, 14, 19);11;22
(1, 8, 15, 19);34;19
(1, 8, 16, 19);35;24
(1, 8, 17, 19);9;19
(1, 8, 18, 19);37;26
(1, 9, 10, 19);20;19
(1, 9, 11, 19);2;19
(1, 9, 12, 19);24;19
(1, 9, 13, 19);2;19
(1, 9, 14, 19);28;19
(1, 9, 15, 19);2;19
(1, 9, 16, 19);32;19
(1, 9, 17, 19);2;19
(1, 9, 18, 19);36;19
(1, 10, 11, 19);20;19
(1, 10, 12, 19);31;19
(1, 10, 13, 19);20;37
(1, 10, 14, 19);33;19
(1, 10, 15, 19);34;19
(1, 10, 16, 19);35;19
(1, 10, 17, 19);9;19
(1, 10, 18, 19);37;19
(1, 11, 12, 19);24;19
(1, 11, 13, 19);2;19
(1, 11, 14, 19);28;19
(1, 11, 15, 19);2;19
(1, 11, 16, 19);32;19
(1, 11, 17, 19);2;19
(1, 11, 18, 19);36;19
(1, 12, 13, 19);24;19
(1, 12, 14, 19);33;19
(1, 12, 15, 19);27;33
(1, 12, 16, 19);35;19
(1, 12, 17, 19);29;19
(1, 12, 18, 19);37;19
(1, 13, 14, 19);28;19
(1, 13, 15, 19);2;19
(1, 13, 16, 19);32;19
(1, 13, 17, 19);2;19
(1, 13, 18, 19);36;19
(1, 14, 15, 19);28;19
(1, 14, 16, 19);35;19
(1, 14, 17, 19);31;19
(1, 14, 18, 19);37;19
(1, 15, 16, 19);32;19
(1, 15, 17, 19);2;19
(1, 15, 18, 19);36;19
(1, 16, 17, 19);32;19
(1, 16, 18, 19);37;19
(1, 17, 18, 19);36;19
(2, 3, 4, 19);23;19
(2, 3, 5, 19);7;19
(2, 3, 6, 19);22;19
(2, 3, 7, 19);26;19
(2, 3, 8, 19);21;19
(2, 3, 9, 19);11;19
(2, 3, 10, 19);13;47
(2, 3, 11, 19);22;19
(2, 3, 12, 19);31;19
(2, 3, 13, 19);21;19
(2, 3, 14, 19);16;19
(2, 3, 15, 19);17;19
(2, 3, 16, 19);82;19
(2, 3, 17, 19);36;19
(2, 3, 18, 19);21;19
(2, 4, 5, 19);7;19
(2, 4, 6, 19);8;19
(2, 4, 7, 19);3;19
(2, 4, 8, 19);23;19
(2, 4, 9, 19);23;19
(2, 4, 10, 19);3;20
(2, 4, 11, 19);21;19
(2, 4, 12, 19);7;19
(2, 4, 13, 19);3;19
(2, 4, 14, 19);23;19
(2, 4, 15, 19);23;19
(2, 4, 16, 19);3;20
(2, 4, 17, 19);21;19
(2, 4, 18, 19);21;19
(2, 5, 6, 19);25;19
(2, 5, 7, 19);46;19
(2, 5, 8, 19);27;19
(2, 5, 9, 19);7;19
(2, 5, 10, 19);36;19
(2, 5, 11, 19);30;19
(2, 5, 12, 19);7;19
(2, 5, 13, 19);32;19
(2, 5, 14, 19);72;39
(2, 5, 15, 19);17;19
(2, 5, 16, 19);7;19
(2, 5, 17, 19);7;31
(2, 5, 18, 19);37;37
(2, 6, 7, 19);13;19
(2, 6, 8, 19);14;20
(2, 6, 9, 19);25;50
(2, 6, 10, 19);29;19
(2, 6, 11, 19);17;19
(2, 6, 12, 19);25;24
(2, 6, 13, 19);58;19
(2, 6, 14, 19);33;19
(2, 6, 15, 19);21;19
(2, 6, 16, 19);25;46
(2, 6, 17, 19);70;19
(2, 6, 18, 19);37;19
(2, 7, 8, 19);26;30
(2, 7, 9, 19);16;21
(2, 7, 10, 19);17;19
(2, 7, 11, 19);26;19
(2, 7, 12, 19);31;19
(2, 7, 13, 19);26;30
(2, 7, 14, 19);21;19
(2, 7, 15, 19);26;19
(2, 7, 16, 19);35;19
(2, 7, 17, 19);160;19
(2, 7, 18, 19);25;49
(2, 8, 9, 19);11;32
(2, 8, 10, 19);45;21
(2, 8, 11, 19);43;39
(2, 8, 12, 19);27;27
(2, 8, 13, 19);21;19
(2, 8, 14, 19);16;19
(2, 8, 15, 19);27;27
(2, 8, 16, 19);24;27
(2, 8, 17, 19);95;19
(2, 8, 18, 19);21;51
(2, 9, 10, 19);28;19
(2, 9, 11, 19);38;19
(2, 9, 12, 19);21;19
(2, 9, 13, 19);32;19
(2, 9, 14, 19);28;19
(2, 9, 15, 19);24;19
(2, 9, 16, 19);7;22
(2, 9, 17, 19);36;19
(2, 9, 18, 19);28;28
(2, 10, 11, 19);21;19
(2, 10, 12, 19);46;19
(2, 10, 13, 19);29;19
(2, 10, 14, 19);33;19
(2, 10, 15, 19);25;19
(2, 10, 16, 19);29;54
(2, 10, 17, 19);70;19
(2, 10, 18, 19);37;19
(2, 11, 12, 19);31;19
(2, 11, 13, 19);25;19
(2, 11, 14, 19);25;19
(2, 11, 15, 19);30;19
(2, 11, 16, 19);35;19
(2, 11, 17, 19);130;19
(2, 11, 18, 19);29;57
(2, 12, 13, 19);32;46
(2, 12, 14, 19);25;19
(2, 12, 15, 19);17;49
(2, 12, 16, 19);7;59
(2, 12, 17, 19);7;124
(2, 12, 18, 19);31;22
(2, 13, 14, 19);32;19
(2, 13, 15, 19);54;19
(2, 13, 16, 19);32;22
(2, 13, 17, 19);36;19
(2, 13, 18, 19);32;32
(2, 14, 15, 19);29;19
(2, 14, 16, 19);62;19
(2, 14, 17, 19);70;19
(2, 14, 18, 19);37;19
(2, 15, 16, 19);35;19
(2, 15, 17, 19);33;19
(2, 15, 18, 19);33;19
(2, 16, 17, 19);33;19
(2, 16, 18, 19);33;19
(2, 17, 18, 19);36;19
(3, 4, 5, 19);8;19
(3, 4, 6, 19);32;23
(3, 4, 7, 19);22;19
(3, 4, 8, 19);23;19
(3, 4, 9, 19);23;25
(3, 4, 10, 19);29;19
(3, 4, 11, 19);22;19
(3, 4, 12, 19);15;19
(3, 4, 13, 19);16;19
(3, 4, 14, 19);23;40
(3, 4, 15, 19);168;111
(3, 4, 16, 19);35;19
(3, 4, 17, 19);36;19
(3, 4, 18, 19);22;19
(3, 5, 6, 19);33;19
(3, 5, 7, 19);22;19
(3, 5, 8, 19);11;19
(3, 5, 9, 19);2;24
(3, 5, 10, 19);15;19
(3, 5, 11, 19);8;19
(3, 5, 12, 19);8;19
(3, 5, 13, 19);8;19
(3, 5, 14, 19);33;19
(3, 5, 15, 19);2;32
(3, 5, 16, 19);74;43
(3, 5, 17, 19);22;19
(3, 5, 18, 19);23;19
(3, 6, 7, 19);22;19
(3, 6, 8, 19);11;19
(3, 6, 9, 19);12;19
(3, 6, 10, 19);13;19
(3, 6, 11, 19);22;19
(3, 6, 12, 19);25;19
(3, 6, 13, 19);25;19
(3, 6, 14, 19);17;24
(3, 6, 15, 19);22;21
(3, 6, 16, 19);22;19
(3, 6, 17, 19);22;19
(3, 6, 18, 19);22;19
(3, 7, 8, 19);26;19
(3, 7, 9, 19);2;24
(3, 7, 10, 19);13;47
(3, 7, 11, 19);2;38
(3, 7, 12, 19);31;59
(3, 7, 13, 19);26;19
(3, 7, 14, 19);21;25
(3, 7, 15, 19);22;19
(3, 7, 16, 19);110;19
(3, 7, 17, 19);2;34
(3, 7, 18, 19);26;25
(3, 8, 9, 19);28;19
(3, 8, 10, 19);11;27
(3, 8, 11, 19);102;173
(3, 8, 12, 19);31;19
(3, 8, 13, 19);16;19
(3, 8, 14, 19);11;19
(3, 8, 15, 19);34;19
(3, 8, 16, 19);11;59
(3, 8, 17, 19);20;47
(3, 8, 18, 19);37;22
(3, 9, 10, 19);28;19
(3, 9, 11, 19);2;52
(3, 9, 12, 19);22;19
(3, 9, 13, 19);22;19
(3, 9, 14, 19);28;19
(3, 9, 15, 19);34;19
(3, 9, 16, 19);34;19
(3, 9, 17, 19);2;64
(3, 9, 18, 19);28;27
(3, 10, 11, 19);29;25
(3, 10, 12, 19);22;19
(3, 10, 13, 19);22;19
(3, 10, 14, 19);29;84
(3, 10, 15, 19);29;68
(3, 10, 16, 19);35;19
(3, 10, 17, 19);36;25
(3, 10, 18, 19);29;25
(3, 11, 12, 19);15;19
(3, 11, 13, 19);2;46
(3, 11, 14, 19);118;35
(3, 11, 15, 19);2;30
(3, 11, 16, 19);35;19
(3, 11, 17, 19);36;19
(3, 11, 18, 19);22;25
(3, 12, 13, 19);16;38
(3, 12, 14, 19);11;61
(3, 12, 15, 19);78;19
(3, 12, 16, 19);7;83
(3, 12, 17, 19);29;27
(3, 12, 18, 19);15;28
(3, 13, 14, 19);27;19
(3, 13, 15, 19);28;19
(3, 13, 16, 19);90;19
(3, 13, 17, 19);2;30
(3, 13, 18, 19);37;31
(3, 14, 15, 19);34;19
(3, 14, 16, 19);67;61
(3, 14, 17, 19);94;19
(3, 14, 18, 19);32;22
(3, 15, 16, 19);34;19
(3, 15, 17, 19);34;19
(3, 15, 18, 19);34;19
(3, 16, 17, 19);34;19
(3, 16, 18, 19);34;19
(3, 17, 18, 19);36;42
(4, 5, 6, 19);23;19
(4, 5, 7, 19);23;19
(4, 5, 8, 19);12;19
(4, 5, 9, 19);13;19
(4, 5, 10, 19);15;19
(4, 5, 11, 19);8;20
(4, 5, 12, 19);24;19
(4, 5, 13, 19);8;57
(4, 5, 14, 19);33;19
(4, 5, 15, 19);118;26
(4, 5, 16, 19);3;76
(4, 5, 17, 19);23;44
(4, 5, 18, 19);23;19
(4, 6, 7, 19);23;19
(4, 6, 8, 19);12;19
(4, 6, 9, 19);13;19
(4, 6, 10, 19);14;19
(4, 6, 11, 19);5;44
(4, 6, 12, 19);25;19
(4, 6, 13, 19);25;69
(4, 6, 14, 19);5;56
(4, 6, 15, 19);34;27
(4, 6, 16, 19);23;27
(4, 6, 17, 19);23;19
(4, 6, 18, 19);23;19
(4, 7, 8, 19);12;19
(4, 7, 9, 19);13;19
(4, 7, 10, 19);14;19
(4, 7, 11, 19);15;19
(4, 7, 12, 19);40;19
(4, 7, 13, 19);23;49
(4, 7, 14, 19);11;33
(4, 7, 15, 19);34;19
(4, 7, 16, 19);23;19
(4, 7, 17, 19);23;19
(4, 7, 18, 19);23;19
(4, 8, 9, 19);13;19
(4, 8, 10, 19);14;19
(4, 8, 11, 19);15;19
(4, 8, 12, 19);16;20
(4, 8, 13, 19);17;20
(4, 8, 14, 19);23;20
(4, 8, 15, 19);23;19
(4, 8, 16, 19);12;19
(4, 8, 17, 19);12;19
(4, 8, 18, 19);12;19
(4, 9, 10, 19);28;19
(4, 9, 11, 19);5;46
(4, 9, 12, 19);31;47
(4, 9, 13, 19);17;67
(4, 9, 14, 19);23;19
(4, 9, 15, 19);82;20
(4, 9, 16, 19);5;78
(4, 9, 17, 19);36;39
(4, 9, 18, 19);28;19
(4, 10, 11, 19);29;19
(4, 10, 12, 19);22;19
(4, 10, 13, 19);23;19
(4, 10, 14, 19);100;19
(4, 10, 15, 19);34;78
(4, 10, 16, 19);23;35
(4, 10, 17, 19);36;40
(4, 10, 18, 19);29;55
(4, 11, 12, 19);23;19
(4, 11, 13, 19);8;28
(4, 11, 14, 19);5;74
(4, 11, 15, 19);116;19
(4, 11, 16, 19);5;92
(4, 11, 17, 19);36;19
(4, 11, 18, 19);37;19
(4, 12, 13, 19);32;19
(4, 12, 14, 19);31;59
(4, 12, 15, 19);31;19
(4, 12, 16, 19);31;19
(4, 12, 17, 19);31;88
(4, 12, 18, 19);30;23
(4, 13, 14, 19);33;19
(4, 13, 15, 19);31;19
(4, 13, 16, 19);31;19
(4, 13, 17, 19);31;19
(4, 13, 18, 19);31;19
(4, 14, 15, 19);31;19
(4, 14, 16, 19);31;19
(4, 14, 17, 19);31;19
(4, 14, 18, 19);31;19
(4, 15, 16, 19);31;19
(4, 15, 17, 19);31;19
(4, 15, 18, 19);31;19
(4, 16, 17, 19);23;93
(4, 16, 18, 19);57;84
(4, 17, 18, 19);36;35
(5, 6, 7, 19);12;19
(5, 6, 8, 19);13;19
(5, 6, 9, 19);14;19
(5, 6, 10, 19);29;19
(5, 6, 11, 19);25;41
(5, 6, 12, 19);25;19
(5, 6, 13, 19);25;152
(5, 6, 14, 19);33;32
(5, 6, 15, 19);34;19
(5, 6, 16, 19);35;19
(5, 6, 17, 19);12;29
(5, 6, 18, 19);24;19
(5, 7, 8, 19);13;19
(5, 7, 9, 19);14;19
(5, 7, 10, 19);29;19
(5, 7, 11, 19);2;42
(5, 7, 12, 19);106;56
(5, 7, 13, 19);2;52
(5, 7, 14, 19);94;22
(5, 7, 15, 19);34;19
(5, 7, 16, 19);35;19
(5, 7, 17, 19);12;19
(5, 7, 18, 19);12;19
(5, 8, 9, 19);14;19
(5, 8, 10, 19);29;19
(5, 8, 11, 19);30;19
(5, 8, 12, 19);27;48
(5, 8, 13, 19);3;119
(5, 8, 14, 19);24;45
(5, 8, 15, 19);23;21
(5, 8, 16, 19);24;19
(5, 8, 17, 19);25;19
(5, 8, 18, 19);13;19
(5, 9, 10, 19);29;19
(5, 9, 11, 19);2;56
(5, 9, 12, 19);7;27
(5, 9, 13, 19);2;50
(5, 9, 14, 19);24;19
(5, 9, 15, 19);24;19
(5, 9, 16, 19);25;19
(5, 9, 17, 19);26;19
(5, 9, 18, 19);27;19
(5, 10, 11, 19);15;21
(5, 10, 12, 19);15;22
(5, 10, 13, 19);23;45
(5, 10, 14, 19);24;19
(5, 10, 15, 19);24;19
(5, 10, 16, 19);50;24
(5, 10, 17, 19);51;74
(5, 10, 18, 19);52;24
(5, 11, 12, 19);8;38
(5, 11, 13, 19);24;19
(5, 11, 14, 19);33;48
(5, 11, 15, 19);2;52
(5, 11, 16, 19);130;24
(5, 11, 17, 19);2;50
(5, 11, 18, 19);23;24
(5, 12, 13, 19);8;50
(5, 12, 14, 19);33;25
(5, 12, 15, 19);34;27
(5, 12, 16, 19);7;66
(5, 12, 17, 19);134;19
(5, 12, 18, 19);23;36
(5, 13, 14, 19);33;93
(5, 13, 15, 19);2;60
(5, 13, 16, 19);32;19
(5, 13, 17, 19);2;60
(5, 13, 18, 19);146;19
(5, 14, 15, 19);33;30
(5, 14, 16, 19);33;31
(5, 14, 17, 19);33;32
(5, 14, 18, 19);33;19
(5, 15, 16, 19);34;19
(5, 15, 17, 19);34;19
(5, 15, 18, 19);34;19
(5, 16, 17, 19);35;29
(5, 16, 18, 19);35;29
(5, 17, 18, 19);12;29
(6, 7, 8, 19);27;19
(6, 7, 9, 19);28;19
(6, 7, 10, 19);29;19
(6, 7, 11, 19);13;48
(6, 7, 12, 19);79;52
(6, 7, 13, 19);25;19
(6, 7, 14, 19);21;96
(6, 7, 15, 19);13;60
(6, 7, 16, 19);35;25
(6, 7, 17, 19);12;25
(6, 7, 18, 19);25;19
(6, 8, 9, 19);28;19
(6, 8, 10, 19);29;19
(6, 8, 11, 19);30;40
(6, 8, 12, 19);7;68
(6, 8, 13, 19);25;19
(6, 8, 14, 19);25;19
(6, 8, 15, 19);25;91
(6, 8, 16, 19);24;44
(6, 8, 17, 19);25;19
(6, 8, 18, 19);26;19
(6, 9, 10, 19);29;19
(6, 9, 11, 19);15;28
(6, 9, 12, 19);25;70
(6, 9, 13, 19);25;19
(6, 9, 14, 19);25;19
(6, 9, 15, 19);25;19
(6, 9, 16, 19);25;19
(6, 9, 17, 19);26;24
(6, 9, 18, 19);27;19
(6, 10, 11, 19);21;36
(6, 10, 12, 19);9;76
(6, 10, 13, 19);25;19
(6, 10, 14, 19);25;19
(6, 10, 15, 19);25;19
(6, 10, 16, 19);25;19
(6, 10, 17, 19);25;74
(6, 10, 18, 19);37;56
(6, 11, 12, 19);25;47
(6, 11, 13, 19);25;19
(6, 11, 14, 19);25;19
(6, 11, 15, 19);25;19
(6, 11, 16, 19);25;19
(6, 11, 17, 19);25;19
(6, 11, 18, 19);29;79
(6, 12, 13, 19);25;19
(6, 12, 14, 19);25;19
(6, 12, 15, 19);25;19
(6, 12, 16, 19);25;19
(6, 12, 17, 19);25;19
(6, 12, 18, 19);25;19
(6, 13, 14, 19);82;109
(6, 13, 15, 19);54;101
(6, 13, 16, 19);87;29
(6, 13, 17, 19);32;117
(6, 13, 18, 19);84;19
(6, 14, 15, 19);29;58
(6, 14, 16, 19);5;89
(6, 14, 17, 19);23;104
(6, 14, 18, 19);37;65
(6, 15, 16, 19);34;19
(6, 15, 17, 19);34;19
(6, 15, 18, 19);34;19
(6, 16, 17, 19);35;19
(6, 16, 18, 19);35;19
(6, 17, 18, 19);36;19
(7, 8, 9, 19);28;19
(7, 8, 10, 19);29;19
(7, 8, 11, 19);3;93
(7, 8, 12, 19);26;19
(7, 8, 13, 19);26;19
(7, 8, 14, 19);26;19
(7, 8, 15, 19);26;19
(7, 8, 16, 19);50;48
(7, 8, 17, 19);25;25
(7, 8, 18, 19);26;19
(7, 9, 10, 19);29;19
(7, 9, 11, 19);2;58
(7, 9, 12, 19);26;19
(7, 9, 13, 19);26;19
(7, 9, 14, 19);26;19
(7, 9, 15, 19);26;19
(7, 9, 16, 19);26;19
(7, 9, 17, 19);26;19
(7, 9, 18, 19);27;19
(7, 10, 11, 19);17;65
(7, 10, 12, 19);26;19
(7, 10, 13, 19);26;19
(7, 10, 14, 19);26;19
(7, 10, 15, 19);26;19
(7, 10, 16, 19);26;19
(7, 10, 17, 19);26;19
(7, 10, 18, 19);54;19
(7, 11, 12, 19);26;19
(7, 11, 13, 19);26;19
(7, 11, 14, 19);26;19
(7, 11, 15, 19);26;19
(7, 11, 16, 19);26;19
(7, 11, 17, 19);26;19
(7, 11, 18, 19);26;19
(7, 12, 13, 19);26;19
(7, 12, 14, 19);26;19
(7, 12, 15, 19);26;19
(7, 12, 16, 19);26;19
(7, 12, 17, 19);26;19
(7, 12, 18, 19);26;19
(7, 13, 14, 19);26;19
(7, 13, 15, 19);26;19
(7, 13, 16, 19);26;19
(7, 13, 17, 19);26;19
(7, 13, 18, 19);26;19
(7, 14, 15, 19);26;19
(7, 14, 16, 19);26;19
(7, 14, 17, 19);26;19
(7, 14, 18, 19);26;19
(7, 15, 16, 19);57;103
(7, 15, 17, 19);2;54
(7, 15, 18, 19);86;19
(7, 16, 17, 19);35;33
(7, 16, 18, 19);35;33
(7, 17, 18, 19);12;26
(8, 9, 10, 19);29;19
(8, 9, 11, 19);27;19
(8, 9, 12, 19);27;19
(8, 9, 13, 19);27;19
(8, 9, 14, 19);27;19
(8, 9, 15, 19);27;19
(8, 9, 16, 19);27;19
(8, 9, 17, 19);27;19
(8, 9, 18, 19);27;19
(8, 10, 11, 19);27;19
(8, 10, 12, 19);27;19
(8, 10, 13, 19);27;19
(8, 10, 14, 19);27;19
(8, 10, 15, 19);27;19
(8, 10, 16, 19);27;19
(8, 10, 17, 19);27;19
(8, 10, 18, 19);27;19
(8, 11, 12, 19);27;19
(8, 11, 13, 19);27;19
(8, 11, 14, 19);27;19
(8, 11, 15, 19);27;19
(8, 11, 16, 19);27;19
(8, 11, 17, 19);27;19
(8, 11, 18, 19);27;19
(8, 12, 13, 19);27;19
(8, 12, 14, 19);27;19
(8, 12, 15, 19);27;19
(8, 12, 16, 19);27;19
(8, 12, 17, 19);27;19
(8, 12, 18, 19);27;19
(8, 13, 14, 19);27;19
(8, 13, 15, 19);27;19
(8, 13, 16, 19);27;19
(8, 13, 17, 19);27;19
(8, 13, 18, 19);27;19
(8, 14, 15, 19);27;19
(8, 14, 16, 19);27;19
(8, 14, 17, 19);27;19
(8, 14, 18, 19);27;19
(8, 15, 16, 19);27;19
(8, 15, 17, 19);27;19
(8, 15, 18, 19);27;19
(8, 16, 17, 19);27;19
(8, 16, 18, 19);27;19
(8, 17, 18, 19);25;35
(9, 10, 11, 19);28;19
(9, 10, 12, 19);28;19
(9, 10, 13, 19);28;19
(9, 10, 14, 19);28;19
(9, 10, 15, 19);28;19
(9, 10, 16, 19);28;19
(9, 10, 17, 19);28;19
(9, 10, 18, 19);28;19
(9, 11, 12, 19);28;19
(9, 11, 13, 19);28;19
(9, 11, 14, 19);28;19
(9, 11, 15, 19);28;19
(9, 11, 16, 19);28;19
(9, 11, 17, 19);28;19
(9, 11, 18, 19);28;19
(9, 12, 13, 19);28;19
(9, 12, 14, 19);28;19
(9, 12, 15, 19);28;19
(9, 12, 16, 19);28;19
(9, 12, 17, 19);28;19
(9, 12, 18, 19);28;19
(9, 13, 14, 19);28;19
(9, 13, 15, 19);28;19
(9, 13, 16, 19);28;19
(9, 13, 17, 19);28;19
(9, 13, 18, 19);28;19
(9, 14, 15, 19);28;19
(9, 14, 16, 19);28;19
(9, 14, 17, 19);28;19
(9, 14, 18, 19);28;19
(9, 15, 16, 19);28;19
(9, 15, 17, 19);28;19
(9, 15, 18, 19);28;19
(9, 16, 17, 19);28;19
(9, 16, 18, 19);28;19
(9, 17, 18, 19);28;19
(10, 11, 12, 19);29;19
(10, 11, 13, 19);29;19
(10, 11, 14, 19);29;19
(10, 11, 15, 19);29;19
(10, 11, 16, 19);29;19
(10, 11, 17, 19);29;19
(10, 11, 18, 19);29;19
(10, 12, 13, 19);29;19
(10, 12, 14, 19);29;19
(10, 12, 15, 19);29;19
(10, 12, 16, 19);29;19
(10, 12, 17, 19);29;19
(10, 12, 18, 19);29;19
(10, 13, 14, 19);29;19
(10, 13, 15, 19);29;19
(10, 13, 16, 19);29;19
(10, 13, 17, 19);29;19
(10, 13, 18, 19);29;19
(10, 14, 15, 19);29;19
(10, 14, 16, 19);29;19
(10, 14, 17, 19);29;19
(10, 14, 18, 19);29;19
(10, 15, 16, 19);29;19
(10, 15, 17, 19);29;19
(10, 15, 18, 19);29;19
(10, 16, 17, 19);29;19
(10, 16, 18, 19);29;19
(10, 17, 18, 19);29;19
(11, 12, 13, 19);30;19
(11, 12, 14, 19);30;19
(11, 12, 15, 19);30;19
(11, 12, 16, 19);30;19
(11, 12, 17, 19);30;19
(11, 12, 18, 19);30;19
(11, 13, 14, 19);30;19
(11, 13, 15, 19);30;19
(11, 13, 16, 19);30;19
(11, 13, 17, 19);30;19
(11, 13, 18, 19);30;19
(11, 14, 15, 19);30;19
(11, 14, 16, 19);30;19
(11, 14, 17, 19);30;19
(11, 14, 18, 19);30;19
(11, 15, 16, 19);30;19
(11, 15, 17, 19);30;19
(11, 15, 18, 19);30;19
(11, 16, 17, 19);30;19
(11, 16, 18, 19);30;19
(11, 17, 18, 19);30;19
(12, 13, 14, 19);31;19
(12, 13, 15, 19);31;19
(12, 13, 16, 19);31;19
(12, 13, 17, 19);31;19
(12, 13, 18, 19);31;19
(12, 14, 15, 19);31;19
(12, 14, 16, 19);31;19
(12, 14, 17, 19);31;19
(12, 14, 18, 19);31;19
(12, 15, 16, 19);31;19
(12, 15, 17, 19);31;19
(12, 15, 18, 19);31;19
(12, 16, 17, 19);31;19
(12, 16, 18, 19);31;19
(12, 17, 18, 19);31;19
(13, 14, 15, 19);32;19
(13, 14, 16, 19);32;19
(13, 14, 17, 19);32;19
(13, 14, 18, 19);32;19
(13, 15, 16, 19);32;19
(13, 15, 17, 19);32;19
(13, 15, 18, 19);32;19
(13, 16, 17, 19);32;19
(13, 16, 18, 19);32;19
(13, 17, 18, 19);32;19
(14, 15, 16, 19);33;19
(14, 15, 17, 19);33;19
(14, 15, 18, 19);33;19
(14, 16, 17, 19);33;19
(14, 16, 18, 19);33;19
(14, 17, 18, 19);33;19
(15, 16, 17, 19);34;19
(15, 16, 18, 19);34;19
(15, 17, 18, 19);34;19
(16, 17, 18, 19);35;19
