S;p;l
(1, 2, 3, 18);4;18
(1, 2, 4, 18);20;18
(1, 2, 5, 18);19;18
(1, 2, 6, 18);19;18
(1, 2, 7, 18);20;18
(1, 2, 8, 18);19;18
(1, 2, 9, 18);10;18
(1, 2, 10, 18);20;18
(1, 2, 11, 18);19;18
(1, 2, 12, 18);13;18
(1, 2, 13, 18);20;18
(1, 2, 14, 18);19;18
(1, 2, 15, 18);16;18
(1, 2, 16, 18);20;18
(1, 2, 17, 18);19;18
(1, 3, 4, 18);7;18
(1, 3, 5, 18);23;18
(1, 3, 6, 18);21;18
(1, 3, 7, 18);25;18
(1, 3, 8, 18);26;18
(1, 3, 9, 18);27;18
(1, 3, 10, 18);28;18
(1, 3, 11, 18);29;18
(1, 3, 12, 18);15;18
(1, 3, 13, 18);31;18
(1, 3, 14, 18);17;18
(1, 3, 15, 18);33;18
(1, 3, 16, 18);19;18
(1, 3, 17, 18);35;18
(1, 4, 5, 18);31;19
(1, 4, 6, 18);22;18
(1, 4, 7, 18);19;18
(1, 4, 8, 18);12;18
(1, 4, 9, 18);27;18
(1, 4, 10, 18);11;30
(1, 4, 11, 18);22;18
(1, 4, 12, 18);19;32
(1, 4, 13, 18);17;18
(1, 4, 14, 18);32;18
(1, 4, 15, 18);19;18
(1, 4, 16, 18);22;18
(1, 4, 17, 18);55;18
(1, 5, 6, 18);23;18
(1, 5, 7, 18);25;18
(1, 5, 8, 18);13;18
(1, 5, 9, 18);27;18
(1, 5, 10, 18);15;18
(1, 5, 11, 18);29;18
(1, 5, 12, 18);17;18
(1, 5, 13, 18);31;18
(1, 5, 14, 18);19;18
(1, 5, 15, 18);33;18
(1, 5, 16, 18);21;18
(1, 5, 17, 18);35;18
(1, 6, 7, 18);12;18
(1, 6, 8, 18);26;18
(1, 6, 9, 18);27;18
(1, 6, 10, 18);28;18
(1, 6, 11, 18);12;18
(1, 6, 12, 18);24;18
(1, 6, 13, 18);19;18
(1, 6, 14, 18);43;22
(1, 6, 15, 18);33;18
(1, 6, 16, 18);17;18
(1, 6, 17, 18);35;18
(1, 7, 8, 18);15;18
(1, 7, 9, 18);27;18
(1, 7, 10, 18);17;18
(1, 7, 11, 18);29;18
(1, 7, 12, 18);19;18
(1, 7, 13, 18);31;18
(1, 7, 14, 18);21;18
(1, 7, 15, 18);33;18
(1, 7, 16, 18);23;18
(1, 7, 17, 18);35;18
(1, 8, 9, 18);17;67
(1, 8, 10, 18);26;18
(1, 8, 11, 18);19;18
(1, 8, 12, 18);26;18
(1, 8, 13, 18);26;20
(1, 8, 14, 18);26;18
(1, 8, 15, 18);33;20
(1, 8, 16, 18);26;18
(1, 8, 17, 18);127;18
(1, 9, 10, 18);19;18
(1, 9, 11, 18);29;18
(1, 9, 12, 18);21;18
(1, 9, 13, 18);31;18
(1, 9, 14, 18);23;18
(1, 9, 15, 18);33;18
(1, 9, 16, 18);25;18
(1, 9, 17, 18);35;18
(1, 10, 11, 18);21;18
(1, 10, 12, 18);28;18
(1, 10, 13, 18);28;30
(1, 10, 14, 18);28;18
(1, 10, 15, 18);30;25
(1, 10, 16, 18);28;18
(1, 10, 17, 18);129;18
(1, 11, 12, 18);23;18
(1, 11, 13, 18);31;18
(1, 11, 14, 18);25;18
(1, 11, 15, 18);33;18
(1, 11, 16, 18);27;18
(1, 11, 17, 18);35;18
(1, 12, 13, 18);25;18
(1, 12, 14, 18);30;18
(1, 12, 15, 18);30;18
(1, 12, 16, 18);30;18
(1, 12, 17, 18);97;18
(1, 13, 14, 18);27;18
(1, 13, 15, 18);33;18
(1, 13, 16, 18);29;18
(1, 13, 17, 18);35;18
(1, 14, 15, 18);29;18
(1, 14, 16, 18);32;18
(1, 14, 17, 18);65;18
(1, 15, 16, 18);31;18
(1, 15, 17, 18);35;18
(1, 16, 17, 18);33;18
(2, 3, 4, 18);20;18
(2, 3, 5, 18);7;18
(2, 3, 6, 18);21;18
(2, 3, 7, 18);5;18
(2, 3, 8, 18);5;18
(2, 3, 9, 18);27;18
(2, 3, 10, 18);20;45
(2, 3, 11, 18);34;32
(2, 3, 12, 18);5;18
(2, 3, 13, 18);5;18
(2, 3, 14, 18);16;18
(2, 3, 15, 18);47;41
(2, 3, 16, 18);34;18
(2, 3, 17, 18);5;18
(2, 4, 5, 18);7;18
(2, 4, 6, 18);8;18
(2, 4, 7, 18);20;18
(2, 4, 8, 18);22;18
(2, 4, 9, 18);33;18
(2, 4, 10, 18);20;18
(2, 4, 11, 18);20;18
(2, 4, 12, 18);14;18
(2, 4, 13, 18);37;18
(2, 4, 14, 18);22;18
(2, 4, 15, 18);17;22
(2, 4, 16, 18);20;18
(2, 4, 17, 18);20;18
(2, 5, 6, 18);23;18
(2, 5, 7, 18);23;23
(2, 5, 8, 18);10;18
(2, 5, 9, 18);27;18
(2, 5, 10, 18);23;18
(2, 5, 11, 18);13;18
(2, 5, 12, 18);10;28
(2, 5, 13, 18);23;66
(2, 5, 14, 18);16;35
(2, 5, 15, 18);20;18
(2, 5, 16, 18);34;18
(2, 5, 17, 18);23;36
(2, 6, 7, 18);25;18
(2, 6, 8, 18);24;18
(2, 6, 9, 18);27;18
(2, 6, 10, 18);4;18
(2, 6, 11, 18);29;18
(2, 6, 12, 18);24;18
(2, 6, 13, 18);31;18
(2, 6, 14, 18);4;18
(2, 6, 15, 18);33;18
(2, 6, 16, 18);32;18
(2, 6, 17, 18);35;18
(2, 7, 8, 18);5;22
(2, 7, 9, 18);16;31
(2, 7, 10, 18);25;18
(2, 7, 11, 18);25;68
(2, 7, 12, 18);5;22
(2, 7, 13, 18);20;18
(2, 7, 14, 18);25;25
(2, 7, 15, 18);25;43
(2, 7, 16, 18);90;26
(2, 7, 17, 18);24;18
(2, 8, 9, 18);27;31
(2, 8, 10, 18);16;18
(2, 8, 11, 18);13;42
(2, 8, 12, 18);10;18
(2, 8, 13, 18);5;18
(2, 8, 14, 18);16;18
(2, 8, 15, 18);10;23
(2, 8, 16, 18);34;18
(2, 8, 17, 18);5;32
(2, 9, 10, 18);27;18
(2, 9, 11, 18);20;18
(2, 9, 12, 18);27;52
(2, 9, 13, 18);27;60
(2, 9, 14, 18);27;24
(2, 9, 15, 18);24;28
(2, 9, 16, 18);125;18
(2, 9, 17, 18);27;29
(2, 10, 11, 18);29;18
(2, 10, 12, 18);24;18
(2, 10, 13, 18);31;18
(2, 10, 14, 18);4;18
(2, 10, 15, 18);33;18
(2, 10, 16, 18);32;18
(2, 10, 17, 18);35;18
(2, 11, 12, 18);29;18
(2, 11, 13, 18);24;18
(2, 11, 14, 18);29;18
(2, 11, 15, 18);29;96
(2, 11, 16, 18);94;18
(2, 11, 17, 18);28;31
(2, 12, 13, 18);5;39
(2, 12, 14, 18);24;18
(2, 12, 15, 18);10;55
(2, 12, 16, 18);34;18
(2, 12, 17, 18);5;56
(2, 13, 14, 18);31;18
(2, 13, 15, 18);28;18
(2, 13, 16, 18);63;18
(2, 13, 17, 18);31;103
(2, 14, 15, 18);33;18
(2, 14, 16, 18);32;18
(2, 14, 17, 18);35;18
(2, 15, 16, 18);32;18
(2, 15, 17, 18);32;18
(2, 16, 17, 18);32;18
(3, 4, 5, 18);23;18
(3, 4, 6, 18);21;18
(3, 4, 7, 18);21;18
(3, 4, 8, 18);22;18
(3, 4, 9, 18);27;18
(3, 4, 10, 18);7;18
(3, 4, 11, 18);7;18
(3, 4, 12, 18);15;18
(3, 4, 13, 18);31;18
(3, 4, 14, 18);73;65
(3, 4, 15, 18);7;27
(3, 4, 16, 18);34;18
(3, 4, 17, 18);7;18
(3, 5, 6, 18);21;18
(3, 5, 7, 18);21;18
(3, 5, 8, 18);11;18
(3, 5, 9, 18);35;81
(3, 5, 10, 18);15;18
(3, 5, 11, 18);23;18
(3, 5, 12, 18);23;18
(3, 5, 13, 18);31;18
(3, 5, 14, 18);4;31
(3, 5, 15, 18);120;21
(3, 5, 16, 18);21;18
(3, 5, 17, 18);22;18
(3, 6, 7, 18);21;18
(3, 6, 8, 18);11;18
(3, 6, 9, 18);12;18
(3, 6, 10, 18);21;18
(3, 6, 11, 18);7;36
(3, 6, 12, 18);24;18
(3, 6, 13, 18);21;24
(3, 6, 14, 18);21;41
(3, 6, 15, 18);21;18
(3, 6, 16, 18);21;18
(3, 6, 17, 18);21;18
(3, 7, 8, 18);5;18
(3, 7, 9, 18);37;85
(3, 7, 10, 18);17;59
(3, 7, 11, 18);29;18
(3, 7, 12, 18);5;24
(3, 7, 13, 18);5;21
(3, 7, 14, 18);21;18
(3, 7, 15, 18);21;25
(3, 7, 16, 18);44;18
(3, 7, 17, 18);5;31
(3, 8, 9, 18);27;18
(3, 8, 10, 18);26;59
(3, 8, 11, 18);7;65
(3, 8, 12, 18);5;18
(3, 8, 13, 18);21;18
(3, 8, 14, 18);32;18
(3, 8, 15, 18);33;26
(3, 8, 16, 18);26;86
(3, 8, 17, 18);5;47
(3, 9, 10, 18);27;18
(3, 9, 11, 18);27;19
(3, 9, 12, 18);21;18
(3, 9, 13, 18);27;21
(3, 9, 14, 18);27;22
(3, 9, 15, 18);33;18
(3, 9, 16, 18);27;57
(3, 9, 17, 18);27;24
(3, 10, 11, 18);21;18
(3, 10, 12, 18);22;18
(3, 10, 13, 18);69;61
(3, 10, 14, 18);28;18
(3, 10, 15, 18);33;18
(3, 10, 16, 18);34;18
(3, 10, 17, 18);7;24
(3, 11, 12, 18);15;18
(3, 11, 13, 18);36;64
(3, 11, 14, 18);25;71
(3, 11, 15, 18);33;25
(3, 11, 16, 18);34;26
(3, 11, 17, 18);7;27
(3, 12, 13, 18);5;47
(3, 12, 14, 18);26;25
(3, 12, 15, 18);27;18
(3, 12, 16, 18);28;18
(3, 12, 17, 18);29;18
(3, 13, 14, 18);32;26
(3, 13, 15, 18);33;27
(3, 13, 16, 18);29;56
(3, 13, 17, 18);5;57
(3, 14, 15, 18);33;18
(3, 14, 16, 18);32;18
(3, 14, 17, 18);91;18
(3, 15, 16, 18);33;18
(3, 15, 17, 18);33;18
(3, 16, 17, 18);34;24
(4, 5, 6, 18);22;18
(4, 5, 7, 18);11;18
(4, 5, 8, 18);12;18
(4, 5, 9, 18);13;18
(4, 5, 10, 18);30;19
(4, 5, 11, 18);23;18
(4, 5, 12, 18);23;23
(4, 5, 13, 18);31;55
(4, 5, 14, 18);32;26
(4, 5, 15, 18);11;26
(4, 5, 16, 18);22;26
(4, 5, 17, 18);22;18
(4, 6, 7, 18);11;18
(4, 6, 8, 18);12;18
(4, 6, 9, 18);13;18
(4, 6, 10, 18);14;18
(4, 6, 11, 18);22;21
(4, 6, 12, 18);24;18
(4, 6, 13, 18);17;48
(4, 6, 14, 18);32;18
(4, 6, 15, 18);11;26
(4, 6, 16, 18);22;18
(4, 6, 17, 18);22;18
(4, 7, 8, 18);12;18
(4, 7, 9, 18);13;18
(4, 7, 10, 18);14;18
(4, 7, 11, 18);67;57
(4, 7, 12, 18);30;24
(4, 7, 13, 18);31;59
(4, 7, 14, 18);32;18
(4, 7, 15, 18);11;18
(4, 7, 16, 18);11;18
(4, 7, 17, 18);11;18
(4, 8, 9, 18);13;18
(4, 8, 10, 18);14;18
(4, 8, 11, 18);22;28
(4, 8, 12, 18);16;20
(4, 8, 13, 18);22;20
(4, 8, 14, 18);22;18
(4, 8, 15, 18);23;18
(4, 8, 16, 18);12;18
(4, 8, 17, 18);12;18
(4, 9, 10, 18);27;18
(4, 9, 11, 18);27;19
(4, 9, 12, 18);21;19
(4, 9, 13, 18);22;18
(4, 9, 14, 18);101;42
(4, 9, 15, 18);27;103
(4, 9, 16, 18);47;106
(4, 9, 17, 18);27;52
(4, 10, 11, 18);7;18
(4, 10, 12, 18);22;18
(4, 10, 13, 18);46;27
(4, 10, 14, 18);52;18
(4, 10, 15, 18);25;28
(4, 10, 16, 18);34;18
(4, 10, 17, 18);7;26
(4, 11, 12, 18);30;18
(4, 11, 13, 18);31;18
(4, 11, 14, 18);30;28
(4, 11, 15, 18);109;18
(4, 11, 16, 18);22;68
(4, 11, 17, 18);7;22
(4, 12, 13, 18);31;18
(4, 12, 14, 18);30;18
(4, 12, 15, 18);30;18
(4, 12, 16, 18);30;18
(4, 12, 17, 18);29;22
(4, 13, 14, 18);30;18
(4, 13, 15, 18);30;18
(4, 13, 16, 18);30;18
(4, 13, 17, 18);30;18
(4, 14, 15, 18);30;18
(4, 14, 16, 18);30;18
(4, 14, 17, 18);30;18
(4, 15, 16, 18);11;105
(4, 15, 17, 18);54;51
(4, 16, 17, 18);22;42
(5, 6, 7, 18);12;18
(5, 6, 8, 18);13;18
(5, 6, 9, 18);27;18
(5, 6, 10, 18);23;36
(5, 6, 11, 18);24;21
(5, 6, 12, 18);24;18
(5, 6, 13, 18);57;21
(5, 6, 14, 18);32;18
(5, 6, 15, 18);33;18
(5, 6, 16, 18);34;18
(5, 6, 17, 18);23;18
(5, 7, 8, 18);13;18
(5, 7, 9, 18);27;18
(5, 7, 10, 18);28;18
(5, 7, 11, 18);38;84
(5, 7, 12, 18);19;84
(5, 7, 13, 18);23;21
(5, 7, 14, 18);32;33
(5, 7, 15, 18);11;21
(5, 7, 16, 18);23;18
(5, 7, 17, 18);12;18
(5, 8, 9, 18);27;18
(5, 8, 10, 18);28;18
(5, 8, 11, 18);29;26
(5, 8, 12, 18);10;45
(5, 8, 13, 18);23;18
(5, 8, 14, 18);66;35
(5, 8, 15, 18);23;18
(5, 8, 16, 18);24;18
(5, 8, 17, 18);25;18
(5, 9, 10, 18);14;25
(5, 9, 11, 18);7;21
(5, 9, 12, 18);44;40
(5, 9, 13, 18);23;18
(5, 9, 14, 18);23;18
(5, 9, 15, 18);24;18
(5, 9, 16, 18);25;18
(5, 9, 17, 18);26;18
(5, 10, 11, 18);15;21
(5, 10, 12, 18);15;44
(5, 10, 13, 18);23;18
(5, 10, 14, 18);23;18
(5, 10, 15, 18);23;18
(5, 10, 16, 18);49;49
(5, 10, 17, 18);50;42
(5, 11, 12, 18);23;18
(5, 11, 13, 18);31;48
(5, 11, 14, 18);48;93
(5, 11, 15, 18);26;26
(5, 11, 16, 18);27;73
(5, 11, 17, 18);22;23
(5, 12, 13, 18);175;25
(5, 12, 14, 18);26;130
(5, 12, 15, 18);30;26
(5, 12, 16, 18);54;20
(5, 12, 17, 18);131;18
(5, 13, 14, 18);27;85
(5, 13, 15, 18);31;60
(5, 13, 16, 18);31;18
(5, 13, 17, 18);87;52
(5, 14, 15, 18);32;30
(5, 14, 16, 18);32;18
(5, 14, 17, 18);32;18
(5, 15, 16, 18);33;18
(5, 15, 17, 18);33;18
(5, 16, 17, 18);34;28
(6, 7, 8, 18);26;18
(6, 7, 9, 18);27;18
(6, 7, 10, 18);28;38
(6, 7, 11, 18);51;25
(6, 7, 12, 18);24;18
(6, 7, 13, 18);24;18
(6, 7, 14, 18);25;78
(6, 7, 15, 18);11;23
(6, 7, 16, 18);23;23
(6, 7, 17, 18);24;18
(6, 8, 9, 18);27;18
(6, 8, 10, 18);28;18
(6, 8, 11, 18);19;83
(6, 8, 12, 18);24;18
(6, 8, 13, 18);24;18
(6, 8, 14, 18);24;18
(6, 8, 15, 18);23;43
(6, 8, 16, 18);24;18
(6, 8, 17, 18);25;24
(6, 9, 10, 18);27;47
(6, 9, 11, 18);27;47
(6, 9, 12, 18);24;18
(6, 9, 13, 18);24;18
(6, 9, 14, 18);24;18
(6, 9, 15, 18);24;18
(6, 9, 16, 18);25;24
(6, 9, 17, 18);26;24
(6, 10, 11, 18);29;49
(6, 10, 12, 18);24;18
(6, 10, 13, 18);24;18
(6, 10, 14, 18);24;18
(6, 10, 15, 18);24;18
(6, 10, 16, 18);24;18
(6, 10, 17, 18);35;85
(6, 11, 12, 18);24;18
(6, 11, 13, 18);24;18
(6, 11, 14, 18);24;18
(6, 11, 15, 18);24;18
(6, 11, 16, 18);24;18
(6, 11, 17, 18);24;18
(6, 12, 13, 18);24;18
(6, 12, 14, 18);24;18
(6, 12, 15, 18);24;18
(6, 12, 16, 18);24;18
(6, 12, 17, 18);24;18
(6, 13, 14, 18);55;27
(6, 13, 15, 18);33;56
(6, 13, 16, 18);29;81
(6, 13, 17, 18);31;85
(6, 14, 15, 18);33;61
(6, 14, 16, 18);32;18
(6, 14, 17, 18);35;62
(6, 15, 16, 18);33;18
(6, 15, 17, 18);33;18
(6, 16, 17, 18);34;18
(7, 8, 9, 18);27;18
(7, 8, 10, 18);28;35
(7, 8, 11, 18);25;18
(7, 8, 12, 18);25;18
(7, 8, 13, 18);25;18
(7, 8, 14, 18);25;18
(7, 8, 15, 18);25;18
(7, 8, 16, 18);24;24
(7, 8, 17, 18);25;18
(7, 9, 10, 18);19;74
(7, 9, 11, 18);25;18
(7, 9, 12, 18);25;18
(7, 9, 13, 18);25;18
(7, 9, 14, 18);25;18
(7, 9, 15, 18);25;18
(7, 9, 16, 18);25;18
(7, 9, 17, 18);26;18
(7, 10, 11, 18);25;18
(7, 10, 12, 18);25;18
(7, 10, 13, 18);25;18
(7, 10, 14, 18);25;18
(7, 10, 15, 18);25;18
(7, 10, 16, 18);25;18
(7, 10, 17, 18);25;18
(7, 11, 12, 18);25;18
(7, 11, 13, 18);25;18
(7, 11, 14, 18);25;18
(7, 11, 15, 18);25;18
(7, 11, 16, 18);25;18
(7, 11, 17, 18);25;18
(7, 12, 13, 18);25;18
(7, 12, 14, 18);25;18
(7, 12, 15, 18);25;18
(7, 12, 16, 18);25;18
(7, 12, 17, 18);25;18
(7, 13, 14, 18);25;18
(7, 13, 15, 18);25;18
(7, 13, 16, 18);25;18
(7, 13, 17, 18);25;18
(7, 14, 15, 18);25;18
(7, 14, 16, 18);25;18
(7, 14, 17, 18);25;18
(7, 15, 16, 18);56;80
(7, 15, 17, 18);11;89
(7, 16, 17, 18);23;25
(8, 9, 10, 18);26;18
(8, 9, 11, 18);26;18
(8, 9, 12, 18);26;18
(8, 9, 13, 18);26;18
(8, 9, 14, 18);26;18
(8, 9, 15, 18);26;18
(8, 9, 16, 18);26;18
(8, 9, 17, 18);26;18
(8, 10, 11, 18);26;18
(8, 10, 12, 18);26;18
(8, 10, 13, 18);26;18
(8, 10, 14, 18);26;18
(8, 10, 15, 18);26;18
(8, 10, 16, 18);26;18
(8, 10, 17, 18);26;18
(8, 11, 12, 18);26;18
(8, 11, 13, 18);26;18
(8, 11, 14, 18);26;18
(8, 11, 15, 18);26;18
(8, 11, 16, 18);26;18
(8, 11, 17, 18);26;18
(8, 12, 13, 18);26;18
(8, 12, 14, 18);26;18
(8, 12, 15, 18);26;18
(8, 12, 16, 18);26;18
(8, 12, 17, 18);26;18
(8, 13, 14, 18);26;18
(8, 13, 15, 18);26;18
(8, 13, 16, 18);26;18
(8, 13, 17, 18);26;18
(8, 14, 15, 18);26;18
(8, 14, 16, 18);26;18
(8, 14, 17, 18);26;18
(8, 15, 16, 18);26;18
(8, 15, 17, 18);26;18
(8, 16, 17, 18);26;18
(9, 10, 11, 18);27;18
(9, 10, 12, 18);27;18
(9, 10, 13, 18);27;18
(9, 10, 14, 18);27;18
(9, 10, 15, 18);27;18
(9, 10, 16, 18);27;18
(9, 10, 17, 18);27;18
(9, 11, 12, 18);27;18
(9, 11, 13, 18);27;18
(9, 11, 14, 18);27;18
(9, 11, 15, 18);27;18
(9, 11, 16, 18);27;18
(9, 11, 17, 18);27;18
(9, 12, 13, 18);27;18
(9, 12, 14, 18);27;18
(9, 12, 15, 18);27;18
(9, 12, 16, 18);27;18
(9, 12, 17, 18);27;18
(9, 13, 14, 18);27;18
(9, 13, 15, 18);27;18
(9, 13, 16, 18);27;18
(9, 13, 17, 18);27;18
(9, 14, 15, 18);27;18
(9, 14, 16, 18);27;18
(9, 14, 17, 18);27;18
(9, 15, 16, 18);27;18
(9, 15, 17, 18);27;18
(9, 16, 17, 18);27;18
(10, 11, 12, 18);28;18
(10, 11, 13, 18);28;18
(10, 11, 14, 18);28;18
(10, 11, 15, 18);28;18
(10, 11, 16, 18);28;18
(10, 11, 17, 18);28;18
(10, 12, 13, 18);28;18
(10, 12, 14, 18);28;18
(10, 12, 15, 18);28;18
(10, 12, 16, 18);28;18
(10, 12, 17, 18);28;18
(10, 13, 14, 18);28;18
(10, 13, 15, 18);28;18
(10, 13, 16, 18);28;18
(10, 13, 17, 18);28;18
(10, 14, 15, 18);28;18
(10, 14, 16, 18);28;18
(10, 14, 17, 18);28;18
(10, 15, 16, 18);28;18
(10, 15, 17, 18);28;18
(10, 16, 17, 18);28;18
(11, 12, 13, 18);29;18
(11, 12, 14, 18);29;18
(11, 12, 15, 18);29;18
(11, 12, 16, 18);29;18
(11, 12, 17, 18);29;18
(11, 13, 14, 18);29;18
(11, 13, 15, 18);29;18
(11, 13, 16, 18);29;18
(11, 13, 17, 18);29;18
(11, 14, 15, 18);29;18
(11, 14, 16, 18);29;18
(11, 14, 17, 18);29;18
(11, 15, 16, 18);29;18
(11, 15, 17, 18);29;18
(11, 16, 17, 18);29;18
(12, 13, 14, 18);30;18
(12, 13, 15, 18);30;18
(12, 13, 16, 18);30;18
(12, 13, 17, 18);30;18
(12, 14, 15, 18);30;18
(12, 14, 16, 18);30;18
(12, 14, 17, 18);30;18
(12, 15, 16, 18);30;18
(12, 15, 17, 18);30;18
(12, 16, 17, 18);30;18
(13, 14, 15, 18);31;18
(13, 14, 16, 18);31;18
(13, 14, 17, 18);31;18
(13, 15, 16, 18);31;18
(13, 15, 17, 18);31;18
(13, 16, 17, 18);31;18
(14, 15, 16, 18);32;18
(14, 15, 17, 18);32;18
(14, 16, 17, 18);32;18
(15, 16, 17, 18);33;18
