S;p;l
(1, 2, 3, 12);13;12
(1, 2, 4, 12);14;12
(1, 2, 5, 12);13;12
(1, 2, 6, 12);7;12
(1, 2, 7, 12);14;12
(1, 2, 8, 12);13;12
(1, 2, 9, 12);10;12
(1, 2, 10, 12);14;12
(1, 2, 11, 12);13;12
(1, 3, 4, 12);15;12
(1, 3, 5, 12);17;12
(1, 3, 6, 12);9;12
(1, 3, 7, 12);19;12
(1, 3, 8, 12);11;12
(1, 3, 9, 12);21;12
(1, 3, 10, 12);13;12
(1, 3, 11, 12);23;12
(1, 4, 5, 12);8;12
(1, 4, 6, 12);18;12
(1, 4, 7, 12);8;12
(1, 4, 8, 12);16;12
(1, 4, 9, 12);13;12
(1, 4, 10, 12);11;24
(1, 4, 11, 12);23;12
(1, 5, 6, 12);11;12
(1, 5, 7, 12);19;12
(1, 5, 8, 12);13;12
(1, 5, 9, 12);21;12
(1, 5, 10, 12);15;12
(1, 5, 11, 12);23;12
(1, 6, 7, 12);13;12
(1, 6, 8, 12);18;12
(1, 6, 9, 12);18;20
(1, 6, 10, 12);18;12
(1, 6, 11, 12);61;12
(1, 7, 8, 12);15;12
(1, 7, 9, 12);21;12
(1, 7, 10, 12);17;12
(1, 7, 11, 12);23;12
(1, 8, 9, 12);17;12
(1, 8, 10, 12);20;12
(1, 8, 11, 12);41;12
(1, 9, 10, 12);19;12
(1, 9, 11, 12);23;12
(1, 10, 11, 12);21;12
(2, 3, 4, 12);14;12
(2, 3, 5, 12);7;12
(2, 3, 6, 12);9;12
(2, 3, 7, 12);5;12
(2, 3, 8, 12);5;12
(2, 3, 9, 12);21;12
(2, 3, 10, 12);33;14
(2, 3, 11, 12);14;12
(2, 4, 5, 12);7;12
(2, 4, 6, 12);8;12
(2, 4, 7, 12);14;12
(2, 4, 8, 12);16;12
(2, 4, 9, 12);11;16
(2, 4, 10, 12);14;12
(2, 4, 11, 12);14;12
(2, 5, 6, 12);18;12
(2, 5, 7, 12);37;18
(2, 5, 8, 12);10;12
(2, 5, 9, 12);7;12
(2, 5, 10, 12);7;17
(2, 5, 11, 12);23;23
(2, 6, 7, 12);18;12
(2, 6, 8, 12);14;12
(2, 6, 9, 12);18;12
(2, 6, 10, 12);22;12
(2, 6, 11, 12);18;16
(2, 7, 8, 12);5;12
(2, 7, 9, 12);47;23
(2, 7, 10, 12);22;12
(2, 7, 11, 12);23;12
(2, 8, 9, 12);17;17
(2, 8, 10, 12);18;12
(2, 8, 11, 12);19;12
(2, 9, 10, 12);22;12
(2, 9, 11, 12);39;12
(2, 10, 11, 12);22;12
(3, 4, 5, 12);8;12
(3, 4, 6, 12);9;12
(3, 4, 7, 12);16;13
(3, 4, 8, 12);16;12
(3, 4, 9, 12);21;12
(3, 4, 10, 12);22;12
(3, 4, 11, 12);15;12
(3, 5, 6, 12);9;12
(3, 5, 7, 12);19;12
(3, 5, 8, 12);13;40
(3, 5, 9, 12);7;13
(3, 5, 10, 12);15;12
(3, 5, 11, 12);8;12
(3, 6, 7, 12);9;13
(3, 6, 8, 12);14;13
(3, 6, 9, 12);15;12
(3, 6, 10, 12);16;12
(3, 6, 11, 12);17;12
(3, 7, 8, 12);15;12
(3, 7, 9, 12);21;15
(3, 7, 10, 12);17;32
(3, 7, 11, 12);14;15
(3, 8, 9, 12);21;12
(3, 8, 10, 12);20;12
(3, 8, 11, 12);55;12
(3, 9, 10, 12);21;12
(3, 9, 11, 12);21;12
(3, 10, 11, 12);22;18
(4, 5, 6, 12);18;12
(4, 5, 7, 12);19;26
(4, 5, 8, 12);16;12
(4, 5, 9, 12);16;12
(4, 5, 10, 12);15;15
(4, 5, 11, 12);16;12
(4, 6, 7, 12);13;31
(4, 6, 8, 12);16;12
(4, 6, 9, 12);16;12
(4, 6, 10, 12);16;12
(4, 6, 11, 12);17;16
(4, 7, 8, 12);16;12
(4, 7, 9, 12);16;12
(4, 7, 10, 12);16;12
(4, 7, 11, 12);16;12
(4, 8, 9, 12);16;12
(4, 8, 10, 12);16;12
(4, 8, 11, 12);16;12
(4, 9, 10, 12);19;54
(4, 9, 11, 12);23;20
(4, 10, 11, 12);22;12
(5, 6, 7, 12);17;12
(5, 6, 8, 12);17;12
(5, 6, 9, 12);17;12
(5, 6, 10, 12);17;12
(5, 6, 11, 12);17;12
(5, 7, 8, 12);17;12
(5, 7, 9, 12);17;12
(5, 7, 10, 12);17;12
(5, 7, 11, 12);17;12
(5, 8, 9, 12);17;12
(5, 8, 10, 12);17;12
(5, 8, 11, 12);17;12
(5, 9, 10, 12);17;12
(5, 9, 11, 12);17;12
(5, 10, 11, 12);17;12
(6, 7, 8, 12);18;12
(6, 7, 9, 12);18;12
(6, 7, 10, 12);18;12
(6, 7, 11, 12);18;12
(6, 8, 9, 12);18;12
(6, 8, 10, 12);18;12
(6, 8, 11, 12);18;12
(6, 9, 10, 12);18;12
(6, 9, 11, 12);18;12
(6, 10, 11, 12);18;12
(7, 8, 9, 12);19;12
(7, 8, 10, 12);19;12
(7, 8, 11, 12);19;12
(7, 9, 10, 12);19;12
(7, 9, 11, 12);19;12
(7, 10, 11, 12);19;12
(8, 9, 10, 12);20;12
(8, 9, 11, 12);20;12
(8, 10, 11, 12);20;12
(9, 10, 11, 12);21;12
