S;p;l
(1, 2, 3, 16);17;16
(1, 2, 4, 16);3;16
(1, 2, 5, 16);3;16
(1, 2, 6, 16);7;16
(1, 2, 7, 16);3;16
(1, 2, 8, 16);3;16
(1, 2, 9, 16);17;16
(1, 2, 10, 16);3;16
(1, 2, 11, 16);3;16
(1, 2, 12, 16);17;16
(1, 2, 13, 16);3;16
(1, 2, 14, 16);3;16
(1, 2, 15, 16);17;16
(1, 3, 4, 16);19;16
(1, 3, 5, 16);21;16
(1, 3, 6, 16);19;16
(1, 3, 7, 16);23;16
(1, 3, 8, 16);24;16
(1, 3, 9, 16);25;16
(1, 3, 10, 16);13;16
(1, 3, 11, 16);27;16
(1, 3, 12, 16);15;16
(1, 3, 13, 16);29;16
(1, 3, 14, 16);17;16
(1, 3, 15, 16);31;16
(1, 4, 5, 16);17;16
(1, 4, 6, 16);5;16
(1, 4, 7, 16);17;25
(1, 4, 8, 16);12;16
(1, 4, 9, 16);5;16
(1, 4, 10, 16);17;33
(1, 4, 11, 16);5;16
(1, 4, 12, 16);28;16
(1, 4, 13, 16);17;16
(1, 4, 14, 16);5;16
(1, 4, 15, 16);31;19
(1, 5, 6, 16);11;16
(1, 5, 7, 16);23;16
(1, 5, 8, 16);13;16
(1, 5, 9, 16);25;16
(1, 5, 10, 16);15;16
(1, 5, 11, 16);27;16
(1, 5, 12, 16);17;16
(1, 5, 13, 16);29;16
(1, 5, 14, 16);19;16
(1, 5, 15, 16);31;16
(1, 6, 7, 16);35;17
(1, 6, 8, 16);24;16
(1, 6, 9, 16);5;16
(1, 6, 10, 16);22;16
(1, 6, 11, 16);17;16
(1, 6, 12, 16);22;16
(1, 6, 13, 16);29;18
(1, 6, 14, 16);5;38
(1, 6, 15, 16);31;16
(1, 7, 8, 16);15;16
(1, 7, 9, 16);25;16
(1, 7, 10, 16);17;16
(1, 7, 11, 16);27;16
(1, 7, 12, 16);19;16
(1, 7, 13, 16);29;16
(1, 7, 14, 16);21;16
(1, 7, 15, 16);31;16
(1, 8, 9, 16);17;16
(1, 8, 10, 16);24;16
(1, 8, 11, 16);24;26
(1, 8, 12, 16);24;16
(1, 8, 13, 16);26;21
(1, 8, 14, 16);24;16
(1, 8, 15, 16);113;16
(1, 9, 10, 16);19;16
(1, 9, 11, 16);27;16
(1, 9, 12, 16);21;16
(1, 9, 13, 16);29;16
(1, 9, 14, 16);23;16
(1, 9, 15, 16);31;16
(1, 10, 11, 16);21;16
(1, 10, 12, 16);26;16
(1, 10, 13, 16);26;16
(1, 10, 14, 16);26;16
(1, 10, 15, 16);85;16
(1, 11, 12, 16);23;16
(1, 11, 13, 16);29;16
(1, 11, 14, 16);25;16
(1, 11, 15, 16);31;16
(1, 12, 13, 16);25;16
(1, 12, 14, 16);28;16
(1, 12, 15, 16);57;16
(1, 13, 14, 16);27;16
(1, 13, 15, 16);31;16
(1, 14, 15, 16);29;16
(2, 3, 4, 16);6;16
(2, 3, 5, 16);7;16
(2, 3, 6, 16);9;16
(2, 3, 7, 16);19;16
(2, 3, 8, 16);24;16
(2, 3, 9, 16);18;16
(2, 3, 10, 16);6;16
(2, 3, 11, 16);14;16
(2, 3, 12, 16);19;16
(2, 3, 13, 16);29;16
(2, 3, 14, 16);118;16
(2, 3, 15, 16);18;16
(2, 4, 5, 16);7;16
(2, 4, 6, 16);18;16
(2, 4, 7, 16);3;16
(2, 4, 8, 16);6;16
(2, 4, 9, 16);6;16
(2, 4, 10, 16);6;16
(2, 4, 11, 16);13;16
(2, 4, 12, 16);14;16
(2, 4, 13, 16);3;16
(2, 4, 14, 16);6;16
(2, 4, 15, 16);6;16
(2, 5, 6, 16);11;16
(2, 5, 7, 16);31;16
(2, 5, 8, 16);24;16
(2, 5, 9, 16);7;16
(2, 5, 10, 16);26;32
(2, 5, 11, 16);7;27
(2, 5, 12, 16);7;16
(2, 5, 13, 16);18;16
(2, 5, 14, 16);47;21
(2, 5, 15, 16);31;16
(2, 6, 7, 16);22;16
(2, 6, 8, 16);14;16
(2, 6, 9, 16);22;16
(2, 6, 10, 16);26;16
(2, 6, 11, 16);22;16
(2, 6, 12, 16);18;16
(2, 6, 13, 16);22;19
(2, 6, 14, 16);30;16
(2, 6, 15, 16);22;24
(2, 7, 8, 16);24;16
(2, 7, 9, 16);65;104
(2, 7, 10, 16);26;16
(2, 7, 11, 16);9;16
(2, 7, 12, 16);14;16
(2, 7, 13, 16);3;35
(2, 7, 14, 16);58;22
(2, 7, 15, 16);31;16
(2, 8, 9, 16);24;17
(2, 8, 10, 16);18;16
(2, 8, 11, 16);19;18
(2, 8, 12, 16);24;16
(2, 8, 13, 16);7;45
(2, 8, 14, 16);50;16
(2, 8, 15, 16);23;55
(2, 9, 10, 16);26;16
(2, 9, 11, 16);79;28
(2, 9, 12, 16);7;16
(2, 9, 13, 16);29;16
(2, 9, 14, 16);29;25
(2, 9, 15, 16);18;42
(2, 10, 11, 16);26;16
(2, 10, 12, 16);22;16
(2, 10, 13, 16);26;16
(2, 10, 14, 16);30;16
(2, 10, 15, 16);26;20
(2, 11, 12, 16);23;16
(2, 11, 13, 16);71;35
(2, 11, 14, 16);30;16
(2, 11, 15, 16);31;16
(2, 12, 13, 16);25;25
(2, 12, 14, 16);26;16
(2, 12, 15, 16);27;16
(2, 13, 14, 16);30;16
(2, 13, 15, 16);55;16
(2, 14, 15, 16);30;16
(3, 4, 5, 16);19;16
(3, 4, 6, 16);19;16
(3, 4, 7, 16);10;16
(3, 4, 8, 16);12;16
(3, 4, 9, 16);13;16
(3, 4, 10, 16);20;16
(3, 4, 11, 16);27;16
(3, 4, 12, 16);28;16
(3, 4, 13, 16);121;16
(3, 4, 14, 16);19;26
(3, 4, 15, 16);19;16
(3, 5, 6, 16);19;16
(3, 5, 7, 16);10;16
(3, 5, 8, 16);11;16
(3, 5, 9, 16);32;16
(3, 5, 10, 16);21;16
(3, 5, 11, 16);21;61
(3, 5, 12, 16);17;59
(3, 5, 13, 16);19;22
(3, 5, 14, 16);19;16
(3, 5, 15, 16);19;16
(3, 6, 7, 16);10;16
(3, 6, 8, 16);11;16
(3, 6, 9, 16);12;16
(3, 6, 10, 16);46;16
(3, 6, 11, 16);9;22
(3, 6, 12, 16);9;22
(3, 6, 13, 16);19;16
(3, 6, 14, 16);19;16
(3, 6, 15, 16);19;16
(3, 7, 8, 16);34;33
(3, 7, 9, 16);37;16
(3, 7, 10, 16);45;16
(3, 7, 11, 16);14;16
(3, 7, 12, 16);19;16
(3, 7, 13, 16);29;16
(3, 7, 14, 16);40;16
(3, 7, 15, 16);18;45
(3, 8, 9, 16);24;16
(3, 8, 10, 16);6;36
(3, 8, 11, 16);19;16
(3, 8, 12, 16);24;28
(3, 8, 13, 16);79;16
(3, 8, 14, 16);6;81
(3, 8, 15, 16);24;24
(3, 9, 10, 16);19;16
(3, 9, 11, 16);20;17
(3, 9, 12, 16);69;16
(3, 9, 13, 16);81;16
(3, 9, 14, 16);30;16
(3, 9, 15, 16);31;16
(3, 10, 11, 16);27;16
(3, 10, 12, 16);13;37
(3, 10, 13, 16);25;16
(3, 10, 14, 16);6;48
(3, 10, 15, 16);25;16
(3, 11, 12, 16);14;37
(3, 11, 13, 16);25;16
(3, 11, 14, 16);25;16
(3, 11, 15, 16);26;16
(3, 12, 13, 16);25;16
(3, 12, 14, 16);25;16
(3, 12, 15, 16);25;16
(3, 13, 14, 16);27;54
(3, 13, 15, 16);55;24
(3, 14, 15, 16);30;16
(4, 5, 6, 16);10;16
(4, 5, 7, 16);11;16
(4, 5, 8, 16);12;16
(4, 5, 9, 16);7;25
(4, 5, 10, 16);21;16
(4, 5, 11, 16);21;85
(4, 5, 12, 16);28;16
(4, 5, 13, 16);29;16
(4, 5, 14, 16);10;24
(4, 5, 15, 16);20;16
(4, 6, 7, 16);11;16
(4, 6, 8, 16);12;16
(4, 6, 9, 16);25;16
(4, 6, 10, 16);34;26
(4, 6, 11, 16);5;32
(4, 6, 12, 16);28;16
(4, 6, 13, 16);29;16
(4, 6, 14, 16);10;16
(4, 6, 15, 16);10;16
(4, 7, 8, 16);12;16
(4, 7, 9, 16);25;16
(4, 7, 10, 16);20;36
(4, 7, 11, 16);23;79
(4, 7, 12, 16);19;17
(4, 7, 13, 16);20;16
(4, 7, 14, 16);21;16
(4, 7, 15, 16);11;16
(4, 8, 9, 16);12;17
(4, 8, 10, 16);6;18
(4, 8, 11, 16);19;17
(4, 8, 12, 16);20;16
(4, 8, 13, 16);21;16
(4, 8, 14, 16);22;16
(4, 8, 15, 16);23;16
(4, 9, 10, 16);13;16
(4, 9, 11, 16);20;16
(4, 9, 12, 16);7;40
(4, 9, 13, 16);65;62
(4, 9, 14, 16);5;55
(4, 9, 15, 16);19;20
(4, 10, 11, 16);27;21
(4, 10, 12, 16);28;16
(4, 10, 13, 16);20;23
(4, 10, 14, 16);46;16
(4, 10, 15, 16);19;36
(4, 11, 12, 16);28;16
(4, 11, 13, 16);27;25
(4, 11, 14, 16);27;26
(4, 11, 15, 16);101;16
(4, 12, 13, 16);28;16
(4, 12, 14, 16);28;16
(4, 12, 15, 16);28;16
(4, 13, 14, 16);29;24
(4, 13, 15, 16);29;24
(4, 14, 15, 16);10;24
(5, 6, 7, 16);23;16
(5, 6, 8, 16);24;16
(5, 6, 9, 16);11;40
(5, 6, 10, 16);11;44
(5, 6, 11, 16);21;16
(5, 6, 12, 16);18;71
(5, 6, 13, 16);29;21
(5, 6, 14, 16);10;21
(5, 6, 15, 16);21;16
(5, 7, 8, 16);24;16
(5, 7, 9, 16);25;16
(5, 7, 10, 16);3;52
(5, 7, 11, 16);21;16
(5, 7, 12, 16);21;16
(5, 7, 13, 16);20;37
(5, 7, 14, 16);21;16
(5, 7, 15, 16);22;16
(5, 8, 9, 16);38;30
(5, 8, 10, 16);39;20
(5, 8, 11, 16);21;16
(5, 8, 12, 16);21;16
(5, 8, 13, 16);21;16
(5, 8, 14, 16);22;16
(5, 8, 15, 16);23;16
(5, 9, 10, 16);7;39
(5, 9, 11, 16);21;16
(5, 9, 12, 16);21;16
(5, 9, 13, 16);21;16
(5, 9, 14, 16);21;16
(5, 9, 15, 16);31;45
(5, 10, 11, 16);21;16
(5, 10, 12, 16);21;16
(5, 10, 13, 16);21;16
(5, 10, 14, 16);21;16
(5, 10, 15, 16);21;16
(5, 11, 12, 16);23;92
(5, 11, 13, 16);94;24
(5, 11, 14, 16);123;25
(5, 11, 15, 16);71;40
(5, 12, 13, 16);25;60
(5, 12, 14, 16);28;16
(5, 12, 15, 16);31;55
(5, 13, 14, 16);29;16
(5, 13, 15, 16);29;16
(5, 14, 15, 16);30;16
(6, 7, 8, 16);24;16
(6, 7, 9, 16);25;25
(6, 7, 10, 16);22;16
(6, 7, 11, 16);22;16
(6, 7, 12, 16);22;16
(6, 7, 13, 16);22;16
(6, 7, 14, 16);21;21
(6, 7, 15, 16);22;16
(6, 8, 9, 16);7;64
(6, 8, 10, 16);22;16
(6, 8, 11, 16);22;16
(6, 8, 12, 16);22;16
(6, 8, 13, 16);22;16
(6, 8, 14, 16);22;16
(6, 8, 15, 16);23;16
(6, 9, 10, 16);22;16
(6, 9, 11, 16);22;16
(6, 9, 12, 16);22;16
(6, 9, 13, 16);22;16
(6, 9, 14, 16);22;16
(6, 9, 15, 16);22;16
(6, 10, 11, 16);22;16
(6, 10, 12, 16);22;16
(6, 10, 13, 16);22;16
(6, 10, 14, 16);22;16
(6, 10, 15, 16);22;16
(6, 11, 12, 16);22;16
(6, 11, 13, 16);22;16
(6, 11, 14, 16);22;16
(6, 11, 15, 16);22;16
(6, 12, 13, 16);22;16
(6, 12, 14, 16);22;16
(6, 12, 15, 16);22;16
(6, 13, 14, 16);49;134
(6, 13, 15, 16);31;76
(6, 14, 15, 16);10;22
(7, 8, 9, 16);23;16
(7, 8, 10, 16);23;16
(7, 8, 11, 16);23;16
(7, 8, 12, 16);23;16
(7, 8, 13, 16);23;16
(7, 8, 14, 16);23;16
(7, 8, 15, 16);23;16
(7, 9, 10, 16);23;16
(7, 9, 11, 16);23;16
(7, 9, 12, 16);23;16
(7, 9, 13, 16);23;16
(7, 9, 14, 16);23;16
(7, 9, 15, 16);23;16
(7, 10, 11, 16);23;16
(7, 10, 12, 16);23;16
(7, 10, 13, 16);23;16
(7, 10, 14, 16);23;16
(7, 10, 15, 16);23;16
(7, 11, 12, 16);23;16
(7, 11, 13, 16);23;16
(7, 11, 14, 16);23;16
(7, 11, 15, 16);23;16
(7, 12, 13, 16);23;16
(7, 12, 14, 16);23;16
(7, 12, 15, 16);23;16
(7, 13, 14, 16);23;16
(7, 13, 15, 16);23;16
(7, 14, 15, 16);23;16
(8, 9, 10, 16);24;16
(8, 9, 11, 16);24;16
(8, 9, 12, 16);24;16
(8, 9, 13, 16);24;16
(8, 9, 14, 16);24;16
(8, 9, 15, 16);24;16
(8, 10, 11, 16);24;16
(8, 10, 12, 16);24;16
(8, 10, 13, 16);24;16
(8, 10, 14, 16);24;16
(8, 10, 15, 16);24;16
(8, 11, 12, 16);24;16
(8, 11, 13, 16);24;16
(8, 11, 14, 16);24;16
(8, 11, 15, 16);24;16
(8, 12, 13, 16);24;16
(8, 12, 14, 16);24;16
(8, 12, 15, 16);24;16
(8, 13, 14, 16);24;16
(8, 13, 15, 16);24;16
(8, 14, 15, 16);24;16
(9, 10, 11, 16);25;16
(9, 10, 12, 16);25;16
(9, 10, 13, 16);25;16
(9, 10, 14, 16);25;16
(9, 10, 15, 16);25;16
(9, 11, 12, 16);25;16
(9, 11, 13, 16);25;16
(9, 11, 14, 16);25;16
(9, 11, 15, 16);25;16
(9, 12, 13, 16);25;16
(9, 12, 14, 16);25;16
(9, 12, 15, 16);25;16
(9, 13, 14, 16);25;16
(9, 13, 15, 16);25;16
(9, 14, 15, 16);25;16
(10, 11, 12, 16);26;16
(10, 11, 13, 16);26;16
(10, 11, 14, 16);26;16
(10, 11, 15, 16);26;16
(10, 12, 13, 16);26;16
(10, 12, 14, 16);26;16
(10, 12, 15, 16);26;16
(10, 13, 14, 16);26;16
(10, 13, 15, 16);26;16
(10, 14, 15, 16);26;16
(11, 12, 13, 16);27;16
(11, 12, 14, 16);27;16
(11, 12, 15, 16);27;16
(11, 13, 14, 16);27;16
(11, 13, 15, 16);27;16
(11, 14, 15, 16);27;16
(12, 13, 14, 16);28;16
(12, 13, 15, 16);28;16
(12, 14, 15, 16);28;16
(13, 14, 15, 16);29;16
