S;p;l
(1, 2, 3, 25);4;25
(1, 2, 4, 25);3;25
(1, 2, 5, 25);3;25
(1, 2, 6, 25);26;25
(1, 2, 7, 25);3;25
(1, 2, 8, 25);3;25
(1, 2, 9, 25);10;25
(1, 2, 10, 25);3;25
(1, 2, 11, 25);3;25
(1, 2, 12, 25);13;25
(1, 2, 13, 25);3;25
(1, 2, 14, 25);3;25
(1, 2, 15, 25);26;25
(1, 2, 16, 25);3;25
(1, 2, 17, 25);3;25
(1, 2, 18, 25);26;25
(1, 2, 19, 25);3;25
(1, 2, 20, 25);3;25
(1, 2, 21, 25);26;25
(1, 2, 22, 25);3;25
(1, 2, 23, 25);3;25
(1, 2, 24, 25);26;25
(1, 3, 4, 25);7;25
(1, 3, 5, 25);2;25
(1, 3, 6, 25);28;25
(1, 3, 7, 25);2;25
(1, 3, 8, 25);11;25
(1, 3, 9, 25);2;25
(1, 3, 10, 25);13;25
(1, 3, 11, 25);2;25
(1, 3, 12, 25);28;25
(1, 3, 13, 25);2;25
(1, 3, 14, 25);28;25
(1, 3, 15, 25);2;25
(1, 3, 16, 25);28;29
(1, 3, 17, 25);2;25
(1, 3, 18, 25);43;31
(1, 3, 19, 25);2;25
(1, 3, 20, 25);45;110
(1, 3, 21, 25);2;25
(1, 3, 22, 25);44;25
(1, 3, 23, 25);2;25
(1, 3, 24, 25);48;25
(1, 4, 5, 25);8;25
(1, 4, 6, 25);29;25
(1, 4, 7, 25);8;25
(1, 4, 8, 25);12;25
(1, 4, 9, 25);26;41
(1, 4, 10, 25);35;25
(1, 4, 11, 25);29;29
(1, 4, 12, 25);13;25
(1, 4, 13, 25);29;25
(1, 4, 14, 25);13;51
(1, 4, 15, 25);8;42
(1, 4, 16, 25);29;34
(1, 4, 17, 25);26;25
(1, 4, 18, 25);29;25
(1, 4, 19, 25);44;51
(1, 4, 20, 25);21;47
(1, 4, 21, 25);46;34
(1, 4, 22, 25);26;25
(1, 4, 23, 25);29;25
(1, 4, 24, 25);76;25
(1, 5, 6, 25);11;25
(1, 5, 7, 25);2;25
(1, 5, 8, 25);13;25
(1, 5, 9, 25);2;25
(1, 5, 10, 25);15;25
(1, 5, 11, 25);2;25
(1, 5, 12, 25);30;25
(1, 5, 13, 25);2;25
(1, 5, 14, 25);30;25
(1, 5, 15, 25);2;25
(1, 5, 16, 25);30;51
(1, 5, 17, 25);2;25
(1, 5, 18, 25);36;55
(1, 5, 19, 25);2;25
(1, 5, 20, 25);40;25
(1, 5, 21, 25);2;25
(1, 5, 22, 25);44;25
(1, 5, 23, 25);2;25
(1, 5, 24, 25);48;25
(1, 6, 7, 25);12;25
(1, 6, 8, 25);33;25
(1, 6, 9, 25);34;25
(1, 6, 10, 25);31;29
(1, 6, 11, 25);12;25
(1, 6, 12, 25);31;25
(1, 6, 13, 25);26;25
(1, 6, 14, 25);39;46
(1, 6, 15, 25);40;25
(1, 6, 16, 25);41;25
(1, 6, 17, 25);42;25
(1, 6, 18, 25);19;25
(1, 6, 19, 25);286;25
(1, 6, 20, 25);26;25
(1, 6, 21, 25);31;69
(1, 6, 22, 25);47;25
(1, 6, 23, 25);24;25
(1, 6, 24, 25);49;25
(1, 7, 8, 25);15;25
(1, 7, 9, 25);2;25
(1, 7, 10, 25);32;25
(1, 7, 11, 25);2;25
(1, 7, 12, 25);32;25
(1, 7, 13, 25);2;25
(1, 7, 14, 25);32;25
(1, 7, 15, 25);2;25
(1, 7, 16, 25);32;25
(1, 7, 17, 25);2;25
(1, 7, 18, 25);36;25
(1, 7, 19, 25);2;25
(1, 7, 20, 25);40;25
(1, 7, 21, 25);2;25
(1, 7, 22, 25);44;25
(1, 7, 23, 25);2;25
(1, 7, 24, 25);48;25
(1, 8, 9, 25);16;25
(1, 8, 10, 25);33;25
(1, 8, 11, 25);19;25
(1, 8, 12, 25);33;25
(1, 8, 13, 25);33;27
(1, 8, 14, 25);11;25
(1, 8, 15, 25);40;69
(1, 8, 16, 25);24;25
(1, 8, 17, 25);42;25
(1, 8, 18, 25);26;25
(1, 8, 19, 25);11;75
(1, 8, 20, 25);33;56
(1, 8, 21, 25);33;33
(1, 8, 22, 25);3;109
(1, 8, 23, 25);33;25
(1, 8, 24, 25);176;25
(1, 9, 10, 25);37;26
(1, 9, 11, 25);2;25
(1, 9, 12, 25);13;57
(1, 9, 13, 25);2;25
(1, 9, 14, 25);28;43
(1, 9, 15, 25);2;25
(1, 9, 16, 25);32;25
(1, 9, 17, 25);2;25
(1, 9, 18, 25);36;25
(1, 9, 19, 25);2;25
(1, 9, 20, 25);40;25
(1, 9, 21, 25);2;25
(1, 9, 22, 25);44;25
(1, 9, 23, 25);2;25
(1, 9, 24, 25);48;25
(1, 10, 11, 25);20;25
(1, 10, 12, 25);35;25
(1, 10, 13, 25);26;57
(1, 10, 14, 25);24;25
(1, 10, 15, 25);40;25
(1, 10, 16, 25);26;25
(1, 10, 17, 25);42;25
(1, 10, 18, 25);28;28
(1, 10, 19, 25);44;25
(1, 10, 20, 25);15;30
(1, 10, 21, 25);46;25
(1, 10, 22, 25);47;32
(1, 10, 23, 25);35;25
(1, 10, 24, 25);130;263
(1, 11, 12, 25);80;52
(1, 11, 13, 25);2;25
(1, 11, 14, 25);28;25
(1, 11, 15, 25);2;25
(1, 11, 16, 25);32;25
(1, 11, 17, 25);2;25
(1, 11, 18, 25);36;25
(1, 11, 19, 25);2;25
(1, 11, 20, 25);40;25
(1, 11, 21, 25);2;25
(1, 11, 22, 25);44;25
(1, 11, 23, 25);2;25
(1, 11, 24, 25);48;25
(1, 12, 13, 25);24;25
(1, 12, 14, 25);13;25
(1, 12, 15, 25);8;61
(1, 12, 16, 25);41;25
(1, 12, 17, 25);13;50
(1, 12, 18, 25);43;25
(1, 12, 19, 25);44;25
(1, 12, 20, 25);45;25
(1, 12, 21, 25);46;25
(1, 12, 22, 25);47;25
(1, 12, 23, 25);24;25
(1, 12, 24, 25);49;25
(1, 13, 14, 25);28;25
(1, 13, 15, 25);2;25
(1, 13, 16, 25);32;25
(1, 13, 17, 25);2;25
(1, 13, 18, 25);36;25
(1, 13, 19, 25);2;25
(1, 13, 20, 25);40;25
(1, 13, 21, 25);2;25
(1, 13, 22, 25);44;25
(1, 13, 23, 25);2;25
(1, 13, 24, 25);48;25
(1, 14, 15, 25);28;25
(1, 14, 16, 25);41;25
(1, 14, 17, 25);13;75
(1, 14, 18, 25);43;25
(1, 14, 19, 25);11;115
(1, 14, 20, 25);45;25
(1, 14, 21, 25);35;25
(1, 14, 22, 25);47;25
(1, 14, 23, 25);37;25
(1, 14, 24, 25);49;25
(1, 15, 16, 25);32;25
(1, 15, 17, 25);2;25
(1, 15, 18, 25);36;25
(1, 15, 19, 25);2;25
(1, 15, 20, 25);40;25
(1, 15, 21, 25);2;25
(1, 15, 22, 25);44;25
(1, 15, 23, 25);2;25
(1, 15, 24, 25);48;25
(1, 16, 17, 25);32;25
(1, 16, 18, 25);43;25
(1, 16, 19, 25);26;90
(1, 16, 20, 25);45;25
(1, 16, 21, 25);37;25
(1, 16, 22, 25);47;25
(1, 16, 23, 25);39;25
(1, 16, 24, 25);49;25
(1, 17, 18, 25);36;25
(1, 17, 19, 25);2;25
(1, 17, 20, 25);40;25
(1, 17, 21, 25);2;25
(1, 17, 22, 25);44;25
(1, 17, 23, 25);2;25
(1, 17, 24, 25);48;25
(1, 18, 19, 25);36;25
(1, 18, 20, 25);45;25
(1, 18, 21, 25);39;45
(1, 18, 22, 25);47;25
(1, 18, 23, 25);41;25
(1, 18, 24, 25);49;25
(1, 19, 20, 25);40;25
(1, 19, 21, 25);2;25
(1, 19, 22, 25);44;25
(1, 19, 23, 25);2;25
(1, 19, 24, 25);48;25
(1, 20, 21, 25);40;25
(1, 20, 22, 25);47;25
(1, 20, 23, 25);43;25
(1, 20, 24, 25);49;25
(1, 21, 22, 25);44;25
(1, 21, 23, 25);2;25
(1, 21, 24, 25);48;25
(1, 22, 23, 25);44;25
(1, 22, 24, 25);49;25
(1, 23, 24, 25);48;25
(2, 3, 4, 25);29;25
(2, 3, 5, 25);7;25
(2, 3, 6, 25);9;25
(2, 3, 7, 25);28;38
(2, 3, 8, 25);27;29
(2, 3, 9, 25);11;25
(2, 3, 10, 25);28;67
(2, 3, 11, 25);14;25
(2, 3, 12, 25);28;55
(2, 3, 13, 25);27;34
(2, 3, 14, 25);27;25
(2, 3, 15, 25);17;36
(2, 3, 16, 25);28;25
(2, 3, 17, 25);14;57
(2, 3, 18, 25);43;34
(2, 3, 19, 25);27;25
(2, 3, 20, 25);22;25
(2, 3, 21, 25);28;25
(2, 3, 22, 25);47;57
(2, 3, 23, 25);48;29
(2, 3, 24, 25);27;25
(2, 4, 5, 25);7;25
(2, 4, 6, 25);8;26
(2, 4, 7, 25);3;25
(2, 4, 8, 25);29;25
(2, 4, 9, 25);29;25
(2, 4, 10, 25);3;26
(2, 4, 11, 25);27;25
(2, 4, 12, 25);14;25
(2, 4, 13, 25);3;25
(2, 4, 14, 25);29;25
(2, 4, 15, 25);29;25
(2, 4, 16, 25);3;26
(2, 4, 17, 25);27;25
(2, 4, 18, 25);27;25
(2, 4, 19, 25);3;25
(2, 4, 20, 25);29;25
(2, 4, 21, 25);29;25
(2, 4, 22, 25);3;26
(2, 4, 23, 25);27;25
(2, 4, 24, 25);27;25
(2, 5, 6, 25);30;25
(2, 5, 7, 25);40;27
(2, 5, 8, 25);10;25
(2, 5, 9, 25);34;25
(2, 5, 10, 25);15;25
(2, 5, 11, 25);36;25
(2, 5, 12, 25);27;35
(2, 5, 13, 25);30;47
(2, 5, 14, 25);39;25
(2, 5, 15, 25);27;25
(2, 5, 16, 25);41;25
(2, 5, 17, 25);30;66
(2, 5, 18, 25);20;25
(2, 5, 19, 25);44;35
(2, 5, 20, 25);67;94
(2, 5, 21, 25);23;49
(2, 5, 22, 25);27;25
(2, 5, 23, 25);48;25
(2, 5, 24, 25);30;119
(2, 6, 7, 25);31;25
(2, 6, 8, 25);58;25
(2, 6, 9, 25);34;25
(2, 6, 10, 25);35;25
(2, 6, 11, 25);31;29
(2, 6, 12, 25);18;25
(2, 6, 13, 25);19;25
(2, 6, 14, 25);39;25
(2, 6, 15, 25);70;56
(2, 6, 16, 25);31;31
(2, 6, 17, 25);23;25
(2, 6, 18, 25);43;25
(2, 6, 19, 25);82;25
(2, 6, 20, 25);31;57
(2, 6, 21, 25);27;25
(2, 6, 22, 25);47;25
(2, 6, 23, 25);47;25
(2, 6, 24, 25);31;90
(2, 7, 8, 25);33;25
(2, 7, 9, 25);31;25
(2, 7, 10, 25);32;45
(2, 7, 11, 25);9;25
(2, 7, 12, 25);37;25
(2, 7, 13, 25);3;73
(2, 7, 14, 25);48;109
(2, 7, 15, 25);40;25
(2, 7, 16, 25);9;25
(2, 7, 17, 25);42;25
(2, 7, 18, 25);128;158
(2, 7, 19, 25);44;25
(2, 7, 20, 25);9;25
(2, 7, 21, 25);23;25
(2, 7, 22, 25);3;62
(2, 7, 23, 25);94;40
(2, 7, 24, 25);49;25
(2, 8, 9, 25);11;38
(2, 8, 10, 25);16;25
(2, 8, 11, 25);36;58
(2, 8, 12, 25);10;31
(2, 8, 13, 25);27;42
(2, 8, 14, 25);27;29
(2, 8, 15, 25);10;25
(2, 8, 16, 25);33;32
(2, 8, 17, 25);323;25
(2, 8, 18, 25);10;41
(2, 8, 19, 25);27;25
(2, 8, 20, 25);22;76
(2, 8, 21, 25);23;66
(2, 8, 22, 25);10;40
(2, 8, 23, 25);125;25
(2, 8, 24, 25);27;63
(2, 9, 10, 25);19;25
(2, 9, 11, 25);20;27
(2, 9, 12, 25);34;44
(2, 9, 13, 25);34;102
(2, 9, 14, 25);23;25
(2, 9, 15, 25);34;37
(2, 9, 16, 25);41;25
(2, 9, 17, 25);34;25
(2, 9, 18, 25);27;25
(2, 9, 19, 25);38;25
(2, 9, 20, 25);45;25
(2, 9, 21, 25);34;25
(2, 9, 22, 25);31;62
(2, 9, 23, 25);16;202
(2, 9, 24, 25);49;104
(2, 10, 11, 25);35;25
(2, 10, 12, 25);14;84
(2, 10, 13, 25);23;25
(2, 10, 14, 25);39;25
(2, 10, 15, 25);35;25
(2, 10, 16, 25);3;131
(2, 10, 17, 25);27;25
(2, 10, 18, 25);43;25
(2, 10, 19, 25);82;25
(2, 10, 20, 25);35;65
(2, 10, 21, 25);31;25
(2, 10, 22, 25);47;25
(2, 10, 23, 25);47;25
(2, 10, 24, 25);35;63
(2, 11, 12, 25);23;25
(2, 11, 13, 25);23;25
(2, 11, 14, 25);36;25
(2, 11, 15, 25);40;25
(2, 11, 16, 25);27;25
(2, 11, 17, 25);69;40
(2, 11, 18, 25);36;25
(2, 11, 19, 25);44;25
(2, 11, 20, 25);9;29
(2, 11, 21, 25);32;25
(2, 11, 22, 25);36;47
(2, 11, 23, 25);48;25
(2, 11, 24, 25);49;29
(2, 12, 13, 25);38;25
(2, 12, 14, 25);113;134
(2, 12, 15, 25);27;25
(2, 12, 16, 25);37;30
(2, 12, 17, 25);42;36
(2, 12, 18, 25);10;65
(2, 12, 19, 25);44;73
(2, 12, 20, 25);32;31
(2, 12, 21, 25);37;36
(2, 12, 22, 25);27;79
(2, 12, 23, 25);223;25
(2, 12, 24, 25);36;35
(2, 13, 14, 25);27;25
(2, 13, 15, 25);58;25
(2, 13, 16, 25);41;25
(2, 13, 17, 25);38;25
(2, 13, 18, 25);31;45
(2, 13, 19, 25);38;25
(2, 13, 20, 25);45;25
(2, 13, 21, 25);38;25
(2, 13, 22, 25);35;70
(2, 13, 23, 25);266;25
(2, 13, 24, 25);49;25
(2, 14, 15, 25);39;25
(2, 14, 16, 25);31;25
(2, 14, 17, 25);31;25
(2, 14, 18, 25);43;25
(2, 14, 19, 25);82;25
(2, 14, 20, 25);74;25
(2, 14, 21, 25);35;25
(2, 14, 22, 25);47;25
(2, 14, 23, 25);47;25
(2, 14, 24, 25);39;38
(2, 15, 16, 25);40;57
(2, 15, 17, 25);31;25
(2, 15, 18, 25);40;25
(2, 15, 19, 25);44;25
(2, 15, 20, 25);40;29
(2, 15, 21, 25);36;25
(2, 15, 22, 25);40;97
(2, 15, 23, 25);48;25
(2, 15, 24, 25);40;33
(2, 16, 17, 25);42;80
(2, 16, 18, 25);66;25
(2, 16, 19, 25);44;34
(2, 16, 20, 25);9;76
(2, 16, 21, 25);23;66
(2, 16, 22, 25);41;58
(2, 16, 23, 25);94;212
(2, 16, 24, 25);49;39
(2, 17, 18, 25);35;25
(2, 17, 19, 25);74;25
(2, 17, 20, 25);45;25
(2, 17, 21, 25);42;25
(2, 17, 22, 25);39;117
(2, 17, 23, 25);178;25
(2, 17, 24, 25);49;25
(2, 18, 19, 25);43;25
(2, 18, 20, 25);39;25
(2, 18, 21, 25);39;25
(2, 18, 22, 25);47;25
(2, 18, 23, 25);47;25
(2, 18, 24, 25);43;42
(2, 19, 20, 25);44;38
(2, 19, 21, 25);39;25
(2, 19, 22, 25);44;25
(2, 19, 23, 25);48;25
(2, 19, 24, 25);44;29
(2, 20, 21, 25);41;70
(2, 20, 22, 25);82;25
(2, 20, 23, 25);48;42
(2, 20, 24, 25);49;43
(2, 21, 22, 25);43;25
(2, 21, 23, 25);90;25
(2, 21, 24, 25);49;25
(2, 22, 23, 25);47;25
(2, 22, 24, 25);47;25
(2, 23, 24, 25);47;25
(3, 4, 5, 25);30;25
(3, 4, 6, 25);28;25
(3, 4, 7, 25);10;25
(3, 4, 8, 25);29;25
(3, 4, 9, 25);34;25
(3, 4, 10, 25);7;25
(3, 4, 11, 25);7;25
(3, 4, 12, 25);37;25
(3, 4, 13, 25);7;102
(3, 4, 14, 25);28;91
(3, 4, 15, 25);47;37
(3, 4, 16, 25);41;25
(3, 4, 17, 25);7;25
(3, 4, 18, 25);7;25
(3, 4, 19, 25);22;25
(3, 4, 20, 25);45;25
(3, 4, 21, 25);108;57
(3, 4, 22, 25);7;41
(3, 4, 23, 25);48;25
(3, 4, 24, 25);7;25
(3, 5, 6, 25);28;25
(3, 5, 7, 25);10;25
(3, 5, 8, 25);11;25
(3, 5, 9, 25);2;30
(3, 5, 10, 25);15;25
(3, 5, 11, 25);30;25
(3, 5, 12, 25);30;29
(3, 5, 13, 25);2;46
(3, 5, 14, 25);28;25
(3, 5, 15, 25);28;25
(3, 5, 16, 25);19;25
(3, 5, 17, 25);2;38
(3, 5, 18, 25);30;25
(3, 5, 19, 25);30;25
(3, 5, 20, 25);15;37
(3, 5, 21, 25);2;46
(3, 5, 22, 25);240;25
(3, 5, 23, 25);28;25
(3, 5, 24, 25);28;25
(3, 6, 7, 25);10;25
(3, 6, 8, 25);11;25
(3, 6, 9, 25);4;54
(3, 6, 10, 25);117;25
(3, 6, 11, 25);9;31
(3, 6, 12, 25);9;31
(3, 6, 13, 25);28;25
(3, 6, 14, 25);28;25
(3, 6, 15, 25);28;25
(3, 6, 16, 25);19;25
(3, 6, 17, 25);20;25
(3, 6, 18, 25);21;25
(3, 6, 19, 25);148;25
(3, 6, 20, 25);9;31
(3, 6, 21, 25);9;31
(3, 6, 22, 25);28;25
(3, 6, 23, 25);28;25
(3, 6, 24, 25);28;25
(3, 7, 8, 25);32;25
(3, 7, 9, 25);2;30
(3, 7, 10, 25);46;25
(3, 7, 11, 25);14;25
(3, 7, 12, 25);28;41
(3, 7, 13, 25);2;50
(3, 7, 14, 25);32;25
(3, 7, 15, 25);2;40
(3, 7, 16, 25);28;36
(3, 7, 17, 25);2;50
(3, 7, 18, 25);32;67
(3, 7, 19, 25);2;62
(3, 7, 20, 25);23;31
(3, 7, 21, 25);28;25
(3, 7, 22, 25);76;35
(3, 7, 23, 25);2;50
(3, 7, 24, 25);32;99
(3, 8, 9, 25);17;25
(3, 8, 10, 25);11;70
(3, 8, 11, 25);82;27
(3, 8, 12, 25);11;92
(3, 8, 13, 25);38;25
(3, 8, 14, 25);11;25
(3, 8, 15, 25);40;49
(3, 8, 16, 25);24;100
(3, 8, 17, 25);11;75
(3, 8, 18, 25);43;25
(3, 8, 19, 25);11;25
(3, 8, 20, 25);28;25
(3, 8, 21, 25);46;55
(3, 8, 22, 25);118;77
(3, 8, 23, 25);11;66
(3, 8, 24, 25);49;25
(3, 9, 10, 25);34;25
(3, 9, 11, 25);34;25
(3, 9, 12, 25);21;28
(3, 9, 13, 25);22;25
(3, 9, 14, 25);34;25
(3, 9, 15, 25);40;25
(3, 9, 16, 25);114;25
(3, 9, 17, 25);34;25
(3, 9, 18, 25);34;65
(3, 9, 19, 25);28;25
(3, 9, 20, 25);34;29
(3, 9, 21, 25);46;25
(3, 9, 22, 25);46;25
(3, 9, 23, 25);2;82
(3, 9, 24, 25);34;64
(3, 10, 11, 25);7;31
(3, 10, 12, 25);22;25
(3, 10, 13, 25);22;25
(3, 10, 14, 25);13;62
(3, 10, 15, 25);35;28
(3, 10, 16, 25);41;25
(3, 10, 17, 25);7;31
(3, 10, 18, 25);28;25
(3, 10, 19, 25);29;25
(3, 10, 20, 25);35;138
(3, 10, 21, 25);24;140
(3, 10, 22, 25);47;25
(3, 10, 23, 25);48;31
(3, 10, 24, 25);7;65
(3, 11, 12, 25);37;25
(3, 11, 13, 25);2;52
(3, 11, 14, 25);146;105
(3, 11, 15, 25);2;36
(3, 11, 16, 25);41;25
(3, 11, 17, 25);14;25
(3, 11, 18, 25);7;25
(3, 11, 19, 25);22;25
(3, 11, 20, 25);23;54
(3, 11, 21, 25);2;86
(3, 11, 22, 25);138;34
(3, 11, 23, 25);48;25
(3, 11, 24, 25);7;45
(3, 12, 13, 25);38;25
(3, 12, 14, 25);28;50
(3, 12, 15, 25);64;111
(3, 12, 16, 25);28;25
(3, 12, 17, 25);29;27
(3, 12, 18, 25);37;33
(3, 12, 19, 25);37;35
(3, 12, 20, 25);60;75
(3, 12, 21, 25);24;69
(3, 12, 22, 25);203;25
(3, 12, 23, 25);13;112
(3, 12, 24, 25);36;34
(3, 13, 14, 25);38;25
(3, 13, 15, 25);28;25
(3, 13, 16, 25);90;25
(3, 13, 17, 25);2;36
(3, 13, 18, 25);43;37
(3, 13, 19, 25);38;25
(3, 13, 20, 25);11;70
(3, 13, 21, 25);2;80
(3, 13, 22, 25);246;25
(3, 13, 23, 25);2;46
(3, 13, 24, 25);38;37
(3, 14, 15, 25);40;25
(3, 14, 16, 25);28;70
(3, 14, 17, 25);190;43
(3, 14, 18, 25);43;85
(3, 14, 19, 25);11;25
(3, 14, 20, 25);45;25
(3, 14, 21, 25);46;25
(3, 14, 22, 25);45;83
(3, 14, 23, 25);26;80
(3, 14, 24, 25);49;28
(3, 15, 16, 25);40;25
(3, 15, 17, 25);2;76
(3, 15, 18, 25);34;25
(3, 15, 19, 25);34;25
(3, 15, 20, 25);40;25
(3, 15, 21, 25);46;25
(3, 15, 22, 25);46;25
(3, 15, 23, 25);2;88
(3, 15, 24, 25);40;39
(3, 16, 17, 25);41;31
(3, 16, 18, 25);41;101
(3, 16, 19, 25);34;25
(3, 16, 20, 25);41;117
(3, 16, 21, 25);41;142
(3, 16, 22, 25);47;25
(3, 16, 23, 25);41;78
(3, 16, 24, 25);41;31
(3, 17, 18, 25);7;33
(3, 17, 19, 25);2;64
(3, 17, 20, 25);178;53
(3, 17, 21, 25);2;42
(3, 17, 22, 25);47;25
(3, 17, 23, 25);48;25
(3, 17, 24, 25);7;79
(3, 18, 19, 25);22;68
(3, 18, 20, 25);78;230
(3, 18, 21, 25);114;25
(3, 18, 22, 25);47;79
(3, 18, 23, 25);48;81
(3, 18, 24, 25);7;83
(3, 19, 20, 25);39;25
(3, 19, 21, 25);40;25
(3, 19, 22, 25);126;25
(3, 19, 23, 25);2;42
(3, 19, 24, 25);49;43
(3, 20, 21, 25);46;25
(3, 20, 22, 25);91;85
(3, 20, 23, 25);130;25
(3, 20, 24, 25);44;28
(3, 21, 22, 25);46;25
(3, 21, 23, 25);46;25
(3, 21, 24, 25);46;25
(3, 22, 23, 25);46;25
(3, 22, 24, 25);46;25
(3, 23, 24, 25);48;54
(4, 5, 6, 25);10;25
(4, 5, 7, 25);32;25
(4, 5, 8, 25);42;60
(4, 5, 9, 25);29;25
(4, 5, 10, 25);15;25
(4, 5, 11, 25);30;30
(4, 5, 12, 25);30;90
(4, 5, 13, 25);38;25
(4, 5, 14, 25);29;33
(4, 5, 15, 25);29;25
(4, 5, 16, 25);20;25
(4, 5, 17, 25);21;25
(4, 5, 18, 25);30;68
(4, 5, 19, 25);30;90
(4, 5, 20, 25);69;144
(4, 5, 21, 25);46;25
(4, 5, 22, 25);47;25
(4, 5, 23, 25);48;33
(4, 5, 24, 25);29;25
(4, 6, 7, 25);32;25
(4, 6, 8, 25);12;31
(4, 6, 9, 25);29;25
(4, 6, 10, 25);29;25
(4, 6, 11, 25);46;43
(4, 6, 12, 25);31;49
(4, 6, 13, 25);19;25
(4, 6, 14, 25);10;25
(4, 6, 15, 25);10;25
(4, 6, 16, 25);10;25
(4, 6, 17, 25);21;25
(4, 6, 18, 25);43;25
(4, 6, 19, 25);187;68
(4, 6, 20, 25);24;105
(4, 6, 21, 25);433;28
(4, 6, 22, 25);47;27
(4, 6, 23, 25);29;25
(4, 6, 24, 25);10;25
(4, 7, 8, 25);44;43
(4, 7, 9, 25);29;25
(4, 7, 10, 25);29;25
(4, 7, 11, 25);15;25
(4, 7, 12, 25);16;32
(4, 7, 13, 25);29;62
(4, 7, 14, 25);21;25
(4, 7, 15, 25);32;25
(4, 7, 16, 25);32;25
(4, 7, 17, 25);32;25
(4, 7, 18, 25);43;25
(4, 7, 19, 25);11;42
(4, 7, 20, 25);32;70
(4, 7, 21, 25);224;57
(4, 7, 22, 25);29;25
(4, 7, 23, 25);30;25
(4, 7, 24, 25);31;25
(4, 8, 9, 25);29;25
(4, 8, 10, 25);29;25
(4, 8, 11, 25);15;25
(4, 8, 12, 25);16;25
(4, 8, 13, 25);17;25
(4, 8, 14, 25);29;25
(4, 8, 15, 25);52;25
(4, 8, 16, 25);33;25
(4, 8, 17, 25);33;25
(4, 8, 18, 25);55;54
(4, 8, 19, 25);23;32
(4, 8, 20, 25);29;28
(4, 8, 21, 25);29;25
(4, 8, 22, 25);29;25
(4, 8, 23, 25);29;25
(4, 8, 24, 25);29;25
(4, 9, 10, 25);34;25
(4, 9, 11, 25);36;25
(4, 9, 12, 25);21;32
(4, 9, 13, 25);17;61
(4, 9, 14, 25);39;49
(4, 9, 15, 25);29;46
(4, 9, 16, 25);34;73
(4, 9, 17, 25);34;25
(4, 9, 18, 25);34;33
(4, 9, 19, 25);57;55
(4, 9, 20, 25);29;25
(4, 9, 21, 25);174;25
(4, 9, 22, 25);47;44
(4, 9, 23, 25);16;63
(4, 9, 24, 25);49;25
(4, 10, 11, 25);7;25
(4, 10, 12, 25);22;25
(4, 10, 13, 25);29;35
(4, 10, 14, 25);83;73
(4, 10, 15, 25);35;68
(4, 10, 16, 25);41;25
(4, 10, 17, 25);7;33
(4, 10, 18, 25);7;29
(4, 10, 19, 25);29;25
(4, 10, 20, 25);59;34
(4, 10, 21, 25);29;150
(4, 10, 22, 25);29;74
(4, 10, 23, 25);48;47
(4, 10, 24, 25);7;43
(4, 11, 12, 25);37;25
(4, 11, 13, 25);38;25
(4, 11, 14, 25);36;130
(4, 11, 15, 25);29;89
(4, 11, 16, 25);91;75
(4, 11, 17, 25);7;25
(4, 11, 18, 25);29;25
(4, 11, 19, 25);44;25
(4, 11, 20, 25);45;25
(4, 11, 21, 25);44;35
(4, 11, 22, 25);36;118
(4, 11, 23, 25);56;70
(4, 11, 24, 25);7;65
(4, 12, 13, 25);37;25
(4, 12, 14, 25);37;25
(4, 12, 15, 25);40;75
(4, 12, 16, 25);29;25
(4, 12, 17, 25);29;25
(4, 12, 18, 25);37;28
(4, 12, 19, 25);37;30
(4, 12, 20, 25);45;25
(4, 12, 21, 25);45;25
(4, 12, 22, 25);34;119
(4, 12, 23, 25);37;35
(4, 12, 24, 25);37;36
(4, 13, 14, 25);38;33
(4, 13, 15, 25);38;33
(4, 13, 16, 25);29;25
(4, 13, 17, 25);29;25
(4, 13, 18, 25);29;158
(4, 13, 19, 25);38;25
(4, 13, 20, 25);38;115
(4, 13, 21, 25);46;25
(4, 13, 22, 25);47;33
(4, 13, 23, 25);38;33
(4, 13, 24, 25);38;33
(4, 14, 15, 25);29;25
(4, 14, 16, 25);10;53
(4, 14, 17, 25);39;89
(4, 14, 18, 25);124;25
(4, 14, 19, 25);67;128
(4, 14, 20, 25);34;39
(4, 14, 21, 25);46;25
(4, 14, 22, 25);47;25
(4, 14, 23, 25);48;33
(4, 14, 24, 25);29;33
(4, 15, 16, 25);10;25
(4, 15, 17, 25);21;50
(4, 15, 18, 25);79;41
(4, 15, 19, 25);34;126
(4, 15, 20, 25);40;40
(4, 15, 21, 25);46;34
(4, 15, 22, 25);47;35
(4, 15, 23, 25);48;36
(4, 15, 24, 25);29;33
(4, 16, 17, 25);21;50
(4, 16, 18, 25);63;151
(4, 16, 19, 25);29;87
(4, 16, 20, 25);140;25
(4, 16, 21, 25);37;109
(4, 16, 22, 25);38;35
(4, 16, 23, 25);39;36
(4, 16, 24, 25);20;37
(4, 17, 18, 25);7;65
(4, 17, 19, 25);36;35
(4, 17, 20, 25);37;25
(4, 17, 21, 25);156;25
(4, 17, 22, 25);47;39
(4, 17, 23, 25);8;132
(4, 17, 24, 25);7;82
(4, 18, 19, 25);44;35
(4, 18, 20, 25);45;36
(4, 18, 21, 25);215;25
(4, 18, 22, 25);156;80
(4, 18, 23, 25);43;84
(4, 18, 24, 25);7;79
(4, 19, 20, 25);45;25
(4, 19, 21, 25);46;44
(4, 19, 22, 25);44;25
(4, 19, 23, 25);170;44
(4, 19, 24, 25);43;29
(4, 20, 21, 25);45;25
(4, 20, 22, 25);45;25
(4, 20, 23, 25);45;25
(4, 20, 24, 25);45;25
(4, 21, 22, 25);45;25
(4, 21, 23, 25);45;25
(4, 21, 24, 25);45;25
(4, 22, 23, 25);45;55
(4, 22, 24, 25);47;55
(4, 23, 24, 25);48;89
(5, 6, 7, 25);32;25
(5, 6, 8, 25);30;25
(5, 6, 9, 25);30;25
(5, 6, 10, 25);15;25
(5, 6, 11, 25);16;25
(5, 6, 12, 25);31;73
(5, 6, 13, 25);19;25
(5, 6, 14, 25);20;25
(5, 6, 15, 25);31;25
(5, 6, 16, 25);31;32
(5, 6, 17, 25);42;25
(5, 6, 18, 25);43;25
(5, 6, 19, 25);44;53
(5, 6, 20, 25);71;114
(5, 6, 21, 25);30;103
(5, 6, 22, 25);30;56
(5, 6, 23, 25);29;88
(5, 6, 24, 25);30;25
(5, 7, 8, 25);30;25
(5, 7, 9, 25);30;25
(5, 7, 10, 25);15;25
(5, 7, 11, 25);16;25
(5, 7, 12, 25);17;25
(5, 7, 13, 25);2;52
(5, 7, 14, 25);21;25
(5, 7, 15, 25);32;25
(5, 7, 16, 25);32;25
(5, 7, 17, 25);32;56
(5, 7, 18, 25);43;98
(5, 7, 19, 25);2;88
(5, 7, 20, 25);72;134
(5, 7, 21, 25);2;104
(5, 7, 22, 25);30;57
(5, 7, 23, 25);30;25
(5, 7, 24, 25);30;25
(5, 8, 9, 25);30;25
(5, 8, 10, 25);15;25
(5, 8, 11, 25);16;25
(5, 8, 12, 25);17;25
(5, 8, 13, 25);18;25
(5, 8, 14, 25);89;25
(5, 8, 15, 25);33;33
(5, 8, 16, 25);33;25
(5, 8, 17, 25);33;129
(5, 8, 18, 25);33;58
(5, 8, 19, 25);27;149
(5, 8, 20, 25);15;35
(5, 8, 21, 25);30;35
(5, 8, 22, 25);30;25
(5, 8, 23, 25);30;25
(5, 8, 24, 25);30;25
(5, 9, 10, 25);15;25
(5, 9, 11, 25);16;25
(5, 9, 12, 25);17;25
(5, 9, 13, 25);18;25
(5, 9, 14, 25);19;25
(5, 9, 15, 25);2;52
(5, 9, 16, 25);138;25
(5, 9, 17, 25);2;68
(5, 9, 18, 25);7;42
(5, 9, 19, 25);2;90
(5, 9, 20, 25);15;35
(5, 9, 21, 25);30;25
(5, 9, 22, 25);30;25
(5, 9, 23, 25);30;25
(5, 9, 24, 25);30;25
(5, 10, 11, 25);16;25
(5, 10, 12, 25);17;25
(5, 10, 13, 25);18;25
(5, 10, 14, 25);19;25
(5, 10, 15, 25);20;25
(5, 10, 16, 25);21;25
(5, 10, 17, 25);22;25
(5, 10, 18, 25);15;25
(5, 10, 19, 25);15;25
(5, 10, 20, 25);15;25
(5, 10, 21, 25);15;25
(5, 10, 22, 25);15;25
(5, 10, 23, 25);15;25
(5, 10, 24, 25);15;25
(5, 11, 12, 25);23;73
(5, 11, 13, 25);18;45
(5, 11, 14, 25);58;25
(5, 11, 15, 25);2;54
(5, 11, 16, 25);21;66
(5, 11, 17, 25);22;25
(5, 11, 18, 25);30;25
(5, 11, 19, 25);30;25
(5, 11, 20, 25);76;25
(5, 11, 21, 25);2;96
(5, 11, 22, 25);63;69
(5, 11, 23, 25);2;50
(5, 11, 24, 25);49;191
(5, 12, 13, 25);37;25
(5, 12, 14, 25);37;25
(5, 12, 15, 25);37;33
(5, 12, 16, 25);30;67
(5, 12, 17, 25);22;147
(5, 12, 18, 25);30;25
(5, 12, 19, 25);30;43
(5, 12, 20, 25);77;25
(5, 12, 21, 25);33;127
(5, 12, 22, 25);37;50
(5, 12, 23, 25);37;79
(5, 12, 24, 25);37;25
(5, 13, 14, 25);38;25
(5, 13, 15, 25);38;25
(5, 13, 16, 25);29;26
(5, 13, 17, 25);30;25
(5, 13, 18, 25);160;25
(5, 13, 19, 25);2;102
(5, 13, 20, 25);78;25
(5, 13, 21, 25);2;80
(5, 13, 22, 25);47;43
(5, 13, 23, 25);38;43
(5, 13, 24, 25);38;91
(5, 14, 15, 25);39;25
(5, 14, 16, 25);30;25
(5, 14, 17, 25);31;30
(5, 14, 18, 25);30;113
(5, 14, 19, 25);180;25
(5, 14, 20, 25);79;25
(5, 14, 21, 25);39;100
(5, 14, 22, 25);47;25
(5, 14, 23, 25);48;25
(5, 14, 24, 25);39;44
(5, 15, 16, 25);41;25
(5, 15, 17, 25);42;25
(5, 15, 18, 25);43;43
(5, 15, 19, 25);2;82
(5, 15, 20, 25);40;25
(5, 15, 21, 25);2;84
(5, 15, 22, 25);47;43
(5, 15, 23, 25);48;25
(5, 15, 24, 25);49;25
(5, 16, 17, 25);42;25
(5, 16, 18, 25);43;25
(5, 16, 19, 25);41;41
(5, 16, 20, 25);40;25
(5, 16, 21, 25);40;25
(5, 16, 22, 25);118;26
(5, 16, 23, 25);39;36
(5, 16, 24, 25);40;25
(5, 17, 18, 25);43;25
(5, 17, 19, 25);2;44
(5, 17, 20, 25);40;25
(5, 17, 21, 25);40;25
(5, 17, 22, 25);40;25
(5, 17, 23, 25);40;25
(5, 17, 24, 25);41;40
(5, 18, 19, 25);37;43
(5, 18, 20, 25);40;25
(5, 18, 21, 25);40;25
(5, 18, 22, 25);40;25
(5, 18, 23, 25);40;25
(5, 18, 24, 25);82;40
(5, 19, 20, 25);40;25
(5, 19, 21, 25);40;25
(5, 19, 22, 25);40;25
(5, 19, 23, 25);40;25
(5, 19, 24, 25);40;25
(5, 20, 21, 25);40;25
(5, 20, 22, 25);40;25
(5, 20, 23, 25);40;25
(5, 20, 24, 25);40;25
(5, 21, 22, 25);43;43
(5, 21, 23, 25);2;44
(5, 21, 24, 25);49;131
(5, 22, 23, 25);47;25
(5, 22, 24, 25);47;25
(5, 23, 24, 25);48;25
(6, 7, 8, 25);31;25
(6, 7, 9, 25);31;25
(6, 7, 10, 25);16;25
(6, 7, 11, 25);17;25
(6, 7, 12, 25);18;25
(6, 7, 13, 25);19;25
(6, 7, 14, 25);21;38
(6, 7, 15, 25);32;59
(6, 7, 16, 25);32;25
(6, 7, 17, 25);32;128
(6, 7, 18, 25);232;109
(6, 7, 19, 25);44;25
(6, 7, 20, 25);45;37
(6, 7, 21, 25);46;37
(6, 7, 22, 25);31;37
(6, 7, 23, 25);31;37
(6, 7, 24, 25);31;25
(6, 8, 9, 25);31;25
(6, 8, 10, 25);16;25
(6, 8, 11, 25);17;25
(6, 8, 12, 25);18;25
(6, 8, 13, 25);19;25
(6, 8, 14, 25);31;58
(6, 8, 15, 25);40;93
(6, 8, 16, 25);33;25
(6, 8, 17, 25);33;165
(6, 8, 18, 25);26;62
(6, 8, 19, 25);44;25
(6, 8, 20, 25);45;25
(6, 8, 21, 25);46;37
(6, 8, 22, 25);31;37
(6, 8, 23, 25);31;25
(6, 8, 24, 25);31;25
(6, 9, 10, 25);16;25
(6, 9, 11, 25);17;25
(6, 9, 12, 25);18;25
(6, 9, 13, 25);19;25
(6, 9, 14, 25);39;25
(6, 9, 15, 25);52;39
(6, 9, 16, 25);86;73
(6, 9, 17, 25);34;88
(6, 9, 18, 25);27;69
(6, 9, 19, 25);44;25
(6, 9, 20, 25);45;25
(6, 9, 21, 25);46;25
(6, 9, 22, 25);31;25
(6, 9, 23, 25);31;25
(6, 9, 24, 25);31;25
(6, 10, 11, 25);17;25
(6, 10, 12, 25);18;25
(6, 10, 13, 25);19;25
(6, 10, 14, 25);39;25
(6, 10, 15, 25);35;93
(6, 10, 16, 25);35;112
(6, 10, 17, 25);27;82
(6, 10, 18, 25);43;79
(6, 10, 19, 25);44;26
(6, 10, 20, 25);15;27
(6, 10, 21, 25);31;25
(6, 10, 22, 25);16;25
(6, 10, 23, 25);16;25
(6, 10, 24, 25);16;25
(6, 11, 12, 25);18;25
(6, 11, 13, 25);19;25
(6, 11, 14, 25);39;25
(6, 11, 15, 25);31;187
(6, 11, 16, 25);31;94
(6, 11, 17, 25);100;187
(6, 11, 18, 25);36;65
(6, 11, 19, 25);30;26
(6, 11, 20, 25);31;25
(6, 11, 21, 25);32;25
(6, 11, 22, 25);33;25
(6, 11, 23, 25);17;25
(6, 11, 24, 25);17;25
(6, 12, 13, 25);19;25
(6, 12, 14, 25);57;26
(6, 12, 15, 25);58;56
(6, 12, 16, 25);9;50
(6, 12, 17, 25);31;81
(6, 12, 18, 25);31;60
(6, 12, 19, 25);31;25
(6, 12, 20, 25);32;25
(6, 12, 21, 25);33;25
(6, 12, 22, 25);34;25
(6, 12, 23, 25);35;25
(6, 12, 24, 25);18;25
(6, 13, 14, 25);19;25
(6, 13, 15, 25);19;27
(6, 13, 16, 25);29;28
(6, 13, 17, 25);30;27
(6, 13, 18, 25);31;25
(6, 13, 19, 25);198;25
(6, 13, 20, 25);45;66
(6, 13, 21, 25);19;92
(6, 13, 22, 25);35;119
(6, 13, 23, 25);12;114
(6, 13, 24, 25);19;37
(6, 14, 15, 25);10;25
(6, 14, 16, 25);10;52
(6, 14, 17, 25);31;25
(6, 14, 18, 25);32;61
(6, 14, 19, 25);230;54
(6, 14, 20, 25);174;169
(6, 14, 21, 25);35;65
(6, 14, 22, 25);47;91
(6, 14, 23, 25);29;79
(6, 14, 24, 25);10;37
(6, 15, 16, 25);31;25
(6, 15, 17, 25);42;32
(6, 15, 18, 25);43;30
(6, 15, 19, 25);412;25
(6, 15, 20, 25);31;123
(6, 15, 21, 25);66;167
(6, 15, 22, 25);47;241
(6, 15, 23, 25);29;55
(6, 15, 24, 25);30;31
(6, 16, 17, 25);42;32
(6, 16, 18, 25);43;25
(6, 16, 19, 25);44;41
(6, 16, 20, 25);36;125
(6, 16, 21, 25);27;127
(6, 16, 22, 25);228;113
(6, 16, 23, 25);41;119
(6, 16, 24, 25);10;32
(6, 17, 18, 25);43;25
(6, 17, 19, 25);44;42
(6, 17, 20, 25);42;38
(6, 17, 21, 25);42;25
(6, 17, 22, 25);42;40
(6, 17, 23, 25);242;42
(6, 17, 24, 25);41;31
(6, 18, 19, 25);43;25
(6, 18, 20, 25);43;25
(6, 18, 21, 25);43;25
(6, 18, 22, 25);43;25
(6, 18, 23, 25);43;25
(6, 18, 24, 25);43;25
(6, 19, 20, 25);43;25
(6, 19, 21, 25);43;25
(6, 19, 22, 25);43;25
(6, 19, 23, 25);43;25
(6, 19, 24, 25);43;25
(6, 20, 21, 25);43;57
(6, 20, 22, 25);45;79
(6, 20, 23, 25);43;119
(6, 20, 24, 25);45;57
(6, 21, 22, 25);43;160
(6, 21, 23, 25);46;58
(6, 21, 24, 25);46;58
(6, 22, 23, 25);31;59
(6, 22, 24, 25);31;59
(6, 23, 24, 25);31;60
(7, 8, 9, 25);16;25
(7, 8, 10, 25);17;25
(7, 8, 11, 25);18;25
(7, 8, 12, 25);37;25
(7, 8, 13, 25);38;25
(7, 8, 14, 25);32;50
(7, 8, 15, 25);33;29
(7, 8, 16, 25);33;25
(7, 8, 17, 25);33;268
(7, 8, 18, 25);79;29
(7, 8, 19, 25);44;59
(7, 8, 20, 25);45;25
(7, 8, 21, 25);46;25
(7, 8, 22, 25);47;25
(7, 8, 23, 25);16;39
(7, 8, 24, 25);32;25
(7, 9, 10, 25);17;25
(7, 9, 11, 25);18;25
(7, 9, 12, 25);37;25
(7, 9, 13, 25);38;25
(7, 9, 14, 25);21;73
(7, 9, 15, 25);2;90
(7, 9, 16, 25);206;108
(7, 9, 17, 25);2;102
(7, 9, 18, 25);79;30
(7, 9, 19, 25);2;82
(7, 9, 20, 25);45;25
(7, 9, 21, 25);46;25
(7, 9, 22, 25);47;25
(7, 9, 23, 25);16;25
(7, 9, 24, 25);16;25
(7, 10, 11, 25);18;25
(7, 10, 12, 25);37;25
(7, 10, 13, 25);38;25
(7, 10, 14, 25);39;25
(7, 10, 15, 25);35;64
(7, 10, 16, 25);32;124
(7, 10, 17, 25);35;104
(7, 10, 18, 25);32;29
(7, 10, 19, 25);32;76
(7, 10, 20, 25);15;60
(7, 10, 21, 25);31;29
(7, 10, 22, 25);32;25
(7, 10, 23, 25);33;25
(7, 10, 24, 25);17;25
(7, 11, 12, 25);37;25
(7, 11, 13, 25);38;25
(7, 11, 14, 25);39;25
(7, 11, 15, 25);40;36
(7, 11, 16, 25);9;55
(7, 11, 17, 25);2;98
(7, 11, 18, 25);32;25
(7, 11, 19, 25);2;98
(7, 11, 20, 25);124;49
(7, 11, 21, 25);32;25
(7, 11, 22, 25);33;25
(7, 11, 23, 25);34;25
(7, 11, 24, 25);35;25
(7, 12, 13, 25);38;25
(7, 12, 14, 25);58;54
(7, 12, 15, 25);8;175
(7, 12, 16, 25);37;37
(7, 12, 17, 25);8;114
(7, 12, 18, 25);32;25
(7, 12, 19, 25);32;25
(7, 12, 20, 25);32;25
(7, 12, 21, 25);33;25
(7, 12, 22, 25);34;25
(7, 12, 23, 25);35;25
(7, 12, 24, 25);36;25
(7, 13, 14, 25);20;35
(7, 13, 15, 25);10;29
(7, 13, 16, 25);32;86
(7, 13, 17, 25);2;98
(7, 13, 18, 25);32;25
(7, 13, 19, 25);32;25
(7, 13, 20, 25);32;25
(7, 13, 21, 25);2;102
(7, 13, 22, 25);32;102
(7, 13, 23, 25);2;106
(7, 13, 24, 25);49;134
(7, 14, 15, 25);21;29
(7, 14, 16, 25);21;58
(7, 14, 17, 25);21;93
(7, 14, 18, 25);32;25
(7, 14, 19, 25);32;25
(7, 14, 20, 25);32;25
(7, 14, 21, 25);32;25
(7, 14, 22, 25);68;168
(7, 14, 23, 25);69;31
(7, 14, 24, 25);70;90
(7, 15, 16, 25);32;59
(7, 15, 17, 25);32;25
(7, 15, 18, 25);43;99
(7, 15, 19, 25);2;102
(7, 15, 20, 25);8;132
(7, 15, 21, 25);2;102
(7, 15, 22, 25);176;101
(7, 15, 23, 25);2;98
(7, 15, 24, 25);31;32
(7, 16, 17, 25);32;66
(7, 16, 18, 25);43;67
(7, 16, 19, 25);32;79
(7, 16, 20, 25);9;89
(7, 16, 21, 25);46;37
(7, 16, 22, 25);32;70
(7, 16, 23, 25);242;25
(7, 16, 24, 25);31;48
(7, 17, 18, 25);400;35
(7, 17, 19, 25);2;116
(7, 17, 20, 25);37;111
(7, 17, 21, 25);42;36
(7, 17, 22, 25);29;217
(7, 17, 23, 25);76;28
(7, 17, 24, 25);260;25
(7, 18, 19, 25);32;371
(7, 18, 20, 25);43;122
(7, 18, 21, 25);43;126
(7, 18, 22, 25);43;25
(7, 18, 23, 25);122;74
(7, 18, 24, 25);121;25
(7, 19, 20, 25);44;41
(7, 19, 21, 25);44;42
(7, 19, 22, 25);44;25
(7, 19, 23, 25);44;25
(7, 19, 24, 25);44;25
(7, 20, 21, 25);45;42
(7, 20, 22, 25);45;43
(7, 20, 23, 25);45;44
(7, 20, 24, 25);45;25
(7, 21, 22, 25);46;25
(7, 21, 23, 25);46;25
(7, 21, 24, 25);46;25
(7, 22, 23, 25);47;39
(7, 22, 24, 25);47;39
(7, 23, 24, 25);16;39
(8, 9, 10, 25);35;25
(8, 9, 11, 25);36;25
(8, 9, 12, 25);37;25
(8, 9, 13, 25);38;25
(8, 9, 14, 25);17;62
(8, 9, 15, 25);40;108
(8, 9, 16, 25);137;102
(8, 9, 17, 25);33;25
(8, 9, 18, 25);27;197
(8, 9, 19, 25);28;111
(8, 9, 20, 25);17;84
(8, 9, 21, 25);46;33
(8, 9, 22, 25);47;33
(8, 9, 23, 25);16;33
(8, 9, 24, 25);33;25
(8, 10, 11, 25);36;25
(8, 10, 12, 25);37;25
(8, 10, 13, 25);38;25
(8, 10, 14, 25);57;79
(8, 10, 15, 25);35;35
(8, 10, 16, 25);3;150
(8, 10, 17, 25);33;25
(8, 10, 18, 25);33;25
(8, 10, 19, 25);67;114
(8, 10, 20, 25);63;211
(8, 10, 21, 25);31;33
(8, 10, 22, 25);32;58
(8, 10, 23, 25);33;25
(8, 10, 24, 25);34;25
(8, 11, 12, 25);37;25
(8, 11, 13, 25);38;25
(8, 11, 14, 25);39;25
(8, 11, 15, 25);36;66
(8, 11, 16, 25);33;91
(8, 11, 17, 25);33;25
(8, 11, 18, 25);33;25
(8, 11, 19, 25);33;25
(8, 11, 20, 25);19;145
(8, 11, 21, 25);32;91
(8, 11, 22, 25);33;25
(8, 11, 23, 25);34;32
(8, 11, 24, 25);35;25
(8, 12, 13, 25);38;25
(8, 12, 14, 25);59;88
(8, 12, 15, 25);10;47
(8, 12, 16, 25);33;93
(8, 12, 17, 25);33;25
(8, 12, 18, 25);33;25
(8, 12, 19, 25);33;25
(8, 12, 20, 25);33;25
(8, 12, 21, 25);33;25
(8, 12, 22, 25);34;32
(8, 12, 23, 25);35;32
(8, 12, 24, 25);36;25
(8, 13, 14, 25);38;96
(8, 13, 15, 25);40;107
(8, 13, 16, 25);3;156
(8, 13, 17, 25);33;25
(8, 13, 18, 25);33;25
(8, 13, 19, 25);33;25
(8, 13, 20, 25);33;25
(8, 13, 21, 25);33;25
(8, 13, 22, 25);47;140
(8, 13, 23, 25);69;134
(8, 13, 24, 25);38;113
(8, 14, 15, 25);40;67
(8, 14, 16, 25);63;155
(8, 14, 17, 25);33;25
(8, 14, 18, 25);33;25
(8, 14, 19, 25);33;25
(8, 14, 20, 25);33;25
(8, 14, 21, 25);33;25
(8, 14, 22, 25);33;25
(8, 14, 23, 25);11;146
(8, 14, 24, 25);49;71
(8, 15, 16, 25);33;63
(8, 15, 17, 25);33;25
(8, 15, 18, 25);33;25
(8, 15, 19, 25);33;25
(8, 15, 20, 25);33;25
(8, 15, 21, 25);33;25
(8, 15, 22, 25);33;25
(8, 15, 23, 25);33;25
(8, 15, 24, 25);49;105
(8, 16, 17, 25);33;25
(8, 16, 18, 25);33;25
(8, 16, 19, 25);33;25
(8, 16, 20, 25);33;25
(8, 16, 21, 25);33;25
(8, 16, 22, 25);33;25
(8, 16, 23, 25);33;25
(8, 16, 24, 25);33;25
(8, 17, 18, 25);141;211
(8, 17, 19, 25);214;72
(8, 17, 20, 25);247;167
(8, 17, 21, 25);148;38
(8, 17, 22, 25);263;204
(8, 17, 23, 25);226;71
(8, 17, 24, 25);144;25
(8, 18, 19, 25);43;116
(8, 18, 20, 25);38;69
(8, 18, 21, 25);46;85
(8, 18, 22, 25);10;111
(8, 18, 23, 25);31;220
(8, 18, 24, 25);43;116
(8, 19, 20, 25);39;94
(8, 19, 21, 25);11;227
(8, 19, 22, 25);44;25
(8, 19, 23, 25);75;277
(8, 19, 24, 25);49;87
(8, 20, 21, 25);45;25
(8, 20, 22, 25);45;25
(8, 20, 23, 25);45;25
(8, 20, 24, 25);45;25
(8, 21, 22, 25);46;25
(8, 21, 23, 25);46;25
(8, 21, 24, 25);46;25
(8, 22, 23, 25);47;25
(8, 22, 24, 25);47;25
(8, 23, 24, 25);48;25
(9, 10, 11, 25);36;25
(9, 10, 12, 25);37;25
(9, 10, 13, 25);38;25
(9, 10, 14, 25);23;100
(9, 10, 15, 25);35;29
(9, 10, 16, 25);34;25
(9, 10, 17, 25);34;25
(9, 10, 18, 25);34;25
(9, 10, 19, 25);34;25
(9, 10, 20, 25);64;232
(9, 10, 21, 25);19;115
(9, 10, 22, 25);32;33
(9, 10, 23, 25);33;33
(9, 10, 24, 25);34;25
(9, 11, 12, 25);37;25
(9, 11, 13, 25);38;25
(9, 11, 14, 25);39;38
(9, 11, 15, 25);2;76
(9, 11, 16, 25);34;25
(9, 11, 17, 25);34;25
(9, 11, 18, 25);34;25
(9, 11, 19, 25);34;25
(9, 11, 20, 25);34;25
(9, 11, 21, 25);2;138
(9, 11, 22, 25);33;62
(9, 11, 23, 25);34;25
(9, 11, 24, 25);35;25
(9, 12, 13, 25);38;25
(9, 12, 14, 25);13;127
(9, 12, 15, 25);34;97
(9, 12, 16, 25);34;25
(9, 12, 17, 25);34;25
(9, 12, 18, 25);34;25
(9, 12, 19, 25);34;25
(9, 12, 20, 25);34;25
(9, 12, 21, 25);34;25
(9, 12, 22, 25);34;25
(9, 12, 23, 25);35;25
(9, 12, 24, 25);36;25
(9, 13, 14, 25);11;84
(9, 13, 15, 25);2;104
(9, 13, 16, 25);34;25
(9, 13, 17, 25);34;25
(9, 13, 18, 25);34;25
(9, 13, 19, 25);34;25
(9, 13, 20, 25);34;25
(9, 13, 21, 25);34;25
(9, 13, 22, 25);34;25
(9, 13, 23, 25);2;144
(9, 13, 24, 25);71;69
(9, 14, 15, 25);40;109
(9, 14, 16, 25);34;25
(9, 14, 17, 25);34;25
(9, 14, 18, 25);34;25
(9, 14, 19, 25);34;25
(9, 14, 20, 25);34;25
(9, 14, 21, 25);34;25
(9, 14, 22, 25);34;25
(9, 14, 23, 25);34;25
(9, 14, 24, 25);72;102
(9, 15, 16, 25);34;25
(9, 15, 17, 25);34;25
(9, 15, 18, 25);34;25
(9, 15, 19, 25);34;25
(9, 15, 20, 25);34;25
(9, 15, 21, 25);34;25
(9, 15, 22, 25);34;25
(9, 15, 23, 25);34;25
(9, 15, 24, 25);34;25
(9, 16, 17, 25);34;25
(9, 16, 18, 25);34;25
(9, 16, 19, 25);34;25
(9, 16, 20, 25);34;25
(9, 16, 21, 25);34;25
(9, 16, 22, 25);34;25
(9, 16, 23, 25);34;25
(9, 16, 24, 25);34;25
(9, 17, 18, 25);34;25
(9, 17, 19, 25);34;25
(9, 17, 20, 25);34;25
(9, 17, 21, 25);34;25
(9, 17, 22, 25);34;25
(9, 17, 23, 25);34;25
(9, 17, 24, 25);34;25
(9, 18, 19, 25);34;25
(9, 18, 20, 25);34;25
(9, 18, 21, 25);34;25
(9, 18, 22, 25);34;25
(9, 18, 23, 25);34;25
(9, 18, 24, 25);34;25
(9, 19, 20, 25);28;102
(9, 19, 21, 25);2;110
(9, 19, 22, 25);34;129
(9, 19, 23, 25);2;74
(9, 19, 24, 25);33;81
(9, 20, 21, 25);75;130
(9, 20, 22, 25);76;137
(9, 20, 23, 25);45;120
(9, 20, 24, 25);129;154
(9, 21, 22, 25);46;43
(9, 21, 23, 25);46;43
(9, 21, 24, 25);46;43
(9, 22, 23, 25);47;33
(9, 22, 24, 25);47;33
(9, 23, 24, 25);16;34
(10, 11, 12, 25);37;25
(10, 11, 13, 25);38;25
(10, 11, 14, 25);3;162
(10, 11, 15, 25);35;25
(10, 11, 16, 25);35;25
(10, 11, 17, 25);35;25
(10, 11, 18, 25);35;25
(10, 11, 19, 25);35;25
(10, 11, 20, 25);35;25
(10, 11, 21, 25);35;25
(10, 11, 22, 25);68;66
(10, 11, 23, 25);34;34
(10, 11, 24, 25);35;25
(10, 12, 13, 25);38;25
(10, 12, 14, 25);24;100
(10, 12, 15, 25);35;25
(10, 12, 16, 25);35;25
(10, 12, 17, 25);35;25
(10, 12, 18, 25);35;25
(10, 12, 19, 25);35;25
(10, 12, 20, 25);35;25
(10, 12, 21, 25);35;25
(10, 12, 22, 25);35;25
(10, 12, 23, 25);35;25
(10, 12, 24, 25);36;25
(10, 13, 14, 25);27;119
(10, 13, 15, 25);35;25
(10, 13, 16, 25);35;25
(10, 13, 17, 25);35;25
(10, 13, 18, 25);35;25
(10, 13, 19, 25);35;25
(10, 13, 20, 25);35;25
(10, 13, 21, 25);35;25
(10, 13, 22, 25);35;25
(10, 13, 23, 25);35;25
(10, 13, 24, 25);72;25
(10, 14, 15, 25);35;25
(10, 14, 16, 25);35;25
(10, 14, 17, 25);35;25
(10, 14, 18, 25);35;25
(10, 14, 19, 25);35;25
(10, 14, 20, 25);35;25
(10, 14, 21, 25);35;25
(10, 14, 22, 25);35;25
(10, 14, 23, 25);35;25
(10, 14, 24, 25);35;25
(10, 15, 16, 25);35;25
(10, 15, 17, 25);35;25
(10, 15, 18, 25);35;25
(10, 15, 19, 25);35;25
(10, 15, 20, 25);35;25
(10, 15, 21, 25);35;25
(10, 15, 22, 25);35;25
(10, 15, 23, 25);35;25
(10, 15, 24, 25);35;25
(10, 16, 17, 25);35;25
(10, 16, 18, 25);35;25
(10, 16, 19, 25);35;25
(10, 16, 20, 25);35;25
(10, 16, 21, 25);35;25
(10, 16, 22, 25);35;25
(10, 16, 23, 25);35;25
(10, 16, 24, 25);35;25
(10, 17, 18, 25);35;25
(10, 17, 19, 25);35;25
(10, 17, 20, 25);35;25
(10, 17, 21, 25);35;25
(10, 17, 22, 25);35;25
(10, 17, 23, 25);35;25
(10, 17, 24, 25);35;25
(10, 18, 19, 25);35;25
(10, 18, 20, 25);35;25
(10, 18, 21, 25);35;25
(10, 18, 22, 25);35;25
(10, 18, 23, 25);35;25
(10, 18, 24, 25);35;25
(10, 19, 20, 25);35;25
(10, 19, 21, 25);35;25
(10, 19, 22, 25);35;25
(10, 19, 23, 25);35;25
(10, 19, 24, 25);35;25
(10, 20, 21, 25);35;25
(10, 20, 22, 25);35;25
(10, 20, 23, 25);35;25
(10, 20, 24, 25);35;25
(10, 21, 22, 25);78;69
(10, 21, 23, 25);46;150
(10, 21, 24, 25);96;160
(10, 22, 23, 25);32;45
(10, 22, 24, 25);32;45
(10, 23, 24, 25);33;35
(11, 12, 13, 25);38;25
(11, 12, 14, 25);36;25
(11, 12, 15, 25);36;25
(11, 12, 16, 25);36;25
(11, 12, 17, 25);36;25
(11, 12, 18, 25);36;25
(11, 12, 19, 25);36;25
(11, 12, 20, 25);36;25
(11, 12, 21, 25);36;25
(11, 12, 22, 25);36;25
(11, 12, 23, 25);36;25
(11, 12, 24, 25);36;25
(11, 13, 14, 25);36;25
(11, 13, 15, 25);36;25
(11, 13, 16, 25);36;25
(11, 13, 17, 25);36;25
(11, 13, 18, 25);36;25
(11, 13, 19, 25);36;25
(11, 13, 20, 25);36;25
(11, 13, 21, 25);36;25
(11, 13, 22, 25);36;25
(11, 13, 23, 25);36;25
(11, 13, 24, 25);36;25
(11, 14, 15, 25);36;25
(11, 14, 16, 25);36;25
(11, 14, 17, 25);36;25
(11, 14, 18, 25);36;25
(11, 14, 19, 25);36;25
(11, 14, 20, 25);36;25
(11, 14, 21, 25);36;25
(11, 14, 22, 25);36;25
(11, 14, 23, 25);36;25
(11, 14, 24, 25);36;25
(11, 15, 16, 25);36;25
(11, 15, 17, 25);36;25
(11, 15, 18, 25);36;25
(11, 15, 19, 25);36;25
(11, 15, 20, 25);36;25
(11, 15, 21, 25);36;25
(11, 15, 22, 25);36;25
(11, 15, 23, 25);36;25
(11, 15, 24, 25);36;25
(11, 16, 17, 25);36;25
(11, 16, 18, 25);36;25
(11, 16, 19, 25);36;25
(11, 16, 20, 25);36;25
(11, 16, 21, 25);36;25
(11, 16, 22, 25);36;25
(11, 16, 23, 25);36;25
(11, 16, 24, 25);36;25
(11, 17, 18, 25);36;25
(11, 17, 19, 25);36;25
(11, 17, 20, 25);36;25
(11, 17, 21, 25);36;25
(11, 17, 22, 25);36;25
(11, 17, 23, 25);36;25
(11, 17, 24, 25);36;25
(11, 18, 19, 25);36;25
(11, 18, 20, 25);36;25
(11, 18, 21, 25);36;25
(11, 18, 22, 25);36;25
(11, 18, 23, 25);36;25
(11, 18, 24, 25);36;25
(11, 19, 20, 25);36;25
(11, 19, 21, 25);36;25
(11, 19, 22, 25);36;25
(11, 19, 23, 25);36;25
(11, 19, 24, 25);36;25
(11, 20, 21, 25);36;25
(11, 20, 22, 25);36;25
(11, 20, 23, 25);36;25
(11, 20, 24, 25);36;25
(11, 21, 22, 25);36;25
(11, 21, 23, 25);36;25
(11, 21, 24, 25);36;25
(11, 22, 23, 25);36;25
(11, 22, 24, 25);36;25
(11, 23, 24, 25);34;47
(12, 13, 14, 25);37;25
(12, 13, 15, 25);37;25
(12, 13, 16, 25);37;25
(12, 13, 17, 25);37;25
(12, 13, 18, 25);37;25
(12, 13, 19, 25);37;25
(12, 13, 20, 25);37;25
(12, 13, 21, 25);37;25
(12, 13, 22, 25);37;25
(12, 13, 23, 25);37;25
(12, 13, 24, 25);37;25
(12, 14, 15, 25);37;25
(12, 14, 16, 25);37;25
(12, 14, 17, 25);37;25
(12, 14, 18, 25);37;25
(12, 14, 19, 25);37;25
(12, 14, 20, 25);37;25
(12, 14, 21, 25);37;25
(12, 14, 22, 25);37;25
(12, 14, 23, 25);37;25
(12, 14, 24, 25);37;25
(12, 15, 16, 25);37;25
(12, 15, 17, 25);37;25
(12, 15, 18, 25);37;25
(12, 15, 19, 25);37;25
(12, 15, 20, 25);37;25
(12, 15, 21, 25);37;25
(12, 15, 22, 25);37;25
(12, 15, 23, 25);37;25
(12, 15, 24, 25);37;25
(12, 16, 17, 25);37;25
(12, 16, 18, 25);37;25
(12, 16, 19, 25);37;25
(12, 16, 20, 25);37;25
(12, 16, 21, 25);37;25
(12, 16, 22, 25);37;25
(12, 16, 23, 25);37;25
(12, 16, 24, 25);37;25
(12, 17, 18, 25);37;25
(12, 17, 19, 25);37;25
(12, 17, 20, 25);37;25
(12, 17, 21, 25);37;25
(12, 17, 22, 25);37;25
(12, 17, 23, 25);37;25
(12, 17, 24, 25);37;25
(12, 18, 19, 25);37;25
(12, 18, 20, 25);37;25
(12, 18, 21, 25);37;25
(12, 18, 22, 25);37;25
(12, 18, 23, 25);37;25
(12, 18, 24, 25);37;25
(12, 19, 20, 25);37;25
(12, 19, 21, 25);37;25
(12, 19, 22, 25);37;25
(12, 19, 23, 25);37;25
(12, 19, 24, 25);37;25
(12, 20, 21, 25);37;25
(12, 20, 22, 25);37;25
(12, 20, 23, 25);37;25
(12, 20, 24, 25);37;25
(12, 21, 22, 25);37;25
(12, 21, 23, 25);37;25
(12, 21, 24, 25);37;25
(12, 22, 23, 25);37;25
(12, 22, 24, 25);37;25
(12, 23, 24, 25);37;25
(13, 14, 15, 25);38;25
(13, 14, 16, 25);38;25
(13, 14, 17, 25);38;25
(13, 14, 18, 25);38;25
(13, 14, 19, 25);38;25
(13, 14, 20, 25);38;25
(13, 14, 21, 25);38;25
(13, 14, 22, 25);38;25
(13, 14, 23, 25);38;25
(13, 14, 24, 25);38;25
(13, 15, 16, 25);38;25
(13, 15, 17, 25);38;25
(13, 15, 18, 25);38;25
(13, 15, 19, 25);38;25
(13, 15, 20, 25);38;25
(13, 15, 21, 25);38;25
(13, 15, 22, 25);38;25
(13, 15, 23, 25);38;25
(13, 15, 24, 25);38;25
(13, 16, 17, 25);38;25
(13, 16, 18, 25);38;25
(13, 16, 19, 25);38;25
(13, 16, 20, 25);38;25
(13, 16, 21, 25);38;25
(13, 16, 22, 25);38;25
(13, 16, 23, 25);38;25
(13, 16, 24, 25);38;25
(13, 17, 18, 25);38;25
(13, 17, 19, 25);38;25
(13, 17, 20, 25);38;25
(13, 17, 21, 25);38;25
(13, 17, 22, 25);38;25
(13, 17, 23, 25);38;25
(13, 17, 24, 25);38;25
(13, 18, 19, 25);38;25
(13, 18, 20, 25);38;25
(13, 18, 21, 25);38;25
(13, 18, 22, 25);38;25
(13, 18, 23, 25);38;25
(13, 18, 24, 25);38;25
(13, 19, 20, 25);38;25
(13, 19, 21, 25);38;25
(13, 19, 22, 25);38;25
(13, 19, 23, 25);38;25
(13, 19, 24, 25);38;25
(13, 20, 21, 25);38;25
(13, 20, 22, 25);38;25
(13, 20, 23, 25);38;25
(13, 20, 24, 25);38;25
(13, 21, 22, 25);38;25
(13, 21, 23, 25);38;25
(13, 21, 24, 25);38;25
(13, 22, 23, 25);38;25
(13, 22, 24, 25);38;25
(13, 23, 24, 25);38;25
(14, 15, 16, 25);39;25
(14, 15, 17, 25);39;25
(14, 15, 18, 25);39;25
(14, 15, 19, 25);39;25
(14, 15, 20, 25);39;25
(14, 15, 21, 25);39;25
(14, 15, 22, 25);39;25
(14, 15, 23, 25);39;25
(14, 15, 24, 25);39;25
(14, 16, 17, 25);39;25
(14, 16, 18, 25);39;25
(14, 16, 19, 25);39;25
(14, 16, 20, 25);39;25
(14, 16, 21, 25);39;25
(14, 16, 22, 25);39;25
(14, 16, 23, 25);39;25
(14, 16, 24, 25);39;25
(14, 17, 18, 25);39;25
(14, 17, 19, 25);39;25
(14, 17, 20, 25);39;25
(14, 17, 21, 25);39;25
(14, 17, 22, 25);39;25
(14, 17, 23, 25);39;25
(14, 17, 24, 25);39;25
(14, 18, 19, 25);39;25
(14, 18, 20, 25);39;25
(14, 18, 21, 25);39;25
(14, 18, 22, 25);39;25
(14, 18, 23, 25);39;25
(14, 18, 24, 25);39;25
(14, 19, 20, 25);39;25
(14, 19, 21, 25);39;25
(14, 19, 22, 25);39;25
(14, 19, 23, 25);39;25
(14, 19, 24, 25);39;25
(14, 20, 21, 25);39;25
(14, 20, 22, 25);39;25
(14, 20, 23, 25);39;25
(14, 20, 24, 25);39;25
(14, 21, 22, 25);39;25
(14, 21, 23, 25);39;25
(14, 21, 24, 25);39;25
(14, 22, 23, 25);39;25
(14, 22, 24, 25);39;25
(14, 23, 24, 25);39;25
(15, 16, 17, 25);40;25
(15, 16, 18, 25);40;25
(15, 16, 19, 25);40;25
(15, 16, 20, 25);40;25
(15, 16, 21, 25);40;25
(15, 16, 22, 25);40;25
(15, 16, 23, 25);40;25
(15, 16, 24, 25);40;25
(15, 17, 18, 25);40;25
(15, 17, 19, 25);40;25
(15, 17, 20, 25);40;25
(15, 17, 21, 25);40;25
(15, 17, 22, 25);40;25
(15, 17, 23, 25);40;25
(15, 17, 24, 25);40;25
(15, 18, 19, 25);40;25
(15, 18, 20, 25);40;25
(15, 18, 21, 25);40;25
(15, 18, 22, 25);40;25
(15, 18, 23, 25);40;25
(15, 18, 24, 25);40;25
(15, 19, 20, 25);40;25
(15, 19, 21, 25);40;25
(15, 19, 22, 25);40;25
(15, 19, 23, 25);40;25
(15, 19, 24, 25);40;25
(15, 20, 21, 25);40;25
(15, 20, 22, 25);40;25
(15, 20, 23, 25);40;25
(15, 20, 24, 25);40;25
(15, 21, 22, 25);40;25
(15, 21, 23, 25);40;25
(15, 21, 24, 25);40;25
(15, 22, 23, 25);40;25
(15, 22, 24, 25);40;25
(15, 23, 24, 25);40;25
(16, 17, 18, 25);41;25
(16, 17, 19, 25);41;25
(16, 17, 20, 25);41;25
(16, 17, 21, 25);41;25
(16, 17, 22, 25);41;25
(16, 17, 23, 25);41;25
(16, 17, 24, 25);41;25
(16, 18, 19, 25);41;25
(16, 18, 20, 25);41;25
(16, 18, 21, 25);41;25
(16, 18, 22, 25);41;25
(16, 18, 23, 25);41;25
(16, 18, 24, 25);41;25
(16, 19, 20, 25);41;25
(16, 19, 21, 25);41;25
(16, 19, 22, 25);41;25
(16, 19, 23, 25);41;25
(16, 19, 24, 25);41;25
(16, 20, 21, 25);41;25
(16, 20, 22, 25);41;25
(16, 20, 23, 25);41;25
(16, 20, 24, 25);41;25
(16, 21, 22, 25);41;25
(16, 21, 23, 25);41;25
(16, 21, 24, 25);41;25
(16, 22, 23, 25);41;25
(16, 22, 24, 25);41;25
(16, 23, 24, 25);41;25
(17, 18, 19, 25);42;25
(17, 18, 20, 25);42;25
(17, 18, 21, 25);42;25
(17, 18, 22, 25);42;25
(17, 18, 23, 25);42;25
(17, 18, 24, 25);42;25
(17, 19, 20, 25);42;25
(17, 19, 21, 25);42;25
(17, 19, 22, 25);42;25
(17, 19, 23, 25);42;25
(17, 19, 24, 25);42;25
(17, 20, 21, 25);42;25
(17, 20, 22, 25);42;25
(17, 20, 23, 25);42;25
(17, 20, 24, 25);42;25
(17, 21, 22, 25);42;25
(17, 21, 23, 25);42;25
(17, 21, 24, 25);42;25
(17, 22, 23, 25);42;25
(17, 22, 24, 25);42;25
(17, 23, 24, 25);42;25
(18, 19, 20, 25);43;25
(18, 19, 21, 25);43;25
(18, 19, 22, 25);43;25
(18, 19, 23, 25);43;25
(18, 19, 24, 25);43;25
(18, 20, 21, 25);43;25
(18, 20, 22, 25);43;25
(18, 20, 23, 25);43;25
(18, 20, 24, 25);43;25
(18, 21, 22, 25);43;25
(18, 21, 23, 25);43;25
(18, 21, 24, 25);43;25
(18, 22, 23, 25);43;25
(18, 22, 24, 25);43;25
(18, 23, 24, 25);43;25
(19, 20, 21, 25);44;25
(19, 20, 22, 25);44;25
(19, 20, 23, 25);44;25
(19, 20, 24, 25);44;25
(19, 21, 22, 25);44;25
(19, 21, 23, 25);44;25
(19, 21, 24, 25);44;25
(19, 22, 23, 25);44;25
(19, 22, 24, 25);44;25
(19, 23, 24, 25);44;25
(20, 21, 22, 25);45;25
(20, 21, 23, 25);45;25
(20, 21, 24, 25);45;25
(20, 22, 23, 25);45;25
(20, 22, 24, 25);45;25
(20, 23, 24, 25);45;25
(21, 22, 23, 25);46;25
(21, 22, 24, 25);46;25
(21, 23, 24, 25);46;25
(22, 23, 24, 25);47;25
