S;p;l
(1, 2, 3, 24);25;24
(1, 2, 4, 24);26;24
(1, 2, 5, 24);25;24
(1, 2, 6, 24);25;24
(1, 2, 7, 24);26;24
(1, 2, 8, 24);25;24
(1, 2, 9, 24);36;24
(1, 2, 10, 24);26;24
(1, 2, 11, 24);25;24
(1, 2, 12, 24);13;24
(1, 2, 13, 24);26;24
(1, 2, 14, 24);25;24
(1, 2, 15, 24);16;24
(1, 2, 16, 24);26;24
(1, 2, 17, 24);25;24
(1, 2, 18, 24);19;24
(1, 2, 19, 24);26;24
(1, 2, 20, 24);25;24
(1, 2, 21, 24);22;24
(1, 2, 22, 24);26;24
(1, 2, 23, 24);25;24
(1, 3, 4, 24);7;24
(1, 3, 5, 24);29;24
(1, 3, 6, 24);9;24
(1, 3, 7, 24);31;24
(1, 3, 8, 24);27;24
(1, 3, 9, 24);33;24
(1, 3, 10, 24);27;40
(1, 3, 11, 24);35;24
(1, 3, 12, 24);36;24
(1, 3, 13, 24);37;24
(1, 3, 14, 24);38;24
(1, 3, 15, 24);39;24
(1, 3, 16, 24);40;24
(1, 3, 17, 24);41;24
(1, 3, 18, 24);21;24
(1, 3, 19, 24);43;24
(1, 3, 20, 24);23;24
(1, 3, 21, 24);45;24
(1, 3, 22, 24);25;24
(1, 3, 23, 24);47;24
(1, 4, 5, 24);25;24
(1, 4, 6, 24);5;24
(1, 4, 7, 24);25;33
(1, 4, 8, 24);28;24
(1, 4, 9, 24);5;24
(1, 4, 10, 24);25;30
(1, 4, 11, 24);5;24
(1, 4, 12, 24);36;24
(1, 4, 13, 24);42;41
(1, 4, 14, 24);5;24
(1, 4, 15, 24);74;24
(1, 4, 16, 24);5;24
(1, 4, 17, 24);41;24
(1, 4, 18, 24);42;24
(1, 4, 19, 24);5;24
(1, 4, 20, 24);61;24
(1, 4, 21, 24);5;24
(1, 4, 22, 24);23;24
(1, 4, 23, 24);47;24
(1, 5, 6, 24);25;25
(1, 5, 7, 24);31;24
(1, 5, 8, 24);29;24
(1, 5, 9, 24);33;24
(1, 5, 10, 24);34;24
(1, 5, 11, 24);35;24
(1, 5, 12, 24);36;24
(1, 5, 13, 24);37;24
(1, 5, 14, 24);19;24
(1, 5, 15, 24);39;24
(1, 5, 16, 24);21;24
(1, 5, 17, 24);41;24
(1, 5, 18, 24);23;24
(1, 5, 19, 24);43;24
(1, 5, 20, 24);25;24
(1, 5, 21, 24);45;24
(1, 5, 22, 24);27;24
(1, 5, 23, 24);47;24
(1, 6, 7, 24);25;24
(1, 6, 8, 24);30;24
(1, 6, 9, 24);5;26
(1, 6, 10, 24);16;24
(1, 6, 11, 24);5;63
(1, 6, 12, 24);18;24
(1, 6, 13, 24);37;24
(1, 6, 14, 24);5;42
(1, 6, 15, 24);30;24
(1, 6, 16, 24);5;58
(1, 6, 17, 24);23;24
(1, 6, 18, 24);42;24
(1, 6, 19, 24);25;24
(1, 6, 20, 24);44;24
(1, 6, 21, 24);9;79
(1, 6, 22, 24);30;24
(1, 6, 23, 24);75;155
(1, 7, 8, 24);31;24
(1, 7, 9, 24);33;24
(1, 7, 10, 24);17;24
(1, 7, 11, 24);35;24
(1, 7, 12, 24);19;24
(1, 7, 13, 24);37;24
(1, 7, 14, 24);21;24
(1, 7, 15, 24);39;24
(1, 7, 16, 24);23;24
(1, 7, 17, 24);41;24
(1, 7, 18, 24);25;24
(1, 7, 19, 24);43;24
(1, 7, 20, 24);27;24
(1, 7, 21, 24);45;24
(1, 7, 22, 24);29;24
(1, 7, 23, 24);47;24
(1, 8, 9, 24);16;24
(1, 8, 10, 24);34;24
(1, 8, 11, 24);35;24
(1, 8, 12, 24);36;24
(1, 8, 13, 24);37;24
(1, 8, 14, 24);25;87
(1, 8, 15, 24);16;24
(1, 8, 16, 24);32;24
(1, 8, 17, 24);25;24
(1, 8, 18, 24);19;80
(1, 8, 19, 24);43;24
(1, 8, 20, 24);44;41
(1, 8, 21, 24);45;24
(1, 8, 22, 24);23;24
(1, 8, 23, 24);47;24
(1, 9, 10, 24);19;24
(1, 9, 11, 24);35;24
(1, 9, 12, 24);21;24
(1, 9, 13, 24);37;24
(1, 9, 14, 24);23;24
(1, 9, 15, 24);39;24
(1, 9, 16, 24);25;24
(1, 9, 17, 24);41;24
(1, 9, 18, 24);27;24
(1, 9, 19, 24);43;24
(1, 9, 20, 24);29;24
(1, 9, 21, 24);45;24
(1, 9, 22, 24);31;24
(1, 9, 23, 24);47;24
(1, 10, 11, 24);76;50
(1, 10, 12, 24);36;24
(1, 10, 13, 24);23;24
(1, 10, 14, 24);34;24
(1, 10, 15, 24);25;24
(1, 10, 16, 24);34;24
(1, 10, 17, 24);34;26
(1, 10, 18, 24);34;24
(1, 10, 19, 24);43;26
(1, 10, 20, 24);34;24
(1, 10, 21, 24);45;26
(1, 10, 22, 24);32;58
(1, 10, 23, 24);47;24
(1, 11, 12, 24);23;24
(1, 11, 13, 24);37;24
(1, 11, 14, 24);25;24
(1, 11, 15, 24);39;24
(1, 11, 16, 24);27;24
(1, 11, 17, 24);41;24
(1, 11, 18, 24);29;24
(1, 11, 19, 24);43;24
(1, 11, 20, 24);31;24
(1, 11, 21, 24);45;24
(1, 11, 22, 24);33;24
(1, 11, 23, 24);47;24
(1, 12, 13, 24);25;24
(1, 12, 14, 24);36;24
(1, 12, 15, 24);9;74
(1, 12, 16, 24);36;24
(1, 12, 17, 24);36;38
(1, 12, 18, 24);36;24
(1, 12, 19, 24);38;31
(1, 12, 20, 24);36;24
(1, 12, 21, 24);58;132
(1, 12, 22, 24);36;24
(1, 12, 23, 24);265;24
(1, 13, 14, 24);27;24
(1, 13, 15, 24);39;24
(1, 13, 16, 24);29;24
(1, 13, 17, 24);41;24
(1, 13, 18, 24);31;24
(1, 13, 19, 24);43;24
(1, 13, 20, 24);33;24
(1, 13, 21, 24);45;24
(1, 13, 22, 24);35;24
(1, 13, 23, 24);47;24
(1, 14, 15, 24);29;24
(1, 14, 16, 24);38;24
(1, 14, 17, 24);41;144
(1, 14, 18, 24);38;24
(1, 14, 19, 24);38;24
(1, 14, 20, 24);38;24
(1, 14, 21, 24);40;77
(1, 14, 22, 24);38;24
(1, 14, 23, 24);221;24
(1, 15, 16, 24);31;24
(1, 15, 17, 24);41;24
(1, 15, 18, 24);33;24
(1, 15, 19, 24);43;24
(1, 15, 20, 24);35;24
(1, 15, 21, 24);45;24
(1, 15, 22, 24);37;24
(1, 15, 23, 24);47;24
(1, 16, 17, 24);33;24
(1, 16, 18, 24);40;24
(1, 16, 19, 24);40;35
(1, 16, 20, 24);40;24
(1, 16, 21, 24);42;37
(1, 16, 22, 24);40;24
(1, 16, 23, 24);177;24
(1, 17, 18, 24);35;24
(1, 17, 19, 24);43;24
(1, 17, 20, 24);37;24
(1, 17, 21, 24);45;24
(1, 17, 22, 24);39;24
(1, 17, 23, 24);47;24
(1, 18, 19, 24);37;24
(1, 18, 20, 24);42;24
(1, 18, 21, 24);42;24
(1, 18, 22, 24);42;24
(1, 18, 23, 24);133;24
(1, 19, 20, 24);39;24
(1, 19, 21, 24);45;24
(1, 19, 22, 24);41;24
(1, 19, 23, 24);47;24
(1, 20, 21, 24);41;24
(1, 20, 22, 24);44;24
(1, 20, 23, 24);89;24
(1, 21, 22, 24);43;24
(1, 21, 23, 24);47;24
(1, 22, 23, 24);45;24
(2, 3, 4, 24);26;24
(2, 3, 5, 24);7;24
(2, 3, 6, 24);9;24
(2, 3, 7, 24);31;24
(2, 3, 8, 24);26;24
(2, 3, 9, 24);11;24
(2, 3, 10, 24);26;31
(2, 3, 11, 24);27;24
(2, 3, 12, 24);36;24
(2, 3, 13, 24);26;24
(2, 3, 14, 24);16;24
(2, 3, 15, 24);9;62
(2, 3, 16, 24);27;46
(2, 3, 17, 24);41;24
(2, 3, 18, 24);26;24
(2, 3, 19, 24);21;24
(2, 3, 20, 24);22;24
(2, 3, 21, 24);279;24
(2, 3, 22, 24);46;24
(2, 3, 23, 24);26;24
(2, 4, 5, 24);7;24
(2, 4, 6, 24);26;24
(2, 4, 7, 24);26;24
(2, 4, 8, 24);28;24
(2, 4, 9, 24);39;24
(2, 4, 10, 24);26;24
(2, 4, 11, 24);13;24
(2, 4, 12, 24);14;24
(2, 4, 13, 24);26;24
(2, 4, 14, 24);28;24
(2, 4, 15, 24);45;24
(2, 4, 16, 24);26;24
(2, 4, 17, 24);26;24
(2, 4, 18, 24);20;24
(2, 4, 19, 24);49;24
(2, 4, 20, 24);28;24
(2, 4, 21, 24);23;28
(2, 4, 22, 24);26;24
(2, 4, 23, 24);26;24
(2, 5, 6, 24);11;24
(2, 5, 7, 24);22;24
(2, 5, 8, 24);26;27
(2, 5, 9, 24);29;42
(2, 5, 10, 24);30;51
(2, 5, 11, 24);13;27
(2, 5, 12, 24);36;24
(2, 5, 13, 24);29;24
(2, 5, 14, 24);16;41
(2, 5, 15, 24);13;49
(2, 5, 16, 24);29;60
(2, 5, 17, 24);22;24
(2, 5, 18, 24);26;52
(2, 5, 19, 24);43;24
(2, 5, 20, 24);29;24
(2, 5, 21, 24);26;24
(2, 5, 22, 24);73;38
(2, 5, 23, 24);47;60
(2, 6, 7, 24);13;24
(2, 6, 8, 24);30;24
(2, 6, 9, 24);15;24
(2, 6, 10, 24);34;24
(2, 6, 11, 24);30;24
(2, 6, 12, 24);18;24
(2, 6, 13, 24);30;24
(2, 6, 14, 24);38;24
(2, 6, 15, 24);30;24
(2, 6, 16, 24);22;24
(2, 6, 17, 24);30;27
(2, 6, 18, 24);42;24
(2, 6, 19, 24);30;32
(2, 6, 20, 24);26;24
(2, 6, 21, 24);15;35
(2, 6, 22, 24);46;24
(2, 6, 23, 24);47;36
(2, 7, 8, 24);31;35
(2, 7, 9, 24);15;24
(2, 7, 10, 24);17;24
(2, 7, 11, 24);31;24
(2, 7, 12, 24);36;24
(2, 7, 13, 24);31;28
(2, 7, 14, 24);38;85
(2, 7, 15, 24);22;24
(2, 7, 16, 24);40;24
(2, 7, 17, 24);41;58
(2, 7, 18, 24);31;146
(2, 7, 19, 24);26;24
(2, 7, 20, 24);31;24
(2, 7, 21, 24);45;24
(2, 7, 22, 24);161;24
(2, 7, 23, 24);30;108
(2, 8, 9, 24);11;37
(2, 8, 10, 24);16;24
(2, 8, 11, 24);13;38
(2, 8, 12, 24);36;24
(2, 8, 13, 24);26;24
(2, 8, 14, 24);16;24
(2, 8, 15, 24);13;37
(2, 8, 16, 24);32;24
(2, 8, 17, 24);19;89
(2, 8, 18, 24);26;24
(2, 8, 19, 24);21;47
(2, 8, 20, 24);22;48
(2, 8, 21, 24);13;45
(2, 8, 22, 24);46;24
(2, 8, 23, 24);26;38
(2, 9, 10, 24);34;24
(2, 9, 11, 24);69;34
(2, 9, 12, 24);36;24
(2, 9, 13, 24);11;24
(2, 9, 14, 24);38;48
(2, 9, 15, 24);69;79
(2, 9, 16, 24);40;24
(2, 9, 17, 24);26;24
(2, 9, 18, 24);27;74
(2, 9, 19, 24);11;59
(2, 9, 20, 24);11;24
(2, 9, 21, 24);15;29
(2, 9, 22, 24);15;119
(2, 9, 23, 24);47;24
(2, 10, 11, 24);34;24
(2, 10, 12, 24);22;24
(2, 10, 13, 24);34;24
(2, 10, 14, 24);38;24
(2, 10, 15, 24);34;24
(2, 10, 16, 24);26;24
(2, 10, 17, 24);34;24
(2, 10, 18, 24);42;24
(2, 10, 19, 24);34;28
(2, 10, 20, 24);30;24
(2, 10, 21, 24);34;31
(2, 10, 22, 24);46;24
(2, 10, 23, 24);34;36
(2, 11, 12, 24);36;24
(2, 11, 13, 24);145;371
(2, 11, 14, 24);38;24
(2, 11, 15, 24);13;24
(2, 11, 16, 24);40;24
(2, 11, 17, 24);19;70
(2, 11, 18, 24);13;42
(2, 11, 19, 24);43;24
(2, 11, 20, 24);22;24
(2, 11, 21, 24);13;61
(2, 11, 22, 24);90;34
(2, 11, 23, 24);47;24
(2, 12, 13, 24);36;25
(2, 12, 14, 24);26;24
(2, 12, 15, 24);9;56
(2, 12, 16, 24);36;24
(2, 12, 17, 24);29;65
(2, 12, 18, 24);36;40
(2, 12, 19, 24);31;66
(2, 12, 20, 24);36;24
(2, 12, 21, 24);33;113
(2, 12, 22, 24);122;24
(2, 12, 23, 24);35;83
(2, 13, 14, 24);38;24
(2, 13, 15, 24);167;66
(2, 13, 16, 24);40;24
(2, 13, 17, 24);41;24
(2, 13, 18, 24);26;69
(2, 13, 19, 24);21;72
(2, 13, 20, 24);11;24
(2, 13, 21, 24);45;24
(2, 13, 22, 24);45;37
(2, 13, 23, 24);26;90
(2, 14, 15, 24);38;24
(2, 14, 16, 24);30;24
(2, 14, 17, 24);38;24
(2, 14, 18, 24);42;24
(2, 14, 19, 24);38;24
(2, 14, 20, 24);34;24
(2, 14, 21, 24);38;27
(2, 14, 22, 24);46;24
(2, 14, 23, 24);38;32
(2, 15, 16, 24);31;24
(2, 15, 17, 24);159;77
(2, 15, 18, 24);42;24
(2, 15, 19, 24);43;24
(2, 15, 20, 24);35;24
(2, 15, 21, 24);13;85
(2, 15, 22, 24);90;38
(2, 15, 23, 24);47;24
(2, 16, 17, 24);33;33
(2, 16, 18, 24);34;24
(2, 16, 19, 24);35;34
(2, 16, 20, 24);40;24
(2, 16, 21, 24);37;114
(2, 16, 22, 24);82;24
(2, 16, 23, 24);39;104
(2, 17, 18, 24);42;24
(2, 17, 19, 24);143;52
(2, 17, 20, 24);37;24
(2, 17, 21, 24);45;24
(2, 17, 22, 24);45;41
(2, 17, 23, 24);41;153
(2, 18, 19, 24);42;24
(2, 18, 20, 24);38;24
(2, 18, 21, 24);42;24
(2, 18, 22, 24);46;24
(2, 18, 23, 24);42;28
(2, 19, 20, 24);39;24
(2, 19, 21, 24);119;59
(2, 19, 22, 24);46;24
(2, 19, 23, 24);47;24
(2, 20, 21, 24);41;41
(2, 20, 22, 24);42;24
(2, 20, 23, 24);43;24
(2, 21, 22, 24);46;24
(2, 21, 23, 24);87;24
(2, 22, 23, 24);46;24
(3, 4, 5, 24);27;24
(3, 4, 6, 24);9;24
(3, 4, 7, 24);10;24
(3, 4, 8, 24);28;24
(3, 4, 9, 24);33;24
(3, 4, 10, 24);7;24
(3, 4, 11, 24);7;24
(3, 4, 12, 24);36;24
(3, 4, 13, 24);27;77
(3, 4, 14, 24);27;24
(3, 4, 15, 24);46;60
(3, 4, 16, 24);20;24
(3, 4, 17, 24);7;24
(3, 4, 18, 24);7;24
(3, 4, 19, 24);43;24
(3, 4, 20, 24);7;56
(3, 4, 21, 24);109;27
(3, 4, 22, 24);46;53
(3, 4, 23, 24);27;24
(3, 5, 6, 24);9;24
(3, 5, 7, 24);10;24
(3, 5, 8, 24);49;42
(3, 5, 9, 24);33;30
(3, 5, 10, 24);29;24
(3, 5, 11, 24);29;58
(3, 5, 12, 24);36;134
(3, 5, 13, 24);27;30
(3, 5, 14, 24);27;24
(3, 5, 15, 24);9;24
(3, 5, 16, 24);19;24
(3, 5, 17, 24);48;24
(3, 5, 18, 24);29;24
(3, 5, 19, 24);29;74
(3, 5, 20, 24);25;91
(3, 5, 21, 24);9;83
(3, 5, 22, 24);27;24
(3, 5, 23, 24);27;24
(3, 6, 7, 24);10;24
(3, 6, 8, 24);9;37
(3, 6, 9, 24);27;24
(3, 6, 10, 24);43;25
(3, 6, 11, 24);9;24
(3, 6, 12, 24);9;24
(3, 6, 13, 24);9;24
(3, 6, 14, 24);9;24
(3, 6, 15, 24);9;24
(3, 6, 16, 24);19;24
(3, 6, 17, 24);20;24
(3, 6, 18, 24);21;24
(3, 6, 19, 24);22;24
(3, 6, 20, 24);9;24
(3, 6, 21, 24);9;24
(3, 6, 22, 24);9;24
(3, 6, 23, 24);9;24
(3, 7, 8, 24);31;24
(3, 7, 9, 24);33;61
(3, 7, 10, 24);45;24
(3, 7, 11, 24);27;35
(3, 7, 12, 24);46;88
(3, 7, 13, 24);31;50
(3, 7, 14, 24);21;24
(3, 7, 15, 24);49;68
(3, 7, 16, 24);50;39
(3, 7, 17, 24);41;24
(3, 7, 18, 24);31;24
(3, 7, 19, 24);26;25
(3, 7, 20, 24);27;24
(3, 7, 21, 24);101;34
(3, 7, 22, 24);56;120
(3, 7, 23, 24);31;93
(3, 8, 9, 24);33;24
(3, 8, 10, 24);32;24
(3, 8, 11, 24);48;61
(3, 8, 12, 24);36;24
(3, 8, 13, 24);16;24
(3, 8, 14, 24);38;24
(3, 8, 15, 24);39;24
(3, 8, 16, 24);32;24
(3, 8, 17, 24);27;57
(3, 8, 18, 24);21;24
(3, 8, 19, 24);27;24
(3, 8, 20, 24);44;24
(3, 8, 21, 24);87;70
(3, 8, 22, 24);25;123
(3, 8, 23, 24);47;27
(3, 9, 10, 24);33;24
(3, 9, 11, 24);20;24
(3, 9, 12, 24);21;24
(3, 9, 13, 24);11;24
(3, 9, 14, 24);33;28
(3, 9, 15, 24);39;24
(3, 9, 16, 24);33;30
(3, 9, 17, 24);33;25
(3, 9, 18, 24);27;24
(3, 9, 19, 24);33;28
(3, 9, 20, 24);11;73
(3, 9, 21, 24);45;24
(3, 9, 22, 24);46;75
(3, 9, 23, 24);33;36
(3, 10, 11, 24);7;24
(3, 10, 12, 24);36;24
(3, 10, 13, 24);43;147
(3, 10, 14, 24);34;92
(3, 10, 15, 24);39;24
(3, 10, 16, 24);40;24
(3, 10, 17, 24);27;24
(3, 10, 18, 24);7;24
(3, 10, 19, 24);27;130
(3, 10, 20, 24);34;144
(3, 10, 21, 24);45;78
(3, 10, 22, 24);46;24
(3, 10, 23, 24);47;30
(3, 11, 12, 24);36;24
(3, 11, 13, 24);58;95
(3, 11, 14, 24);25;164
(3, 11, 15, 24);13;25
(3, 11, 16, 24);27;24
(3, 11, 17, 24);7;31
(3, 11, 18, 24);7;34
(3, 11, 19, 24);43;24
(3, 11, 20, 24);27;53
(3, 11, 21, 24);351;33
(3, 11, 22, 24);33;146
(3, 11, 23, 24);34;33
(3, 12, 13, 24);36;25
(3, 12, 14, 24);26;25
(3, 12, 15, 24);27;24
(3, 12, 16, 24);28;27
(3, 12, 17, 24);36;32
(3, 12, 18, 24);36;24
(3, 12, 19, 24);31;67
(3, 12, 20, 24);36;68
(3, 12, 21, 24);75;24
(3, 12, 22, 24);36;114
(3, 12, 23, 24);35;48
(3, 13, 14, 24);27;24
(3, 13, 15, 24);39;27
(3, 13, 16, 24);87;27
(3, 13, 17, 24);68;36
(3, 13, 18, 24);21;36
(3, 13, 19, 24);16;33
(3, 13, 20, 24);11;102
(3, 13, 21, 24);162;37
(3, 13, 22, 24);27;62
(3, 13, 23, 24);47;43
(3, 14, 15, 24);39;24
(3, 14, 16, 24);38;112
(3, 14, 17, 24);93;81
(3, 14, 18, 24);32;24
(3, 14, 19, 24);38;28
(3, 14, 20, 24);44;24
(3, 14, 21, 24);9;162
(3, 14, 22, 24);38;122
(3, 14, 23, 24);37;65
(3, 15, 16, 24);39;24
(3, 15, 17, 24);39;31
(3, 15, 18, 24);33;24
(3, 15, 19, 24);39;33
(3, 15, 20, 24);39;28
(3, 15, 21, 24);45;24
(3, 15, 22, 24);39;75
(3, 15, 23, 24);39;30
(3, 16, 17, 24);40;32
(3, 16, 18, 24);34;24
(3, 16, 19, 24);105;91
(3, 16, 20, 24);40;24
(3, 16, 21, 24);45;24
(3, 16, 22, 24);46;24
(3, 16, 23, 24);40;30
(3, 17, 18, 24);7;65
(3, 17, 19, 24);70;91
(3, 17, 20, 24);37;107
(3, 17, 21, 24);45;37
(3, 17, 22, 24);46;38
(3, 17, 23, 24);47;39
(3, 18, 19, 24);37;65
(3, 18, 20, 24);38;37
(3, 18, 21, 24);39;24
(3, 18, 22, 24);40;24
(3, 18, 23, 24);41;24
(3, 19, 20, 24);44;38
(3, 19, 21, 24);45;39
(3, 19, 22, 24);41;80
(3, 19, 23, 24);42;75
(3, 20, 21, 24);45;24
(3, 20, 22, 24);44;24
(3, 20, 23, 24);127;24
(3, 21, 22, 24);45;24
(3, 21, 23, 24);45;24
(3, 22, 23, 24);46;30
(4, 5, 6, 24);10;24
(4, 5, 7, 24);31;24
(4, 5, 8, 24);28;24
(4, 5, 9, 24);28;24
(4, 5, 10, 24);29;24
(4, 5, 11, 24);29;30
(4, 5, 12, 24);36;24
(4, 5, 13, 24);37;24
(4, 5, 14, 24);28;24
(4, 5, 15, 24);19;24
(4, 5, 16, 24);20;24
(4, 5, 17, 24);41;24
(4, 5, 18, 24);29;92
(4, 5, 19, 24);289;141
(4, 5, 20, 24);28;72
(4, 5, 21, 24);45;24
(4, 5, 22, 24);46;24
(4, 5, 23, 24);28;24
(4, 6, 7, 24);31;24
(4, 6, 8, 24);28;24
(4, 6, 9, 24);28;24
(4, 6, 10, 24);14;24
(4, 6, 11, 24);15;32
(4, 6, 12, 24);18;24
(4, 6, 13, 24);19;24
(4, 6, 14, 24);10;24
(4, 6, 15, 24);10;24
(4, 6, 16, 24);10;24
(4, 6, 17, 24);41;24
(4, 6, 18, 24);42;24
(4, 6, 19, 24);5;61
(4, 6, 20, 24);66;28
(4, 6, 21, 24);9;82
(4, 6, 22, 24);28;24
(4, 6, 23, 24);29;24
(4, 7, 8, 24);28;24
(4, 7, 9, 24);28;24
(4, 7, 10, 24);14;24
(4, 7, 11, 24);15;24
(4, 7, 12, 24);47;60
(4, 7, 13, 24);17;54
(4, 7, 14, 24);31;24
(4, 7, 15, 24);31;24
(4, 7, 16, 24);31;24
(4, 7, 17, 24);31;29
(4, 7, 18, 24);14;92
(4, 7, 19, 24);11;42
(4, 7, 20, 24);188;28
(4, 7, 21, 24);28;24
(4, 7, 22, 24);28;24
(4, 7, 23, 24);47;57
(4, 8, 9, 24);28;24
(4, 8, 10, 24);14;24
(4, 8, 11, 24);15;24
(4, 8, 12, 24);16;24
(4, 8, 13, 24);28;32
(4, 8, 14, 24);28;24
(4, 8, 15, 24);28;48
(4, 8, 16, 24);32;24
(4, 8, 17, 24);7;106
(4, 8, 18, 24);22;32
(4, 8, 19, 24);28;55
(4, 8, 20, 24);28;24
(4, 8, 21, 24);28;24
(4, 8, 22, 24);28;24
(4, 8, 23, 24);28;24
(4, 9, 10, 24);33;24
(4, 9, 11, 24);5;55
(4, 9, 12, 24);49;61
(4, 9, 13, 24);28;69
(4, 9, 14, 24);28;67
(4, 9, 15, 24);39;133
(4, 9, 16, 24);33;32
(4, 9, 17, 24);33;32
(4, 9, 18, 24);27;32
(4, 9, 19, 24);28;24
(4, 9, 20, 24);28;33
(4, 9, 21, 24);5;142
(4, 9, 22, 24);46;87
(4, 9, 23, 24);33;32
(4, 10, 11, 24);7;29
(4, 10, 12, 24);36;24
(4, 10, 13, 24);17;43
(4, 10, 14, 24);74;36
(4, 10, 15, 24);39;24
(4, 10, 16, 24);20;24
(4, 10, 17, 24);7;24
(4, 10, 18, 24);14;24
(4, 10, 19, 24);43;24
(4, 10, 20, 24);14;34
(4, 10, 21, 24);14;76
(4, 10, 22, 24);46;46
(4, 10, 23, 24);27;42
(4, 11, 12, 24);36;24
(4, 11, 13, 24);35;33
(4, 11, 14, 24);28;45
(4, 11, 15, 24);131;24
(4, 11, 16, 24);27;24
(4, 11, 17, 24);28;24
(4, 11, 18, 24);7;29
(4, 11, 19, 24);43;24
(4, 11, 20, 24);44;35
(4, 11, 21, 24);5;115
(4, 11, 22, 24);35;38
(4, 11, 23, 24);34;63
(4, 12, 13, 24);36;24
(4, 12, 14, 24);36;24
(4, 12, 15, 24);9;53
(4, 12, 16, 24);28;24
(4, 12, 17, 24);36;56
(4, 12, 18, 24);36;24
(4, 12, 19, 24);36;73
(4, 12, 20, 24);44;24
(4, 12, 21, 24);9;120
(4, 12, 22, 24);36;32
(4, 12, 23, 24);36;32
(4, 13, 14, 24);37;32
(4, 13, 15, 24);28;24
(4, 13, 16, 24);29;24
(4, 13, 17, 24);149;73
(4, 13, 18, 24);37;71
(4, 13, 19, 24);37;124
(4, 13, 20, 24);44;24
(4, 13, 21, 24);45;24
(4, 13, 22, 24);46;32
(4, 13, 23, 24);37;32
(4, 14, 15, 24);19;24
(4, 14, 16, 24);10;24
(4, 14, 17, 24);28;73
(4, 14, 18, 24);94;46
(4, 14, 19, 24);28;67
(4, 14, 20, 24);44;24
(4, 14, 21, 24);45;24
(4, 14, 22, 24);46;24
(4, 14, 23, 24);28;32
(4, 15, 16, 24);20;24
(4, 15, 17, 24);41;49
(4, 15, 18, 24);39;72
(4, 15, 19, 24);337;131
(4, 15, 20, 24);44;69
(4, 15, 21, 24);9;107
(4, 15, 22, 24);37;35
(4, 15, 23, 24);19;36
(4, 16, 17, 24);20;62
(4, 16, 18, 24);34;34
(4, 16, 19, 24);35;33
(4, 16, 20, 24);36;24
(4, 16, 21, 24);37;24
(4, 16, 22, 24);38;24
(4, 16, 23, 24);39;24
(4, 17, 18, 24);7;34
(4, 17, 19, 24);43;106
(4, 17, 20, 24);44;72
(4, 17, 21, 24);113;110
(4, 17, 22, 24);41;109
(4, 17, 23, 24);27;76
(4, 18, 19, 24);43;29
(4, 18, 20, 24);44;24
(4, 18, 21, 24);14;74
(4, 18, 22, 24);78;24
(4, 18, 23, 24);41;60
(4, 19, 20, 24);44;24
(4, 19, 21, 24);43;41
(4, 19, 22, 24);43;42
(4, 19, 23, 24);165;24
(4, 20, 21, 24);44;24
(4, 20, 22, 24);44;24
(4, 20, 23, 24);44;24
(4, 21, 22, 24);45;32
(4, 21, 23, 24);45;32
(4, 22, 23, 24);46;32
(5, 6, 7, 24);29;24
(5, 6, 8, 24);29;24
(5, 6, 9, 24);29;24
(5, 6, 10, 24);15;24
(5, 6, 11, 24);16;24
(5, 6, 12, 24);18;24
(5, 6, 13, 24);19;24
(5, 6, 14, 24);10;25
(5, 6, 15, 24);30;24
(5, 6, 16, 24);10;71
(5, 6, 17, 24);41;24
(5, 6, 18, 24);42;24
(5, 6, 19, 24);149;32
(5, 6, 20, 24);11;72
(5, 6, 21, 24);29;55
(5, 6, 22, 24);29;40
(5, 6, 23, 24);29;24
(5, 7, 8, 24);29;24
(5, 7, 9, 24);29;24
(5, 7, 10, 24);15;24
(5, 7, 11, 24);16;24
(5, 7, 12, 24);17;24
(5, 7, 13, 24);20;77
(5, 7, 14, 24);31;25
(5, 7, 15, 24);31;24
(5, 7, 16, 24);31;59
(5, 7, 17, 24);31;73
(5, 7, 18, 24);25;174
(5, 7, 19, 24);43;34
(5, 7, 20, 24);29;34
(5, 7, 21, 24);29;34
(5, 7, 22, 24);29;24
(5, 7, 23, 24);29;24
(5, 8, 9, 24);29;24
(5, 8, 10, 24);15;24
(5, 8, 11, 24);16;24
(5, 8, 12, 24);17;24
(5, 8, 13, 24);18;24
(5, 8, 14, 24);19;56
(5, 8, 15, 24);39;62
(5, 8, 16, 24);32;24
(5, 8, 17, 24);41;82
(5, 8, 18, 24);42;45
(5, 8, 19, 24);43;34
(5, 8, 20, 24);29;34
(5, 8, 21, 24);29;24
(5, 8, 22, 24);29;24
(5, 8, 23, 24);29;24
(5, 9, 10, 24);15;24
(5, 9, 11, 24);16;24
(5, 9, 12, 24);17;24
(5, 9, 13, 24);18;24
(5, 9, 14, 24);19;24
(5, 9, 15, 24);120;24
(5, 9, 16, 24);29;92
(5, 9, 17, 24);7;41
(5, 9, 18, 24);14;42
(5, 9, 19, 24);43;24
(5, 9, 20, 24);29;24
(5, 9, 21, 24);29;24
(5, 9, 22, 24);29;24
(5, 9, 23, 24);29;24
(5, 10, 11, 24);16;24
(5, 10, 12, 24);17;24
(5, 10, 13, 24);18;24
(5, 10, 14, 24);19;24
(5, 10, 15, 24);20;25
(5, 10, 16, 24);21;25
(5, 10, 17, 24);29;25
(5, 10, 18, 24);29;25
(5, 10, 19, 24);29;24
(5, 10, 20, 24);15;24
(5, 10, 21, 24);15;24
(5, 10, 22, 24);15;24
(5, 10, 23, 24);15;24
(5, 11, 12, 24);52;51
(5, 11, 13, 24);18;33
(5, 11, 14, 24);19;56
(5, 11, 15, 24);13;52
(5, 11, 16, 24);21;55
(5, 11, 17, 24);29;48
(5, 11, 18, 24);29;24
(5, 11, 19, 24);103;25
(5, 11, 20, 24);60;128
(5, 11, 21, 24);16;48
(5, 11, 22, 24);62;216
(5, 11, 23, 24);47;113
(5, 12, 13, 24);36;24
(5, 12, 14, 24);36;24
(5, 12, 15, 24);9;55
(5, 12, 16, 24);28;54
(5, 12, 17, 24);29;24
(5, 12, 18, 24);29;72
(5, 12, 19, 24);179;25
(5, 12, 20, 24);61;143
(5, 12, 21, 24);62;123
(5, 12, 22, 24);36;104
(5, 12, 23, 24);36;87
(5, 13, 14, 24);37;24
(5, 13, 15, 24);28;24
(5, 13, 16, 24);29;24
(5, 13, 17, 24);30;59
(5, 13, 18, 24);165;24
(5, 13, 19, 24);43;103
(5, 13, 20, 24);29;55
(5, 13, 21, 24);45;24
(5, 13, 22, 24);46;51
(5, 13, 23, 24);37;70
(5, 14, 15, 24);29;24
(5, 14, 16, 24);10;35
(5, 14, 17, 24);41;35
(5, 14, 18, 24);32;115
(5, 14, 19, 24);185;24
(5, 14, 20, 24);19;95
(5, 14, 21, 24);35;111
(5, 14, 22, 24);46;24
(5, 14, 23, 24);47;24
(5, 15, 16, 24);40;24
(5, 15, 17, 24);41;24
(5, 15, 18, 24);39;42
(5, 15, 19, 24);39;24
(5, 15, 20, 24);39;24
(5, 15, 21, 24);39;42
(5, 15, 22, 24);37;75
(5, 15, 23, 24);38;29
(5, 16, 17, 24);41;24
(5, 16, 18, 24);42;40
(5, 16, 19, 24);39;24
(5, 16, 20, 24);39;24
(5, 16, 21, 24);39;24
(5, 16, 22, 24);38;36
(5, 16, 23, 24);39;24
(5, 17, 18, 24);35;86
(5, 17, 19, 24);39;24
(5, 17, 20, 24);39;24
(5, 17, 21, 24);39;24
(5, 17, 22, 24);39;24
(5, 17, 23, 24);40;24
(5, 18, 19, 24);39;24
(5, 18, 20, 24);39;24
(5, 18, 21, 24);39;24
(5, 18, 22, 24);39;24
(5, 18, 23, 24);39;24
(5, 19, 20, 24);39;24
(5, 19, 21, 24);39;24
(5, 19, 22, 24);39;24
(5, 19, 23, 24);39;24
(5, 20, 21, 24);81;218
(5, 20, 22, 24);25;79
(5, 20, 23, 24);72;103
(5, 21, 22, 24);72;172
(5, 21, 23, 24);29;158
(5, 22, 23, 24);46;28
(6, 7, 8, 24);30;24
(6, 7, 9, 24);15;24
(6, 7, 10, 24);16;24
(6, 7, 11, 24);17;24
(6, 7, 12, 24);18;24
(6, 7, 13, 24);20;37
(6, 7, 14, 24);31;37
(6, 7, 15, 24);31;24
(6, 7, 16, 24);31;38
(6, 7, 17, 24);364;245
(6, 7, 18, 24);42;24
(6, 7, 19, 24);43;24
(6, 7, 20, 24);44;36
(6, 7, 21, 24);15;36
(6, 7, 22, 24);30;36
(6, 7, 23, 24);30;24
(6, 8, 9, 24);15;24
(6, 8, 10, 24);16;24
(6, 8, 11, 24);17;24
(6, 8, 12, 24);18;24
(6, 8, 13, 24);37;24
(6, 8, 14, 24);32;26
(6, 8, 15, 24);30;55
(6, 8, 16, 24);32;24
(6, 8, 17, 24);23;82
(6, 8, 18, 24);42;24
(6, 8, 19, 24);43;24
(6, 8, 20, 24);44;24
(6, 8, 21, 24);15;36
(6, 8, 22, 24);30;24
(6, 8, 23, 24);30;24
(6, 9, 10, 24);16;24
(6, 9, 11, 24);17;24
(6, 9, 12, 24);18;24
(6, 9, 13, 24);37;24
(6, 9, 14, 24);5;53
(6, 9, 15, 24);51;39
(6, 9, 16, 24);22;110
(6, 9, 17, 24);15;34
(6, 9, 18, 24);42;24
(6, 9, 19, 24);43;24
(6, 9, 20, 24);44;24
(6, 9, 21, 24);15;24
(6, 9, 22, 24);15;24
(6, 9, 23, 24);15;24
(6, 10, 11, 24);17;24
(6, 10, 12, 24);18;24
(6, 10, 13, 24);37;24
(6, 10, 14, 24);38;24
(6, 10, 15, 24);34;102
(6, 10, 16, 24);26;80
(6, 10, 17, 24);34;128
(6, 10, 18, 24);14;26
(6, 10, 19, 24);29;26
(6, 10, 20, 24);30;24
(6, 10, 21, 24);31;24
(6, 10, 22, 24);16;24
(6, 10, 23, 24);16;24
(6, 11, 12, 24);18;24
(6, 11, 13, 24);37;24
(6, 11, 14, 24);55;139
(6, 11, 15, 24);30;39
(6, 11, 16, 24);22;55
(6, 11, 17, 24);7;167
(6, 11, 18, 24);29;25
(6, 11, 19, 24);30;24
(6, 11, 20, 24);31;24
(6, 11, 21, 24);32;24
(6, 11, 22, 24);33;24
(6, 11, 23, 24);17;24
(6, 12, 13, 24);18;25
(6, 12, 14, 24);18;26
(6, 12, 15, 24);9;27
(6, 12, 16, 24);28;26
(6, 12, 17, 24);29;25
(6, 12, 18, 24);30;24
(6, 12, 19, 24);31;24
(6, 12, 20, 24);32;24
(6, 12, 21, 24);33;24
(6, 12, 22, 24);34;24
(6, 12, 23, 24);35;24
(6, 13, 14, 24);19;24
(6, 13, 15, 24);19;27
(6, 13, 16, 24);29;57
(6, 13, 17, 24);30;24
(6, 13, 18, 24);31;60
(6, 13, 19, 24);127;154
(6, 13, 20, 24);26;74
(6, 13, 21, 24);15;61
(6, 13, 22, 24);65;88
(6, 13, 23, 24);19;36
(6, 14, 15, 24);10;47
(6, 14, 16, 24);30;24
(6, 14, 17, 24);41;59
(6, 14, 18, 24);42;30
(6, 14, 19, 24);38;105
(6, 14, 20, 24);34;64
(6, 14, 21, 24);38;121
(6, 14, 22, 24);28;30
(6, 14, 23, 24);29;30
(6, 15, 16, 24);10;62
(6, 15, 17, 24);41;31
(6, 15, 18, 24);42;24
(6, 15, 19, 24);30;75
(6, 15, 20, 24);26;91
(6, 15, 21, 24);69;24
(6, 15, 22, 24);30;100
(6, 15, 23, 24);29;54
(6, 16, 17, 24);41;31
(6, 16, 18, 24);42;24
(6, 16, 19, 24);5;85
(6, 16, 20, 24);40;24
(6, 16, 21, 24);5;143
(6, 16, 22, 24);110;24
(6, 16, 23, 24);39;46
(6, 17, 18, 24);42;24
(6, 17, 19, 24);41;37
(6, 17, 20, 24);41;38
(6, 17, 21, 24);41;39
(6, 17, 22, 24);41;40
(6, 17, 23, 24);235;24
(6, 18, 19, 24);42;24
(6, 18, 20, 24);42;24
(6, 18, 21, 24);42;24
(6, 18, 22, 24);42;24
(6, 18, 23, 24);42;24
(6, 19, 20, 24);43;36
(6, 19, 21, 24);43;36
(6, 19, 22, 24);43;36
(6, 19, 23, 24);43;36
(6, 20, 21, 24);44;36
(6, 20, 22, 24);44;36
(6, 20, 23, 24);44;36
(6, 21, 22, 24);15;36
(6, 21, 23, 24);15;36
(6, 22, 23, 24);30;36
(7, 8, 9, 24);16;24
(7, 8, 10, 24);17;24
(7, 8, 11, 24);35;24
(7, 8, 12, 24);36;24
(7, 8, 13, 24);31;68
(7, 8, 14, 24);21;43
(7, 8, 15, 24);32;29
(7, 8, 16, 24);32;24
(7, 8, 17, 24);31;60
(7, 8, 18, 24);31;41
(7, 8, 19, 24);43;24
(7, 8, 20, 24);44;24
(7, 8, 21, 24);45;24
(7, 8, 22, 24);46;24
(7, 8, 23, 24);31;24
(7, 9, 10, 24);17;24
(7, 9, 11, 24);35;24
(7, 9, 12, 24);36;24
(7, 9, 13, 24);37;24
(7, 9, 14, 24);16;43
(7, 9, 15, 24);33;154
(7, 9, 16, 24);25;168
(7, 9, 17, 24);278;61
(7, 9, 18, 24);16;68
(7, 9, 19, 24);43;38
(7, 9, 20, 24);44;45
(7, 9, 21, 24);15;29
(7, 9, 22, 24);31;24
(7, 9, 23, 24);16;24
(7, 10, 11, 24);35;24
(7, 10, 12, 24);36;24
(7, 10, 13, 24);37;24
(7, 10, 14, 24);142;32
(7, 10, 15, 24);17;76
(7, 10, 16, 24);40;68
(7, 10, 17, 24);31;24
(7, 10, 18, 24);14;93
(7, 10, 19, 24);87;31
(7, 10, 20, 24);90;31
(7, 10, 21, 24);31;24
(7, 10, 22, 24);32;24
(7, 10, 23, 24);33;24
(7, 11, 12, 24);36;24
(7, 11, 13, 24);37;24
(7, 11, 14, 24);18;109
(7, 11, 15, 24);22;35
(7, 11, 16, 24);40;94
(7, 11, 17, 24);31;24
(7, 11, 18, 24);31;24
(7, 11, 19, 24);30;115
(7, 11, 20, 24);31;24
(7, 11, 21, 24);32;24
(7, 11, 22, 24);33;24
(7, 11, 23, 24);34;24
(7, 12, 13, 24);56;44
(7, 12, 14, 24);19;35
(7, 12, 15, 24);36;159
(7, 12, 16, 24);28;148
(7, 12, 17, 24);31;24
(7, 12, 18, 24);31;24
(7, 12, 19, 24);31;24
(7, 12, 20, 24);32;24
(7, 12, 21, 24);33;24
(7, 12, 22, 24);34;24
(7, 12, 23, 24);35;24
(7, 13, 14, 24);10;35
(7, 13, 15, 24);20;29
(7, 13, 16, 24);60;85
(7, 13, 17, 24);31;24
(7, 13, 18, 24);31;24
(7, 13, 19, 24);31;24
(7, 13, 20, 24);31;24
(7, 13, 21, 24);34;68
(7, 13, 22, 24);66;218
(7, 13, 23, 24);31;77
(7, 14, 15, 24);31;57
(7, 14, 16, 24);31;88
(7, 14, 17, 24);31;24
(7, 14, 18, 24);31;24
(7, 14, 19, 24);31;24
(7, 14, 20, 24);31;24
(7, 14, 21, 24);31;24
(7, 14, 22, 24);67;160
(7, 14, 23, 24);68;96
(7, 15, 16, 24);31;24
(7, 15, 17, 24);31;96
(7, 15, 18, 24);64;213
(7, 15, 19, 24);34;119
(7, 15, 20, 24);22;89
(7, 15, 21, 24);39;95
(7, 15, 22, 24);37;142
(7, 15, 23, 24);30;31
(7, 16, 17, 24);223;66
(7, 16, 18, 24);34;73
(7, 16, 19, 24);35;102
(7, 16, 20, 24);40;108
(7, 16, 21, 24);45;121
(7, 16, 22, 24);46;207
(7, 16, 23, 24);239;24
(7, 17, 18, 24);315;126
(7, 17, 19, 24);107;200
(7, 17, 20, 24);154;39
(7, 17, 21, 24);157;110
(7, 17, 22, 24);74;28
(7, 17, 23, 24);75;28
(7, 18, 19, 24);37;88
(7, 18, 20, 24);42;24
(7, 18, 21, 24);42;24
(7, 18, 22, 24);42;24
(7, 18, 23, 24);31;132
(7, 19, 20, 24);43;41
(7, 19, 21, 24);43;84
(7, 19, 22, 24);43;24
(7, 19, 23, 24);43;24
(7, 20, 21, 24);44;42
(7, 20, 22, 24);44;24
(7, 20, 23, 24);44;24
(7, 21, 22, 24);45;24
(7, 21, 23, 24);45;24
(7, 22, 23, 24);46;38
(8, 9, 10, 24);34;24
(8, 9, 11, 24);35;24
(8, 9, 12, 24);36;24
(8, 9, 13, 24);11;113
(8, 9, 14, 24);33;61
(8, 9, 15, 24);33;66
(8, 9, 16, 24);32;24
(8, 9, 17, 24);32;24
(8, 9, 18, 24);27;126
(8, 9, 19, 24);33;123
(8, 9, 20, 24);44;30
(8, 9, 21, 24);15;31
(8, 9, 22, 24);31;31
(8, 9, 23, 24);32;24
(8, 10, 11, 24);35;24
(8, 10, 12, 24);36;24
(8, 10, 13, 24);37;24
(8, 10, 14, 24);38;52
(8, 10, 15, 24);25;93
(8, 10, 16, 24);32;24
(8, 10, 17, 24);32;24
(8, 10, 18, 24);32;24
(8, 10, 19, 24);61;171
(8, 10, 20, 24);30;30
(8, 10, 21, 24);31;57
(8, 10, 22, 24);32;24
(8, 10, 23, 24);33;32
(8, 11, 12, 24);36;24
(8, 11, 13, 24);37;24
(8, 11, 14, 24);38;38
(8, 11, 15, 24);13;113
(8, 11, 16, 24);32;24
(8, 11, 17, 24);32;24
(8, 11, 18, 24);32;24
(8, 11, 19, 24);32;24
(8, 11, 20, 24);31;89
(8, 11, 21, 24);32;24
(8, 11, 22, 24);33;64
(8, 11, 23, 24);34;32
(8, 12, 13, 24);36;62
(8, 12, 14, 24);26;62
(8, 12, 15, 24);9;123
(8, 12, 16, 24);32;24
(8, 12, 17, 24);32;24
(8, 12, 18, 24);32;24
(8, 12, 19, 24);32;24
(8, 12, 20, 24);32;24
(8, 12, 21, 24);33;32
(8, 12, 22, 24);34;32
(8, 12, 23, 24);35;32
(8, 13, 14, 24);27;37
(8, 13, 15, 24);37;102
(8, 13, 16, 24);32;24
(8, 13, 17, 24);32;24
(8, 13, 18, 24);32;24
(8, 13, 19, 24);32;24
(8, 13, 20, 24);32;24
(8, 13, 21, 24);32;24
(8, 13, 22, 24);67;99
(8, 13, 23, 24);47;105
(8, 14, 15, 24);29;67
(8, 14, 16, 24);32;24
(8, 14, 17, 24);32;24
(8, 14, 18, 24);32;24
(8, 14, 19, 24);32;24
(8, 14, 20, 24);32;24
(8, 14, 21, 24);32;24
(8, 14, 22, 24);32;24
(8, 14, 23, 24);37;142
(8, 15, 16, 24);32;24
(8, 15, 17, 24);32;24
(8, 15, 18, 24);32;24
(8, 15, 19, 24);32;24
(8, 15, 20, 24);32;24
(8, 15, 21, 24);32;24
(8, 15, 22, 24);32;24
(8, 15, 23, 24);32;24
(8, 16, 17, 24);32;24
(8, 16, 18, 24);32;24
(8, 16, 19, 24);32;24
(8, 16, 20, 24);32;24
(8, 16, 21, 24);32;24
(8, 16, 22, 24);32;24
(8, 16, 23, 24);32;24
(8, 17, 18, 24);35;70
(8, 17, 19, 24);43;115
(8, 17, 20, 24);37;142
(8, 17, 21, 24);45;117
(8, 17, 22, 24);39;140
(8, 17, 23, 24);47;113
(8, 18, 19, 24);37;37
(8, 18, 20, 24);38;108
(8, 18, 21, 24);42;39
(8, 18, 22, 24);46;40
(8, 18, 23, 24);47;82
(8, 19, 20, 24);44;82
(8, 19, 21, 24);43;24
(8, 19, 22, 24);43;24
(8, 19, 23, 24);42;120
(8, 20, 21, 24);44;24
(8, 20, 22, 24);44;24
(8, 20, 23, 24);44;24
(8, 21, 22, 24);45;24
(8, 21, 23, 24);45;24
(8, 22, 23, 24);46;24
(9, 10, 11, 24);35;24
(9, 10, 12, 24);36;24
(9, 10, 13, 24);37;45
(9, 10, 14, 24);38;137
(9, 10, 15, 24);33;24
(9, 10, 16, 24);33;24
(9, 10, 17, 24);33;24
(9, 10, 18, 24);33;24
(9, 10, 19, 24);33;24
(9, 10, 20, 24);30;178
(9, 10, 21, 24);31;32
(9, 10, 22, 24);32;32
(9, 10, 23, 24);33;24
(9, 11, 12, 24);36;24
(9, 11, 13, 24);37;24
(9, 11, 14, 24);5;114
(9, 11, 15, 24);33;24
(9, 11, 16, 24);33;24
(9, 11, 17, 24);33;24
(9, 11, 18, 24);33;24
(9, 11, 19, 24);33;24
(9, 11, 20, 24);33;24
(9, 11, 21, 24);32;61
(9, 11, 22, 24);33;24
(9, 11, 23, 24);34;24
(9, 12, 13, 24);58;190
(9, 12, 14, 24);36;100
(9, 12, 15, 24);33;24
(9, 12, 16, 24);33;24
(9, 12, 17, 24);33;24
(9, 12, 18, 24);33;24
(9, 12, 19, 24);33;24
(9, 12, 20, 24);33;24
(9, 12, 21, 24);33;24
(9, 12, 22, 24);34;24
(9, 12, 23, 24);35;24
(9, 13, 14, 24);11;96
(9, 13, 15, 24);33;24
(9, 13, 16, 24);33;24
(9, 13, 17, 24);33;24
(9, 13, 18, 24);33;24
(9, 13, 19, 24);33;24
(9, 13, 20, 24);33;24
(9, 13, 21, 24);33;24
(9, 13, 22, 24);33;24
(9, 13, 23, 24);69;29
(9, 14, 15, 24);33;24
(9, 14, 16, 24);33;24
(9, 14, 17, 24);33;24
(9, 14, 18, 24);33;24
(9, 14, 19, 24);33;24
(9, 14, 20, 24);33;24
(9, 14, 21, 24);33;24
(9, 14, 22, 24);33;24
(9, 14, 23, 24);33;24
(9, 15, 16, 24);33;24
(9, 15, 17, 24);33;24
(9, 15, 18, 24);33;24
(9, 15, 19, 24);33;24
(9, 15, 20, 24);33;24
(9, 15, 21, 24);33;24
(9, 15, 22, 24);33;24
(9, 15, 23, 24);33;24
(9, 16, 17, 24);33;24
(9, 16, 18, 24);33;24
(9, 16, 19, 24);33;24
(9, 16, 20, 24);33;24
(9, 16, 21, 24);33;24
(9, 16, 22, 24);33;24
(9, 16, 23, 24);33;24
(9, 17, 18, 24);33;24
(9, 17, 19, 24);33;24
(9, 17, 20, 24);33;24
(9, 17, 21, 24);33;24
(9, 17, 22, 24);33;24
(9, 17, 23, 24);33;24
(9, 18, 19, 24);33;24
(9, 18, 20, 24);33;24
(9, 18, 21, 24);33;24
(9, 18, 22, 24);33;24
(9, 18, 23, 24);33;24
(9, 19, 20, 24);72;121
(9, 19, 21, 24);5;139
(9, 19, 22, 24);46;146
(9, 19, 23, 24);142;24
(9, 20, 21, 24);74;105
(9, 20, 22, 24);44;42
(9, 20, 23, 24);47;115
(9, 21, 22, 24);15;33
(9, 21, 23, 24);15;33
(9, 22, 23, 24);31;33
(10, 11, 12, 24);36;24
(10, 11, 13, 24);37;32
(10, 11, 14, 24);34;24
(10, 11, 15, 24);34;24
(10, 11, 16, 24);34;24
(10, 11, 17, 24);34;24
(10, 11, 18, 24);34;24
(10, 11, 19, 24);34;24
(10, 11, 20, 24);34;24
(10, 11, 21, 24);34;24
(10, 11, 22, 24);33;33
(10, 11, 23, 24);34;24
(10, 12, 13, 24);25;143
(10, 12, 14, 24);34;24
(10, 12, 15, 24);34;24
(10, 12, 16, 24);34;24
(10, 12, 17, 24);34;24
(10, 12, 18, 24);34;24
(10, 12, 19, 24);34;24
(10, 12, 20, 24);34;24
(10, 12, 21, 24);34;24
(10, 12, 22, 24);34;24
(10, 12, 23, 24);35;24
(10, 13, 14, 24);34;24
(10, 13, 15, 24);34;24
(10, 13, 16, 24);34;24
(10, 13, 17, 24);34;24
(10, 13, 18, 24);34;24
(10, 13, 19, 24);34;24
(10, 13, 20, 24);34;24
(10, 13, 21, 24);34;24
(10, 13, 22, 24);34;24
(10, 13, 23, 24);34;24
(10, 14, 15, 24);34;24
(10, 14, 16, 24);34;24
(10, 14, 17, 24);34;24
(10, 14, 18, 24);34;24
(10, 14, 19, 24);34;24
(10, 14, 20, 24);34;24
(10, 14, 21, 24);34;24
(10, 14, 22, 24);34;24
(10, 14, 23, 24);34;24
(10, 15, 16, 24);34;24
(10, 15, 17, 24);34;24
(10, 15, 18, 24);34;24
(10, 15, 19, 24);34;24
(10, 15, 20, 24);34;24
(10, 15, 21, 24);34;24
(10, 15, 22, 24);34;24
(10, 15, 23, 24);34;24
(10, 16, 17, 24);34;24
(10, 16, 18, 24);34;24
(10, 16, 19, 24);34;24
(10, 16, 20, 24);34;24
(10, 16, 21, 24);34;24
(10, 16, 22, 24);34;24
(10, 16, 23, 24);34;24
(10, 17, 18, 24);34;24
(10, 17, 19, 24);34;24
(10, 17, 20, 24);34;24
(10, 17, 21, 24);34;24
(10, 17, 22, 24);34;24
(10, 17, 23, 24);34;24
(10, 18, 19, 24);34;24
(10, 18, 20, 24);34;24
(10, 18, 21, 24);34;24
(10, 18, 22, 24);34;24
(10, 18, 23, 24);34;24
(10, 19, 20, 24);34;24
(10, 19, 21, 24);34;24
(10, 19, 22, 24);34;24
(10, 19, 23, 24);34;24
(10, 20, 21, 24);34;24
(10, 20, 22, 24);34;24
(10, 20, 23, 24);34;24
(10, 21, 22, 24);77;110
(10, 21, 23, 24);31;77
(10, 22, 23, 24);32;34
(11, 12, 13, 24);35;24
(11, 12, 14, 24);35;24
(11, 12, 15, 24);35;24
(11, 12, 16, 24);35;24
(11, 12, 17, 24);35;24
(11, 12, 18, 24);35;24
(11, 12, 19, 24);35;24
(11, 12, 20, 24);35;24
(11, 12, 21, 24);35;24
(11, 12, 22, 24);35;24
(11, 12, 23, 24);35;24
(11, 13, 14, 24);35;24
(11, 13, 15, 24);35;24
(11, 13, 16, 24);35;24
(11, 13, 17, 24);35;24
(11, 13, 18, 24);35;24
(11, 13, 19, 24);35;24
(11, 13, 20, 24);35;24
(11, 13, 21, 24);35;24
(11, 13, 22, 24);35;24
(11, 13, 23, 24);35;24
(11, 14, 15, 24);35;24
(11, 14, 16, 24);35;24
(11, 14, 17, 24);35;24
(11, 14, 18, 24);35;24
(11, 14, 19, 24);35;24
(11, 14, 20, 24);35;24
(11, 14, 21, 24);35;24
(11, 14, 22, 24);35;24
(11, 14, 23, 24);35;24
(11, 15, 16, 24);35;24
(11, 15, 17, 24);35;24
(11, 15, 18, 24);35;24
(11, 15, 19, 24);35;24
(11, 15, 20, 24);35;24
(11, 15, 21, 24);35;24
(11, 15, 22, 24);35;24
(11, 15, 23, 24);35;24
(11, 16, 17, 24);35;24
(11, 16, 18, 24);35;24
(11, 16, 19, 24);35;24
(11, 16, 20, 24);35;24
(11, 16, 21, 24);35;24
(11, 16, 22, 24);35;24
(11, 16, 23, 24);35;24
(11, 17, 18, 24);35;24
(11, 17, 19, 24);35;24
(11, 17, 20, 24);35;24
(11, 17, 21, 24);35;24
(11, 17, 22, 24);35;24
(11, 17, 23, 24);35;24
(11, 18, 19, 24);35;24
(11, 18, 20, 24);35;24
(11, 18, 21, 24);35;24
(11, 18, 22, 24);35;24
(11, 18, 23, 24);35;24
(11, 19, 20, 24);35;24
(11, 19, 21, 24);35;24
(11, 19, 22, 24);35;24
(11, 19, 23, 24);35;24
(11, 20, 21, 24);35;24
(11, 20, 22, 24);35;24
(11, 20, 23, 24);35;24
(11, 21, 22, 24);35;24
(11, 21, 23, 24);35;24
(11, 22, 23, 24);35;24
(12, 13, 14, 24);36;24
(12, 13, 15, 24);36;24
(12, 13, 16, 24);36;24
(12, 13, 17, 24);36;24
(12, 13, 18, 24);36;24
(12, 13, 19, 24);36;24
(12, 13, 20, 24);36;24
(12, 13, 21, 24);36;24
(12, 13, 22, 24);36;24
(12, 13, 23, 24);36;24
(12, 14, 15, 24);36;24
(12, 14, 16, 24);36;24
(12, 14, 17, 24);36;24
(12, 14, 18, 24);36;24
(12, 14, 19, 24);36;24
(12, 14, 20, 24);36;24
(12, 14, 21, 24);36;24
(12, 14, 22, 24);36;24
(12, 14, 23, 24);36;24
(12, 15, 16, 24);36;24
(12, 15, 17, 24);36;24
(12, 15, 18, 24);36;24
(12, 15, 19, 24);36;24
(12, 15, 20, 24);36;24
(12, 15, 21, 24);36;24
(12, 15, 22, 24);36;24
(12, 15, 23, 24);36;24
(12, 16, 17, 24);36;24
(12, 16, 18, 24);36;24
(12, 16, 19, 24);36;24
(12, 16, 20, 24);36;24
(12, 16, 21, 24);36;24
(12, 16, 22, 24);36;24
(12, 16, 23, 24);36;24
(12, 17, 18, 24);36;24
(12, 17, 19, 24);36;24
(12, 17, 20, 24);36;24
(12, 17, 21, 24);36;24
(12, 17, 22, 24);36;24
(12, 17, 23, 24);36;24
(12, 18, 19, 24);36;24
(12, 18, 20, 24);36;24
(12, 18, 21, 24);36;24
(12, 18, 22, 24);36;24
(12, 18, 23, 24);36;24
(12, 19, 20, 24);36;24
(12, 19, 21, 24);36;24
(12, 19, 22, 24);36;24
(12, 19, 23, 24);36;24
(12, 20, 21, 24);36;24
(12, 20, 22, 24);36;24
(12, 20, 23, 24);36;24
(12, 21, 22, 24);36;24
(12, 21, 23, 24);36;24
(12, 22, 23, 24);36;24
(13, 14, 15, 24);37;24
(13, 14, 16, 24);37;24
(13, 14, 17, 24);37;24
(13, 14, 18, 24);37;24
(13, 14, 19, 24);37;24
(13, 14, 20, 24);37;24
(13, 14, 21, 24);37;24
(13, 14, 22, 24);37;24
(13, 14, 23, 24);37;24
(13, 15, 16, 24);37;24
(13, 15, 17, 24);37;24
(13, 15, 18, 24);37;24
(13, 15, 19, 24);37;24
(13, 15, 20, 24);37;24
(13, 15, 21, 24);37;24
(13, 15, 22, 24);37;24
(13, 15, 23, 24);37;24
(13, 16, 17, 24);37;24
(13, 16, 18, 24);37;24
(13, 16, 19, 24);37;24
(13, 16, 20, 24);37;24
(13, 16, 21, 24);37;24
(13, 16, 22, 24);37;24
(13, 16, 23, 24);37;24
(13, 17, 18, 24);37;24
(13, 17, 19, 24);37;24
(13, 17, 20, 24);37;24
(13, 17, 21, 24);37;24
(13, 17, 22, 24);37;24
(13, 17, 23, 24);37;24
(13, 18, 19, 24);37;24
(13, 18, 20, 24);37;24
(13, 18, 21, 24);37;24
(13, 18, 22, 24);37;24
(13, 18, 23, 24);37;24
(13, 19, 20, 24);37;24
(13, 19, 21, 24);37;24
(13, 19, 22, 24);37;24
(13, 19, 23, 24);37;24
(13, 20, 21, 24);37;24
(13, 20, 22, 24);37;24
(13, 20, 23, 24);37;24
(13, 21, 22, 24);37;24
(13, 21, 23, 24);37;24
(13, 22, 23, 24);37;24
(14, 15, 16, 24);38;24
(14, 15, 17, 24);38;24
(14, 15, 18, 24);38;24
(14, 15, 19, 24);38;24
(14, 15, 20, 24);38;24
(14, 15, 21, 24);38;24
(14, 15, 22, 24);38;24
(14, 15, 23, 24);38;24
(14, 16, 17, 24);38;24
(14, 16, 18, 24);38;24
(14, 16, 19, 24);38;24
(14, 16, 20, 24);38;24
(14, 16, 21, 24);38;24
(14, 16, 22, 24);38;24
(14, 16, 23, 24);38;24
(14, 17, 18, 24);38;24
(14, 17, 19, 24);38;24
(14, 17, 20, 24);38;24
(14, 17, 21, 24);38;24
(14, 17, 22, 24);38;24
(14, 17, 23, 24);38;24
(14, 18, 19, 24);38;24
(14, 18, 20, 24);38;24
(14, 18, 21, 24);38;24
(14, 18, 22, 24);38;24
(14, 18, 23, 24);38;24
(14, 19, 20, 24);38;24
(14, 19, 21, 24);38;24
(14, 19, 22, 24);38;24
(14, 19, 23, 24);38;24
(14, 20, 21, 24);38;24
(14, 20, 22, 24);38;24
(14, 20, 23, 24);38;24
(14, 21, 22, 24);38;24
(14, 21, 23, 24);38;24
(14, 22, 23, 24);38;24
(15, 16, 17, 24);39;24
(15, 16, 18, 24);39;24
(15, 16, 19, 24);39;24
(15, 16, 20, 24);39;24
(15, 16, 21, 24);39;24
(15, 16, 22, 24);39;24
(15, 16, 23, 24);39;24
(15, 17, 18, 24);39;24
(15, 17, 19, 24);39;24
(15, 17, 20, 24);39;24
(15, 17, 21, 24);39;24
(15, 17, 22, 24);39;24
(15, 17, 23, 24);39;24
(15, 18, 19, 24);39;24
(15, 18, 20, 24);39;24
(15, 18, 21, 24);39;24
(15, 18, 22, 24);39;24
(15, 18, 23, 24);39;24
(15, 19, 20, 24);39;24
(15, 19, 21, 24);39;24
(15, 19, 22, 24);39;24
(15, 19, 23, 24);39;24
(15, 20, 21, 24);39;24
(15, 20, 22, 24);39;24
(15, 20, 23, 24);39;24
(15, 21, 22, 24);39;24
(15, 21, 23, 24);39;24
(15, 22, 23, 24);39;24
(16, 17, 18, 24);40;24
(16, 17, 19, 24);40;24
(16, 17, 20, 24);40;24
(16, 17, 21, 24);40;24
(16, 17, 22, 24);40;24
(16, 17, 23, 24);40;24
(16, 18, 19, 24);40;24
(16, 18, 20, 24);40;24
(16, 18, 21, 24);40;24
(16, 18, 22, 24);40;24
(16, 18, 23, 24);40;24
(16, 19, 20, 24);40;24
(16, 19, 21, 24);40;24
(16, 19, 22, 24);40;24
(16, 19, 23, 24);40;24
(16, 20, 21, 24);40;24
(16, 20, 22, 24);40;24
(16, 20, 23, 24);40;24
(16, 21, 22, 24);40;24
(16, 21, 23, 24);40;24
(16, 22, 23, 24);40;24
(17, 18, 19, 24);41;24
(17, 18, 20, 24);41;24
(17, 18, 21, 24);41;24
(17, 18, 22, 24);41;24
(17, 18, 23, 24);41;24
(17, 19, 20, 24);41;24
(17, 19, 21, 24);41;24
(17, 19, 22, 24);41;24
(17, 19, 23, 24);41;24
(17, 20, 21, 24);41;24
(17, 20, 22, 24);41;24
(17, 20, 23, 24);41;24
(17, 21, 22, 24);41;24
(17, 21, 23, 24);41;24
(17, 22, 23, 24);41;24
(18, 19, 20, 24);42;24
(18, 19, 21, 24);42;24
(18, 19, 22, 24);42;24
(18, 19, 23, 24);42;24
(18, 20, 21, 24);42;24
(18, 20, 22, 24);42;24
(18, 20, 23, 24);42;24
(18, 21, 22, 24);42;24
(18, 21, 23, 24);42;24
(18, 22, 23, 24);42;24
(19, 20, 21, 24);43;24
(19, 20, 22, 24);43;24
(19, 20, 23, 24);43;24
(19, 21, 22, 24);43;24
(19, 21, 23, 24);43;24
(19, 22, 23, 24);43;24
(20, 21, 22, 24);44;24
(20, 21, 23, 24);44;24
(20, 22, 23, 24);44;24
(21, 22, 23, 24);45;24
